# Created by Octave 3.6.2, Thu May 16 01:17:54 2013 CEST <alex@desktop>
# name: trainStats
# type: matrix
# rows: 51
# columns: 10
 11.10159264218785 10 6 0 0 0 100 7 7 0
 10.74276292101467 15 11 0 51 47 100 7 7 0
 13.23011616930633 23 17 1 26 47 61 79 40 531
 10.99643568813889 39 33 1 29 8 50 89 39 2624
 10.70028111930904 164 157 1 24 47 53 91 44 17086
 10.97732915357903 73 65 1 24 53 73 90 63 4477
 11.06391620969555 98 77 1 30 44 91 59 50 59
 10.99941092692083 201 201 1 29 19 83 69 51 134
 10.92596909808203 66 56 1 24 14 80 71 51 652
 10.74572233404373 170 134 1 21 22 66 94 60 43784
 10.79909157011241 201 201 1 17 11 67 83 50 573
 11.10007154455197 201 201 1 16 31 66 90 56 810
 10.99898170299611 201 201 1 20 19 60 96 56 1702
 10.99400762217573 201 201 1 16 44 46 91 37 286
 10.85937677996798 201 201 1 29 19 66 86 51 315
 10.80529136199715 201 201 1 17 19 80 66 46 190
 10.8649436848486 201 28 1 39 28 73 91 64 5504
 10.86358018240436 201 33 1 14 42 63 81 44 2475
 10.82485417909269 201 153 1 31 33 81 73 54 217
 10.7810098747756 201 201 1 20 19 90 57 47 75
 10.75566548477172 201 78 1 27 28 66 89 54 60461653
 10.76904876612965 201 201 1 9 25 76 73 49 1482
 10.76145214384742 201 201 1 20 39 94 53 47 73
 10.87615316754069 201 201 1 43 8 100 61 61 0
 10.6622637198665 201 201 1 3 11 84 77 61 153
 10.72613847898762 201 201 1 26 42 74 79 53 18373
 10.70902871620725 201 45 1 23 17 66 89 54 13081
 10.6168456972148 201 201 1 29 8 67 84 51 1899
 10.51263944096958 201 201 1 34 14 100 49 49 0
 10.85291419734547 201 201 1 31 67 100 51 51 0
 10.63120579717663 201 77 1 34 17 94 53 47 73
 10.66381773445829 201 44 1 26 19 76 71 47 667
 10.64407737474091 201 201 1 19 0 90 63 53 11502
 10.56006453523479 201 57 1 23 25 94 69 63 452
 10.62065510143401 201 201 1 31 19 93 63 56 65
 10.61418397724701 201 40 1 27 36 94 51 46 91
 10.46314688334523 201 201 1 34 36 90 73 63 6
 10.47517435531311 201 201 1 39 25 100 46 46 1
 10.60225208765893 201 201 1 21 33 87 63 50 190
 10.27960801155045 201 201 1 29 19 87 66 53 75
 10.4592402441504 201 201 1 23 22 81 60 41 405
 10.44984827655457 201 201 1 21 31 91 66 57 147
 10.39801107996422 201 201 1 30 31 94 61 56 139
 10.33617742328977 201 55 1 23 3 81 71 53 563
 10.37750144937371 201 201 1 33 22 99 61 60 4
 10.39405294110204 201 201 1 16 6 86 84 70 62
 10.35760926780812 201 201 1 6 6 94 61 56 21
 10.37849789459427 201 201 1 17 3 89 66 54 26
 10.30500021231939 201 201 1 29 25 89 56 44 30
 10.3886267450311 201 201 1 30 11 96 54 50 6
 10.09220860936993 201 0 0 0 0 0 0 0 0


# name: timeElapsed
# type: scalar
5777.24334192276


# name: evaluation
# type: matrix
# rows: 1
# columns: 3
 0.675 0.7272727272727273 0.6956521739130435


# name: contractionConstant
# type: scalar
0.6


# name: minStateDiff
# type: scalar
1e-07


# name: minErrorAccDiff
# type: scalar
1e-07


