# Created by Octave 3.6.2, Wed May 15 21:52:06 2013 CEST <alex@desktop>
# name: trainStats
# type: matrix
# rows: 51
# columns: 10
 11.1015926421871 11 8 0 0 0 100 7 7 0
 10.74276292107557 16 13 0 51 47 100 7 7 0
 13.23011616518913 26 21 1 30 47 94 51 46 54
 10.8885614123689 152 124 0 24 8 100 7 7 0
 11.0584200891947 48 37 0 24 33 100 7 7 0
 10.75010172267747 40 33 1 21 19 94 54 49 8
 10.49972552975566 47 40 0 16 58 100 7 7 0
 10.36967063049233 43 37 1 16 19 97 60 57 7
 10.2417592989069 91 80 1 16 39 93 57 50 219
 9.799288948307634 68 53 1 31 14 54 97 51 96
 9.681065555163176 201 201 1 11 31 60 99 59 1003
 9.21026550599815 201 144 1 26 14 56 99 54 123
 10.09769100571146 201 201 1 37 31 74 79 53 22
 10.20365049008653 201 201 1 16 22 50 93 43 348
 10.42079782157713 201 201 1 16 42 70 87 57 768
 10.58708784820142 100 85 1 24 28 69 90 59 1303
 10.54747521478026 103 83 1 17 8 66 79 44 303
 10.49178447231141 114 97 0 40 11 100 7 7 0
 10.28713394239633 45 46 1 30 28 73 77 50 1160
 10.18880049367908 35 27 1 14 8 64 93 57 1767
 10.10177785344207 67 52 1 19 47 61 93 54 4362
 10.06962427151947 157 116 1 14 17 40 99 39 1573
 10.00623168845385 201 201 0 40 25 100 7 7 0
 9.722943610602297 201 55 1 14 3 69 70 39 299
 9.630062368627154 201 194 1 29 44 41 97 39 13280
 9.689042167607651 201 201 1 33 8 86 59 44 488
 9.372007488493095 201 201 1 16 19 53 99 51 911
 9.290869654664267 201 201 1 26 22 84 67 51 64
 9.111739660930837 201 201 1 30 31 86 77 63 17
 9.310460648669993 201 201 1 40 39 89 69 57 4923
 9.098523769703812 201 123 1 23 33 70 91 61 326
 9.237494413084642 201 201 1 30 36 71 79 50 539
 9.43513305826041 201 77 1 24 11 86 61 47 34
 9.01966252517329 201 201 1 19 28 83 67 50 14
 8.835139243291646 201 201 1 30 17 93 57 50 5
 8.835363496255269 201 122 1 21 22 69 70 39 109
 8.806549908578088 201 59 1 19 36 71 83 54 68
 8.849262658242573 201 201 1 19 14 61 80 41 961
 9.005011445716844 201 32 1 13 53 67 76 43 219
 8.977338880217582 201 201 1 26 19 90 67 57 1837
 8.948001052959221 201 92 1 9 22 63 76 39 74
 8.937791882453302 92 71 1 30 3 54 86 40 1069
 8.961080688796354 201 99 1 10 11 61 71 33 471
 8.884435842497929 143 122 1 17 0 44 90 34 258
 9.004415840699158 201 31 1 11 17 57 81 39 332
 9.009921196137205 39 36 1 7 11 54 89 43 1520
 9.106036633774567 59 52 1 14 14 73 80 53 1773
 9.119350414082165 97 112 1 6 3 71 76 47 342
 9.141912151486824 201 201 1 31 11 90 60 50 52
 9.191371186254372 201 193 1 14 6 73 81 54 240
 9.256828617383722 201 0 0 0 0 0 0 0 0


# name: timeElapsed
# type: scalar
4233.367640972137


# name: evaluation
# type: matrix
# rows: 1
# columns: 3
 0.7583333333333333 0.9166666666666666 0.6376811594202898


# name: contractionConstant
# type: scalar
0.9


# name: minStateDiff
# type: scalar
1e-08


# name: minErrorAccDiff
# type: scalar
1e-08


