# Created by Octave 3.6.2, Wed May 15 19:44:02 2013 CEST <alex@desktop>
# name: trainStats
# type: matrix
# rows: 51
# columns: 10
 11.10159264218773 12 8 0 0 0 100 7 7 0
 10.74276292110441 17 13 0 51 47 100 7 7 0
 13.23011616518571 26 21 0 31 47 100 7 7 0
 10.98422697152807 161 141 0 23 25 100 7 7 0
 10.78943102959457 201 201 0 26 3 100 7 7 0
 10.40062285581612 201 201 0 23 22 100 7 7 0
 10.45568179925452 201 109 0 24 42 100 7 7 0
 10.95292619322065 201 201 0 26 44 100 7 7 0
 9.851738224933252 201 201 0 24 3 100 7 7 0
 9.996351266302037 201 201 0 16 19 100 7 7 0
 9.894202084038758 201 159 0 19 36 100 7 7 0
 9.901736356396588 201 201 0 34 31 100 7 7 0
 9.888289000008696 201 201 1 37 36 99 54 53 4
 9.925429229712405 118 78 0 26 47 100 7 7 0
 9.769586547583554 201 201 1 30 25 99 54 53 15
 9.742818230193215 201 201 1 34 33 76 80 56 15
 9.786664582672415 201 201 1 21 25 96 63 59 2
 9.762868906353511 201 201 1 29 19 99 57 56 24
 9.568328272696254 201 201 1 30 11 99 49 47 4
 9.34478886982259 201 201 1 36 14 99 60 59 2
 9.259966154003255 201 201 1 4 6 99 64 63 5
 9.128257761557926 201 201 1 7 8 100 57 57 1
 9.010197140397265 201 201 1 7 0 97 59 56 9
 8.889485308551869 201 201 1 19 8 97 54 51 197
 8.773674870640377 201 201 1 21 6 99 63 61 5
 8.703838778693962 201 201 1 9 14 97 61 59 4
 8.784882285829909 201 201 1 13 44 100 66 66 1
 8.848219697260641 201 201 0 54 33 100 7 7 0
 8.723201399896066 201 201 1 19 25 100 49 49 0
 8.598566690801677 201 201 1 53 28 100 64 64 0
 9.034989089961664 201 150 0 7 36 100 7 7 0
 9.090804618631696 64 51 0 7 11 100 7 7 0
 9.040555261346372 75 45 0 7 25 100 7 7 0
 8.98157883163851 49 44 0 1 8 100 7 7 0
 9.265514728138758 201 123 0 23 14 100 7 7 0
 9.652577275932556 201 201 0 29 17 100 7 7 0
 9.543333604374416 201 201 0 23 19 100 7 7 0
 9.408235793957489 201 201 0 27 14 100 7 7 0
 9.123531688268589 201 162 0 23 3 100 7 7 0
 8.922176605112728 201 201 0 29 36 100 7 7 0
 9.050044061999374 201 201 1 10 39 96 56 51 3
 9.126165153976075 168 119 1 34 0 73 76 49 27
 9.437218917066078 201 201 1 16 19 63 86 49 250
 10.14867988281199 151 134 1 14 11 63 77 40 1262
 10.90157539570962 76 72 1 19 3 64 77 41 185
 10.76949874812195 163 201 1 36 28 81 60 41 31
 10.75101801318683 178 100 1 16 14 56 94 50 311
 10.06585051177013 135 201 1 40 31 70 81 51 2410
 10.21966457824148 78 90 1 6 6 67 89 56 660
 9.969882171662336 172 147 1 23 14 66 90 56 366
 9.502640612714393 64 0 0 0 0 0 0 0 0


# name: timeElapsed
# type: scalar
4711.498208045959


# name: evaluation
# type: matrix
# rows: 1
# columns: 3
 0.725 0.8333333333333334 0.6521739130434783


# name: contractionConstant
# type: scalar
1.2


# name: minStateDiff
# type: scalar
1e-08


# name: minErrorAccDiff
# type: scalar
1e-08


