# Created by Octave 3.6.2, Wed May 15 22:36:51 2013 CEST <alex@desktop>
# name: trainStats
# type: matrix
# rows: 51
# columns: 10
 11.10159264218369 10 6 0 0 0 100 7 7 0
 10.74276292110166 14 11 0 51 47 100 7 7 0
 13.23011617028987 23 17 1 30 47 94 51 46 54
 10.88856141213827 135 107 0 24 8 100 7 7 0
 11.05842008955432 42 31 0 24 33 100 7 7 0
 10.75010172280577 34 28 1 21 19 94 54 49 8
 10.4997255303131 42 33 0 16 58 100 7 7 0
 10.36967063037387 36 32 1 16 19 97 60 57 7
 10.24175929967662 91 69 1 16 39 93 57 50 219
 9.79928894898087 60 46 1 31 14 54 97 51 96
 9.842710733710069 201 201 1 11 31 61 99 60 403
 9.126858990298548 201 123 1 26 17 60 99 59 209
 10.91451674209351 127 62 1 34 39 100 49 49 1
 9.93684682336713 201 201 1 29 14 60 93 53 12813
 9.524613406633517 201 201 1 19 11 81 73 54 641
 9.69111434360191 201 201 1 30 25 86 67 53 173
 11.0693130444343 201 201 1 17 61 60 99 59 1067
 11.78632692402868 201 201 1 40 6 90 57 47 44
 10.61676511338374 201 201 1 29 25 80 77 57 670
 11.06518203199049 97 78 1 26 22 77 86 63 739
 10.61391351630461 201 201 1 10 17 66 97 63 63521
 10.36331726717903 201 201 1 13 14 70 94 64 185
 9.714895205718042 201 201 1 10 14 69 93 61 494
 9.842419479260634 97 54 1 30 64 80 70 50 135
 9.630414093912712 146 113 0 23 25 100 7 7 0
 9.760156744630109 201 201 1 13 3 90 70 60 268
 10.19594746797153 115 74 1 14 56 84 86 70 940
 10.48723901148285 33 20 1 23 14 73 99 71 7539
 10.50498130054567 201 201 1 37 14 54 97 51 478349
 10.31331239310921 27 15 1 19 56 73 99 71 28837
 10.35422465177642 24 19 1 21 11 70 97 67 87670
 10.25496052926885 100 133 1 23 28 59 97 56 25895
 10.37828181075349 21 12 1 41 19 67 94 61 361705
 10.29289848647372 29 21 1 6 28 59 94 53 962865
 10.18819602190256 22 15 1 9 6 69 93 61 1038532
 10.00165468360535 27 22 1 23 28 76 81 57 3074763
 9.788627505025328 26 20 1 19 0 79 76 54 20162599
 9.595765684007885 18 13 1 21 28 70 69 39 1929521
 9.878555191577071 24 19 1 17 17 90 57 47 2991637
 9.88198547977299 20 14 1 16 6 84 77 61 176831331
 10.12873040713233 19 13 1 10 25 77 73 50 113080372
 10.29492962688624 20 16 1 41 3 66 80 46 96867849
 10.14119819691122 24 19 1 7 31 71 79 50 3543721
 10.0512170728539 24 17 1 26 17 60 81 41 819530
 10.0918606975763 23 17 1 10 17 53 89 41 242927
 10.13340845884964 20 15 1 9 8 60 84 44 2224050
 10.04456259450954 20 15 1 13 25 64 86 50 3260919
 9.980068856821013 22 16 1 19 17 73 83 56 8554788
 10.06851475418917 23 17 1 16 44 83 81 64 32334378
 10.00808750275076 38 24 1 30 33 80 69 49 19652017
 9.979013582675323 22 0 0 0 0 0 0 0 0


# name: timeElapsed
# type: scalar
2685.267099142075


# name: evaluation
# type: matrix
# rows: 1
# columns: 3
 0.7583333333333333 0.9347826086956522 0.6231884057971014


# name: contractionConstant
# type: scalar
0.9


# name: minStateDiff
# type: scalar
1e-07


# name: minErrorAccDiff
# type: scalar
1e-07


