# Created by Octave 3.6.2, Wed May 15 23:41:37 2013 CEST <alex@desktop>
# name: trainStats
# type: matrix
# rows: 51
# columns: 10
 11.10159264218926 11 8 0 0 0 100 7 7 0
 10.74276292109771 17 13 0 51 47 100 7 7 0
 13.23011616509155 27 21 1 26 47 61 79 40 531
 10.99643568818146 44 39 1 29 8 50 89 39 2624
 10.70028111623924 200 184 1 24 47 53 91 44 17087
 10.97732915460576 77 75 1 24 53 73 90 63 4477
 11.06391620985252 122 90 1 30 44 91 59 50 61
 11.11578757617106 201 201 1 33 19 83 67 50 1704
 10.99153289002723 83 73 1 26 17 94 59 53 3
 10.89230372808779 156 61 1 34 39 97 51 49 14
 10.90753467392292 87 77 1 23 11 86 71 57 264
 10.80587687769967 60 39 1 13 42 74 86 60 3506
 10.69532285180382 52 50 1 19 14 59 94 53 5189
 10.67926021777937 127 83 1 7 11 63 91 54 662
 10.6403734669743 86 69 1 9 31 59 93 51 4260
 10.58657439768472 49 43 1 20 19 54 97 51 1009
 10.56593965170702 148 114 1 24 19 53 89 41 996
 10.59654559879056 56 43 1 26 36 46 94 40 1230
 10.69148813766393 201 201 1 27 17 81 79 60 810
 10.82347199033168 201 201 1 19 50 63 94 57 3658
 10.74168905009815 201 34 1 16 31 59 91 50 2757
 10.75981097193325 23 9 1 40 58 76 87 63 4624
 10.76513786745414 37 8 1 10 22 84 80 64 67754
 10.80973592140481 11 6 1 49 19 89 57 46 1738
 10.84951322923652 18 11 1 9 78 60 91 51 41950
 10.82336818691838 18 10 1 24 19 59 83 41 52997
 10.82010855858279 15 10 1 29 78 81 74 56 6928
 10.8200026733522 20 13 1 6 6 73 81 54 22650
 10.83001250833106 27 17 1 26 6 59 89 47 15703
 10.84036343414118 32 22 1 10 0 71 77 49 9235
 10.84214830265571 201 201 1 24 0 90 67 57 60
 10.82169594770903 201 123 1 39 25 60 100 60 2603
 10.82736808658581 201 56 1 13 69 67 81 49 5720
 10.84034842715802 201 114 1 24 0 53 90 43 17038
 10.97368370771021 201 201 1 33 25 61 89 50 83284
 10.80447563156564 201 201 1 31 14 84 66 50 535
 10.81951481205344 201 201 1 36 22 83 76 59 118
 10.79893858405263 201 201 1 20 6 83 89 71 345
 10.74912473357372 201 201 1 21 22 83 64 47 48
 10.91136797897114 201 31 1 36 33 53 97 50 2547
 10.74848456428399 201 201 1 11 47 56 89 44 31322
 10.81980672282796 201 201 1 44 11 93 47 40 326
 10.85566875349216 201 201 1 11 14 77 69 46 13285
 10.84187588620374 201 201 1 24 0 61 93 54 151555
 10.82821377387154 201 201 1 20 6 86 66 51 891
 10.82580964557171 201 201 1 6 11 73 90 63 28184
 10.81279803425283 201 201 1 20 22 90 73 63 970
 10.81587502987908 201 201 1 21 3 90 60 50 634
 10.81083746625724 201 201 1 26 6 79 69 47 872021
 10.79180342937643 201 201 1 27 6 64 91 56 14523
 10.78127477698049 201 0 0 0 0 0 0 0 0


# name: timeElapsed
# type: scalar
3885.729201078415


# name: evaluation
# type: matrix
# rows: 1
# columns: 3
 0.5166666666666667 0.569620253164557 0.6521739130434783


# name: contractionConstant
# type: scalar
0.6


# name: minStateDiff
# type: scalar
1e-08


# name: minErrorAccDiff
# type: scalar
1e-08


