# Created by Octave 3.6.2, Wed May 15 20:41:32 2013 CEST <alex@desktop>
# name: trainStats
# type: matrix
# rows: 51
# columns: 10
 11.10159264217923 10 6 0 0 0 100 7 7 0
 10.74276292115181 15 11 0 51 47 100 7 7 0
 13.2301161698347 23 17 0 31 47 100 7 7 0
 10.98422697168058 139 119 0 23 25 100 7 7 0
 10.77552243539768 201 201 0 29 14 100 7 7 0
 10.58659339415654 201 201 0 27 25 100 7 7 0
 10.60345304502283 57 49 0 13 69 100 7 7 0
 10.41640730499123 147 106 0 24 8 100 7 7 0
 10.38820852842377 93 59 1 13 53 89 60 49 29
 10.28329234106073 46 34 1 17 17 69 80 49 562
 10.12050299622874 32 17 0 36 25 100 7 7 0
 9.902240765736247 37 25 1 21 11 50 93 43 171
 9.591121418344818 31 22 1 23 0 53 97 50 622
 9.121476746668144 27 18 1 16 22 46 100 46 14093
 9.122113026480712 36 27 1 14 8 61 94 56 2704
 8.957939467092165 41 38 1 9 33 57 97 54 6339
 8.741421637074316 43 38 1 19 6 57 99 56 7438
 8.66425596284955 117 43 1 3 19 46 97 43 558
 8.971652379861107 201 142 1 23 31 57 99 56 3134
 10.91952543679449 201 151 1 13 22 81 89 70 1067
 12.55859939579058 39 32 0 47 22 100 7 7 0
 12.1884793905696 99 40 1 20 36 64 91 56 2785
 11.50701304078319 72 201 1 9 3 70 87 57 285
 11.09983534164943 32 24 0 49 17 100 7 7 0
 10.99644065643631 24 16 0 14 39 100 7 7 0
 11.14234695843237 31 15 0 40 14 100 7 7 0
 10.9746176504372 45 159 1 39 31 47 94 41 667
 10.86758213606028 88 16 1 24 31 86 70 56 5
 10.792844551562 78 97 1 34 31 46 99 44 1236
 10.76612103606054 177 110 1 20 11 50 97 47 192471
 10.69918026560039 201 63 1 13 31 49 94 43 26661
 10.81222941334151 201 56 1 7 33 54 93 47 4522
 10.69526154701042 110 95 1 9 28 54 96 50 1609
 10.68828027430215 201 57 1 3 36 57 96 53 3853
 10.84119558919304 84 30 1 43 17 84 67 51 207
 10.87896073625973 201 59 1 6 36 40 100 40 6575
 10.86596051678074 201 201 1 24 11 50 91 41 3153
 10.91141736635221 201 38 1 27 22 67 86 53 1328
 10.64232621007985 201 72 1 19 31 49 96 44 960
 10.44594158371762 201 201 1 34 8 79 74 53 1080
 10.82655048749117 201 201 1 10 50 44 94 39 1050
 10.81896783112175 201 201 1 9 8 66 93 59 1604
 10.70048025103157 201 133 1 13 17 44 97 41 2550
 10.71557016626184 201 201 1 30 39 77 69 46 1240
 10.8764633384578 201 201 1 37 19 81 73 54 5163
 10.76238865633937 201 201 1 26 25 79 63 41 2847
 10.68617327298851 201 201 1 21 19 53 99 51 87667
 10.8200539590984 22 9 0 29 8 100 7 7 0
 10.69530578358053 201 201 1 14 17 87 61 49 20912
 10.73644383051458 201 201 1 61 25 79 69 47 155377
 10.70213172405128 35 0 0 0 0 0 0 0 0


# name: timeElapsed
# type: scalar
3450.057546854019


# name: evaluation
# type: matrix
# rows: 1
# columns: 3
 0.7916666666666666 0.9782608695652174 0.6521739130434783


# name: contractionConstant
# type: scalar
1.2


# name: minStateDiff
# type: scalar
1e-07


# name: minErrorAccDiff
# type: scalar
1e-07


