# Created by Octave 3.6.4, Tue Dec 03 15:58:41 2013 CET <alex@vostro-1520>
# name: train
# type: matrix
# rows: 100
# columns: 2
 -1.683010301447892 -0.7659686769394406
 -1.648965389460964 -0.4147970665323375
 -1.614920472097101 -0.1396801205407253
 -1.563853104116708 0.4059830272532657
 -1.546830648123244 0.4910703047026654
 -1.427673434661256 1.088366189696585
 -1.410650973290857 1.169572876097078
 -1.393628511920458 1.130908110494237
 -1.342561181578609 0.987797091129881
 -1.32553872020821 0.874141923789142
 -1.291493797467412 0.7358973107305912
 -1.274471336097013 0.5773920158112685
 -1.257448874726614 0.4584211698832797
 -1.240426413356216 0.2871836991616928
 -1.206381490615418 -0.001634869480174955
 -1.189359029245019 -0.05757339154495672
 -1.17233656787462 -0.22635363562181
 -1.036156930680776 -0.9315563391347603
 -1.019134469310377 -0.9910798863357914
 -1.002112007939978 -0.9835214883466585
 -0.9850896003389269 -0.8550380680545412
 -0.9510446775981292 -0.8496711540110289
 -0.9340222162277302 -0.782181537860801
 -0.9169997548573312 -0.5740410151083909
 -0.8999772934869323 -0.4478290379583895
 -0.8829548321165334 -0.3644487477969851
 -0.8659323707461346 -0.1647034596570532
 -0.7467751949226896 0.9665724460442537
 -0.7127302721818919 1.254148486154671
 -0.6957078108114929 1.361611007508986
 -0.678685349441094 1.31731817546459
 -0.6446404267002961 1.556939175367974
 -0.6105955039594984 1.729176891933659
 -0.5935730425890995 1.658158200095263
 -0.5595281736176492 1.559097716344533
 -0.5254832508768514 1.458707144756599
 -0.5084607895064523 1.428908806796806
 -0.4914383281360536 1.245707004946075
 -0.4573934053952556 0.9504914119728052
 -0.4233484826544578 0.5249116808929697
 -0.4063260750534065 0.3980385079809521
 -0.3893035599136601 0.2102520948338613
 -0.3382362295718109 -0.3399919397906513
 -0.2701463840902153 -1.016006911590132
 -0.2361014613494173 -1.312904492577003
 -0.2020565386086197 -1.534094732767125
 -0.1850341310075682 -1.520481713922268
 -0.1680116696371692 -1.706677202932688
 -0.1169442855259726 -1.477342036972607
 -0.08289936278517465 -1.463958670615451
 -0.06587690141477566 -1.451011355373182
 -0.01480951730357907 -0.9594264482896817
 0.00221289029747208 -0.8549541782409608
 0.0703027895484155 -0.2590372251860589
 0.1383925812606636 0.5268479908266726
 0.1554149888617148 0.6608751617008568
 0.1724375040014612 0.7606101723274905
 0.1894598578331653 0.8935396565354471
 0.2745722184545073 1.262539529025153
 0.325639495027009 1.104222106607738
 0.3426620639361029 0.963173012002793
 0.3767069866769009 0.8343345305485118
 0.410751855648351 0.6244237733059282
 0.4277744245574453 0.5211125883031938
 0.444796778389149 0.3457450835254139
 0.4958642162696931 -0.03657544411250872
 0.5128866238707446 -0.1622185812585639
 0.6320438534635368 -0.9208060326914969
 0.6490662610645883 -0.9159304320401341
 0.6660887762043347 -0.928481538331599
 0.6831111300360384 -0.9511706268929566
 0.7341786216859303 -0.8116163349705245
 0.7852458982584319 -0.6114155487815282
 0.8022684133981784 -0.3874467608717204
 0.8192907672298821 -0.3437083932177373
 0.870358258879774 0.1410748558693169
 0.8873806127114777 0.4080268107030562
 0.9214255354522757 0.6232502229812859
 0.9384480505920222 0.8409414031046123
 0.9724929733328201 1.147517578925476
 1.006537896073618 1.360981146736315
 1.091650202925612 1.616023771593261
 1.159740048407208 1.512915576850452
 1.244852247720508 0.9592289263702141
 1.261874762860254 0.6819622351885258
 1.295919685601052 0.3312819244301559
 1.329964608341849 -0.03666703023926149
 1.346986962173553 -0.2845131075169298
 1.398054400054098 -0.7698780329588287
 1.449121676626599 -1.2777287378549
 1.466144245535694 -1.426252096002586
 1.483166599367397 -1.489710795615549
 1.534234037247941 -1.571603264749962
 1.551256444848992 -1.559682459020492
 1.585301313820443 -1.519386322406575
 1.602323882729537 -1.431032207396944
 1.636368751700987 -1.320427226400631
 1.670413674441785 -1.079447368192193
 1.687436082042836 -0.8717281828530948
 1.704458597182583 -0.7940085997471465


# name: test
# type: matrix
# rows: 100
# columns: 2
 -1.665987845454428 -0.6570744214403775
 -1.631942928090565 -0.2586471045687113
 -1.597898016103636 0.06731083414862454
 -1.580875560110172 0.2251804135998986
 -1.52980819212978 0.7736598210481206
 -1.51278574151325 0.8419280429664943
 -1.495763280142852 0.9282208929007003
 -1.478740818772453 1.000759331722338
 -1.461718357402054 1.150274233382869
 -1.444695896031655 1.138108011467111
 -1.376606104319407 1.096514386399642
 -1.359583642949008 1.058984964423908
 -1.308516258837811 0.8504683393388579
 -1.223403951985817 0.174667160124576
 -1.155314160273568 -0.384719943371287
 -1.13829169890317 -0.5137477541296116
 -1.121269237532771 -0.5483734533492755
 -1.104246776162372 -0.7169775480583931
 -1.087224314791973 -0.8811316894648362
 -1.070201853421574 -0.8356774700192933
 -1.053179392051175 -0.9359283535231467
 -0.9680671389685279 -0.8871270074788833
 -0.8489099093757355 -0.09422874598237287
 -0.8318874480053365 0.09962604518023825
 -0.8148649866349378 0.213688512408799
 -0.7978425252645388 0.4187719633651775
 -0.7808200638941399 0.643295820375719
 -0.7637976562930886 0.8057773605219485
 -0.7297527335522906 1.06001544578404
 -0.6616628880706951 1.536611975371926
 -0.6276179653298973 1.607752571313608
 -0.5765506349880481 1.62172261662917
 -0.5425057122472502 1.562572052005262
 -0.4744158667656546 1.104544252287673
 -0.4403709440248568 0.7704345160921875
 -0.372281098543261 0.04971498698041492
 -0.3552586909422099 -0.2370698996227015
 -0.3212137682014119 -0.5743186183758398
 -0.3041913068310129 -0.6883994605521
 -0.2871688454606143 -0.920848994611099
 -0.2531239227198163 -1.179774568887202
 -0.2190789999790184 -1.430252089852996
 -0.1509892082667702 -1.548934447727764
 -0.1339667468963716 -1.51098310286918
 -0.09992182415557364 -1.575901793090967
 -0.04885444004437705 -1.246171759350992
 -0.03183197867397806 -1.051497012603374
 0.01923535166787107 -0.7362422307907286
 0.03625786680761752 -0.4619642928822498
 0.05328022063932121 -0.2994810210655565
 0.08732514338011919 0.03208563336307194
 0.1043477122892135 0.1673581364256488
 0.1213700661209172 0.410491142694058
 0.2064824267422592 1.02102619812048
 0.2235047805739629 1.082489779721053
 0.2405273494830572 1.097767785973449
 0.2575497033147608 1.172527023447845
 0.2915946260555585 1.134072394681445
 0.3086171411953053 1.118127420432153
 0.3596845790758494 0.9605848518302121
 0.3937295018166473 0.7240837448791304
 0.4618193472982429 0.1817058783101522
 0.4788417011299466 0.08581525857368055
 0.5299091390104911 -0.263201342914873
 0.5469314928421948 -0.4468955988613126
 0.563954061751289 -0.6275676225722422
 0.5809764155829927 -0.6821854298097902
 0.5979989844920867 -0.805370694370542
 0.6150213383237904 -0.8024178801311648
 0.7001336989451328 -1.009121377523522
 0.7171560527768364 -0.9311260877415847
 0.751200975517634 -0.7265268173442552
 0.7682234906573808 -0.7307987246877334
 0.8363133361389764 -0.1197317715605933
 0.8533356899706801 0.002456449372077463
 0.9044031278512246 0.4902194497946127
 0.9554704044237259 0.9446570568513944
 0.9895153271645238 1.278740405687431
 1.023560249905322 1.555955284189368
 1.040582765045068 1.541793930517803
 1.057605333954162 1.556029636071981
 1.074627687785866 1.716329133999643
 1.108672610526664 1.667928119931097
 1.12569512566641 1.536866915745765
 1.142717533267462 1.601632627999832
 1.176762402238912 1.4051612827664
 1.193784971148006 1.362480690897479
 1.21080732497971 1.119570479151997
 1.227829893888804 0.9630216969884551
 1.278897170461305 0.5007577640402229
 1.312942039432756 0.199697123567599
 1.3640094773133 -0.459851022719245
 1.381031884914351 -0.6140913094901118
 1.415076807655149 -1.051139443267721
 1.432099322794896 -1.158833482915945
 1.500189168276492 -1.501919869503578
 1.517211522108195 -1.569691143229087
 1.568278959988739 -1.55788853088048
 1.619346236561241 -1.45475995465118
 1.653391159302039 -1.188112261189641


