# Created by Octave 3.6.2, Sun May 12 13:01:43 2013 CEST <alex@desktop>
# name: trainStats
# type: matrix
# rows: 21
# columns: 8
 11.04157840923915 4 1 0 100 7 7 0
 10.89445300601661 15 4 0 100 7 7 0
 11.19056245165129 201 2 0 100 7 7 0
 11.42198951622012 201 1 0 100 7 7 0
 11.01980905730086 201 2 0 100 7 7 0
 11.01000102071842 201 1 0 100 7 7 0
 10.73577356839295 201 7 0 100 7 7 0
 11.08446074104977 201 31 0 100 7 7 0
 10.97982664937462 201 1 0 100 7 7 0
 10.81698707318385 201 2 1 63 89 51 3643
 10.90734246133718 201 2 0 100 7 7 0
 10.82276292484855 201 2 1 57 96 53 885
 10.82112295924411 201 2 1 74 99 73 4529
 10.80431021102797 201 1 1 66 90 56 929
 10.79430504764817 201 2 1 49 93 41 69892
 10.81206500884788 201 2 1 100 40 40 1
 10.8045765000763 201 1 0 100 7 7 0
 10.76782248480822 201 2 1 64 97 61 5076
 10.79427992098194 201 3 1 83 84 67 49
 10.80028015534352 201 6 1 73 80 53 17897
 10.75875896646091 201 0 0 0 0 0 0


# name: timeElapsed
# type: scalar
2088.329877853394


# name: evaluation
# type: matrix
# rows: 1
# columns: 3
 0.575 0.575 1


# name: contractionConstant
# type: scalar
0.5


# name: minStateDiff
# type: scalar
0.01


# name: minErrorAccDiff
# type: scalar
0.01


