# Created by Octave 3.6.2, Sun May 12 08:20:34 2013 CEST <alex@desktop>
# name: trainStats
# type: matrix
# rows: 21
# columns: 8
 11.04157830165799 4 1 1 49 94 43 7017
 10.84556551326302 7 3 1 53 99 51 8201
 11.88848173070624 11 3 1 70 83 53 3473
 10.91636544120551 34 10 1 54 96 50 1360
 11.88175298666764 13 2 1 71 91 63 100
 10.83092866838296 201 4 1 49 96 44 448
 10.82323313297421 201 3 1 56 99 54 3130
 10.88839070510766 201 201 1 94 57 51 130
 11.02392132872877 201 3 1 79 63 41 41
 10.75941532654433 201 8 1 71 80 51 511
 11.10929766874163 201 201 1 99 44 43 0
 10.71695247788415 201 201 1 100 54 54 0
 11.23831142007955 201 7 1 60 93 53 1328
 10.96217007483741 201 9 1 61 84 46 494
 10.7495166106962 201 3 1 54 91 46 4263
 10.90783523000678 201 201 1 96 60 56 64
 10.70354047038566 201 4 1 69 91 60 21132
 10.87164547562414 201 201 1 59 97 56 2472
 10.85125783450744 201 201 1 91 60 51 135
 10.8922211568646 201 201 1 93 63 56 35
 10.80901579690714 201 0 0 0 0 0 0


# name: timeElapsed
# type: scalar
1950.768012046814


# name: evaluation
# type: matrix
# rows: 1
# columns: 3
 0.5666666666666667 0.5794392523364486 0.8985507246376812


# name: contractionConstant
# type: scalar
0.01


# name: minStateDiff
# type: scalar
0.01


# name: minErrorAccDiff
# type: scalar
0.01


