# Created by Octave 3.6.2, Sun May 12 13:34:30 2013 CEST <alex@desktop>
# name: trainStats
# type: matrix
# rows: 21
# columns: 8
 11.04158105975949 11 7 0 100 7 7 0
 10.89443678475521 49 36 0 100 7 7 0
 11.12545553579298 201 15 0 100 7 7 0
 11.46409070289367 201 5 0 100 7 7 0
 11.20261655841136 201 11 0 100 7 7 0
 10.99966561751018 201 7 0 100 7 7 0
 10.99923084174353 62 46 0 100 7 7 0
 10.87417290513246 38 27 1 49 100 49 3898
 10.85895549114543 201 201 1 91 60 51 377
 11.06971075165138 201 201 1 97 50 47 7
 10.83860210742904 201 201 1 87 64 51 577
 10.69255102113091 98 83 1 54 97 51 87779
 10.51213406290149 201 201 1 54 94 49 5015
 10.46437413192609 201 201 1 53 89 41 493
 10.01141018376828 201 67 1 57 91 49 1046
 10.59743409322152 201 201 1 93 60 53 55
 10.50837841768486 201 175 1 94 69 63 20
 10.12966719741386 201 120 1 73 69 41 492
 9.931884046619746 201 201 1 89 61 50 1126
 9.691437503577776 201 201 1 79 69 47 1360
 9.527289150081591 201 0 0 0 0 0 0


# name: timeElapsed
# type: scalar
1967.470818042755


# name: evaluation
# type: matrix
# rows: 1
# columns: 3
 0.7 0.7796610169491526 0.6666666666666666


# name: contractionConstant
# type: scalar
0.7


# name: minStateDiff
# type: scalar
1e-08


# name: minErrorAccDiff
# type: scalar
1e-08


