# Created by Octave 3.6.2, Sun May 12 07:48:03 2013 CEST <alex@desktop>
# name: trainStats
# type: matrix
# rows: 21
# columns: 8
 11.04158106746869 7 3 1 49 94 43 7627
 10.84551563801874 11 6 1 53 99 51 8791
 11.88859208662168 21 12 1 70 83 53 3163
 10.91635591971004 57 32 1 54 96 50 1621
 11.88173214373442 17 7 1 71 91 63 97
 11.17598868248793 201 41 1 51 97 49 1059
 10.87247298246539 201 201 1 41 99 40 715
 10.97157520214668 201 201 1 50 100 50 10917
 11.22698482794283 201 201 1 90 66 56 101
 10.83904727070723 201 6 1 43 100 43 2809
 10.85390029446882 201 11 1 53 86 39 174
 10.88202978933421 201 11 1 56 91 47 7908
 10.80647008832947 201 8 1 59 93 51 6202
 10.89487685171128 201 17 1 59 94 53 922
 10.88889455289641 201 11 1 57 100 57 4769
 10.93986693225813 201 49 1 33 99 31 57279
 10.85975662087355 201 201 1 50 91 41 14479
 10.92646329914811 201 201 1 41 100 41 27694
 10.85091812616768 201 201 1 76 74 50 3759
 10.7810247425398 33 10 1 76 99 74 10209
 10.80052402363642 60 0 0 0 0 0 0


# name: timeElapsed
# type: scalar
1757.449307918549


# name: evaluation
# type: matrix
# rows: 1
# columns: 3
 0.575 0.5882352941176471 0.8695652173913043


# name: contractionConstant
# type: scalar
0.01


# name: minStateDiff
# type: scalar
0.0001


# name: minErrorAccDiff
# type: scalar
0.0001


