# Created by Octave 3.6.2, Sun May 12 05:36:08 2013 CEST <alex@desktop>
# name: trainStats
# type: matrix
# rows: 21
# columns: 8
 11.04158115338837 6 3 1 47 96 43 7983
 10.8442505288305 11 6 1 59 97 56 2815
 12.1049098434491 10 6 1 64 96 60 267571
 10.9564101797276 201 201 1 50 100 50 18147
 11.58960790338376 201 26 1 46 86 31 284549
 10.85537190260197 201 201 1 99 47 46 0
 11.26958327762018 115 46 1 53 97 50 44969
 10.8196208492581 201 6 1 47 96 43 1725
 10.89801535608784 201 201 1 94 53 47 10201
 10.8156557957689 201 7 1 64 99 63 15218
 10.84404762270049 201 201 1 99 53 51 0
 10.86059910696198 201 201 1 99 43 41 0
 10.77530544864208 201 4 1 59 97 56 28831
 10.91951406594306 201 5 1 47 96 43 6565
 10.77214378169568 201 6 1 41 94 36 12096
 10.75790964648873 201 18 1 71 99 70 49252
 10.86614589057066 201 8 1 49 100 49 317253
 10.79799022476567 201 13 1 49 100 49 213394
 10.80043441663438 201 9 1 69 96 64 82033
 10.80735472399283 201 6 1 70 100 70 2534
 10.85739310128609 201 0 0 0 0 0 0


# name: timeElapsed
# type: scalar
2113.266130924225


# name: evaluation
# type: matrix
# rows: 1
# columns: 3
 0.575 0.575 1


# name: contractionConstant
# type: scalar
0.001


# name: minStateDiff
# type: scalar
0.0001


# name: minErrorAccDiff
# type: scalar
0.0001


