# Created by Octave 3.6.2, Sun May 12 09:09:44 2013 CEST <alex@desktop>
# name: trainStats
# type: matrix
# rows: 21
# columns: 8
 11.04157752751224 4 1 1 54 84 39 1679
 10.87105696182519 8 2 1 44 97 41 6888
 10.81335899509547 11 3 1 49 96 44 5689
 10.71918505705333 17 6 1 61 83 44 223
 11.27797653428292 9 3 1 79 80 59 2125
 11.44776884187266 10 3 1 59 74 33 3847
 11.44565869174611 15 3 1 63 93 56 762
 10.79746816394684 13 2 1 50 94 44 29472
 10.7523034202798 12 2 1 53 94 47 9486
 10.62220334183792 8 3 1 66 80 46 719
 10.28785786928986 9 3 1 73 90 63 359
 10.36112054300837 9 3 1 66 93 59 101
 10.37189816368916 15 6 1 51 87 39 965
 10.20673785376195 28 13 1 77 71 49 47
 10.12928089850112 12 8 1 67 83 50 113
 10.158266550934 11 7 1 63 89 51 523
 10.36979668545828 16 9 1 63 96 59 348
 10.24742953513515 21 13 1 73 81 54 56
 10.64502099752884 33 29 1 74 71 46 217
 10.4645839148671 31 20 1 70 77 47 598
 10.34322009532826 19 0 0 0 0 0 0


# name: timeElapsed
# type: scalar
396.3542258739471


# name: evaluation
# type: matrix
# rows: 1
# columns: 3
 0.6166666666666667 0.6716417910447762 0.6521739130434783


# name: contractionConstant
# type: scalar
0.1


# name: minStateDiff
# type: scalar
0.01


# name: minErrorAccDiff
# type: scalar
0.01


