# Created by Octave 3.6.2, Sun May 12 09:03:08 2013 CEST <alex@desktop>
# name: trainStats
# type: matrix
# rows: 21
# columns: 8
 11.04158106661373 7 3 1 54 84 39 1825
 10.87112036216542 14 6 1 44 97 41 29452
 10.81329729451602 16 8 1 50 96 46 3739
 10.71942711071387 38 18 1 61 83 44 223
 11.27799225474324 12 6 1 79 80 59 2122
 11.44798032966825 16 9 1 59 74 33 3743
 11.44567323056883 25 10 1 64 91 56 750
 10.80164032934066 26 14 1 56 87 43 41762
 10.76873119250868 21 11 1 60 97 57 4421
 10.5816795424697 12 6 1 71 87 59 1138
 10.4122548336958 12 8 1 63 86 49 619
 10.43323436489494 12 8 1 57 93 50 2127
 10.39416620508196 26 22 1 49 96 44 4708
 10.73012833103841 18 12 1 50 96 46 20669
 10.35493823730652 19 16 1 51 96 47 192
 10.33068019756892 24 20 1 66 87 53 360
 10.535458110463 18 12 1 70 83 53 76
 10.57874950832323 79 65 1 69 89 57 57
 10.90862874932678 33 25 1 50 96 46 3839
 10.9059123184571 80 47 1 64 89 53 60447
 10.645079079015 89 0 0 0 0 0 0


# name: timeElapsed
# type: scalar
540.6300120353699


# name: evaluation
# type: matrix
# rows: 1
# columns: 3
 0.5333333333333333 0.5585585585585585 0.8985507246376812


# name: contractionConstant
# type: scalar
0.1


# name: minStateDiff
# type: scalar
0.0001


# name: minErrorAccDiff
# type: scalar
0.0001


