# Created by Octave 3.6.2, Sun May 12 06:11:21 2013 CEST <alex@desktop>
# name: trainStats
# type: matrix
# rows: 21
# columns: 8
 11.04157909116789 4 1 1 47 96 43 7351
 10.8442908449966 7 3 1 59 97 56 2801
 12.10491071496134 7 2 1 64 96 60 254266
 10.9563189100321 201 201 1 50 100 50 11645
 11.620669091625 201 2 1 51 87 39 337424
 10.80397748114833 201 201 1 99 49 47 0
 11.29585699717216 201 201 1 99 59 57 0
 10.84239045015006 201 2 1 44 96 40 3149693
 10.88871430015431 201 1 1 50 94 44 20041
 10.83026963501053 201 2 1 61 96 57 580786
 10.89116090213679 132 2 1 57 99 56 42555
 10.81105096605174 201 21 1 46 99 44 13300
 10.81717745298354 201 201 1 80 74 54 16722
 10.7973605064889 201 3 1 69 100 69 1558
 10.9174799736164 201 59 1 49 97 46 7700
 10.83151022462005 201 201 1 87 66 53 289
 10.79071194489241 201 7 1 70 97 67 1793
 10.81707852583073 201 6 1 51 97 49 3924
 10.76653977650141 201 201 1 61 86 47 4912
 10.78625657333154 201 20 1 53 100 53 16052
 10.75404976534947 201 0 0 0 0 0 0


# name: timeElapsed
# type: scalar
2113.05331993103


# name: evaluation
# type: matrix
# rows: 1
# columns: 3
 0.575 0.575 1


# name: contractionConstant
# type: scalar
0.001


# name: minStateDiff
# type: scalar
0.01


# name: minErrorAccDiff
# type: scalar
0.01


