# Created by Octave 3.6.2, Sun May 12 06:44:40 2013 CEST <alex@desktop>
# name: trainStats
# type: matrix
# rows: 21
# columns: 8
 11.04158105975761 11 7 1 49 94 43 7629
 10.84551613832934 19 14 1 53 99 51 8794
 11.88859228938463 39 31 1 70 83 53 3165
 10.91635594241702 108 82 1 54 96 50 1624
 11.88173202861449 28 18 1 71 91 63 97
 11.02293213404418 201 94 1 51 97 49 1639
 10.79846324823736 201 201 1 50 91 41 4588
 10.84064326338748 201 73 1 46 99 44 3162
 10.89582440220753 201 201 1 99 61 60 0
 10.77502345198988 141 112 1 50 97 47 6399
 10.7943026271591 201 201 1 99 40 39 0
 11.08373259013722 201 32 1 61 96 57 2754
 10.76317217229456 201 201 1 99 57 56 0
 10.71734408339842 201 82 1 60 100 60 4375
 10.71319479555147 201 201 1 99 46 44 0
 10.69669017367793 201 180 1 76 99 74 10422
 10.81865540112852 201 201 1 96 49 44 82
 10.75935280771283 201 201 1 56 86 41 1590
 10.71004756062552 201 201 1 60 89 49 5753
 10.83135459599012 201 201 1 77 70 47 184
 10.81230978410445 201 0 0 0 0 0 0


# name: timeElapsed
# type: scalar
1999.006432056427


# name: evaluation
# type: matrix
# rows: 1
# columns: 3
 0.5666666666666667 0.5794392523364486 0.8985507246376812


# name: contractionConstant
# type: scalar
0.01


# name: minStateDiff
# type: scalar
1e-08


# name: minErrorAccDiff
# type: scalar
1e-08


