# Created by Octave 3.6.2, Sun May 12 04:24:54 2013 CEST <alex@desktop>
# name: trainStats
# type: matrix
# rows: 21
# columns: 8
 11.04158105976169 11 7 1 47 96 43 7986
 10.84425051269719 19 15 1 59 97 56 2820
 12.10490989641731 19 14 1 64 96 60 267661
 10.95625957283252 201 201 1 50 100 50 9478
 11.62332045030741 201 103 1 49 86 34 159757
 10.80651235194213 201 201 1 99 49 47 0
 11.08847990210081 201 8 1 73 90 63 3356
 10.96771020405768 201 201 1 56 96 51 96647
 10.76019677175042 201 201 1 57 97 54 13373
 10.83805833345046 201 201 1 99 57 56 0
 10.80697996952067 201 201 1 86 59 44 29
 10.81976318054942 101 61 1 64 94 59 829800
 10.82660046120334 201 201 1 56 89 44 92149
 10.77910815006604 201 201 1 56 94 50 11839
 10.74343534368399 201 201 1 67 91 59 72150
 10.69395415841893 201 201 1 57 97 54 571088
 10.67586556231314 56 38 1 57 97 54 51133
 10.57733770419676 201 201 1 56 97 53 6556102
 10.52518753729612 201 201 1 57 99 56 121375
 10.78886167614528 201 201 1 67 93 60 180184
 10.69734357403011 201 0 0 0 0 0 0


# name: timeElapsed
# type: scalar
2044.102928876877


# name: evaluation
# type: matrix
# rows: 1
# columns: 3
 0.5583333333333333 0.5909090909090909 0.7536231884057971


# name: contractionConstant
# type: scalar
0.001


# name: minStateDiff
# type: scalar
1e-08


# name: minErrorAccDiff
# type: scalar
1e-08


