# Created by Octave 3.6.2, Sun May 12 07:18:46 2013 CEST <alex@desktop>
# name: trainStats
# type: matrix
# rows: 21
# columns: 8
 11.04158105970156 9 5 1 49 94 43 7629
 10.84551613940087 15 10 1 53 99 51 8794
 11.88859229602389 30 22 1 70 83 53 3165
 10.91635594231834 87 57 1 54 96 50 1624
 11.88173202735016 24 12 1 71 91 63 97
 10.98117538253667 201 18 1 47 96 43 42590
 10.86238124626329 201 43 1 56 97 53 3945
 11.04735277998025 201 51 1 41 100 41 72274
 10.89497106075935 201 8 1 66 97 63 240
 10.78058130610743 201 201 1 79 63 41 1902
 10.79495442659545 201 109 1 49 99 47 1609
 10.775082697978 201 201 1 99 69 67 0
 10.6879088187799 201 201 1 83 63 46 257
 10.80724885383404 201 17 1 67 89 56 394
 10.80291100013895 201 201 1 87 63 50 2584
 10.73725754367914 201 201 1 86 61 47 117
 10.78200212982125 201 201 1 86 66 51 209
 10.85205220486903 201 201 1 81 57 39 1555
 10.68278600150385 201 124 1 64 94 59 923
 10.74916323546955 201 201 1 89 61 50 205
 10.78767314965729 201 0 0 0 0 0 0


# name: timeElapsed
# type: scalar
2046.06262588501


# name: evaluation
# type: matrix
# rows: 1
# columns: 3
 0.5583333333333333 0.5677966101694916 0.9710144927536232


# name: contractionConstant
# type: scalar
0.01


# name: minStateDiff
# type: scalar
1e-06


# name: minErrorAccDiff
# type: scalar
1e-06


