# Created by Octave 3.6.2, Sun May 12 14:43:14 2013 CEST <alex@desktop>
# name: trainStats
# type: matrix
# rows: 21
# columns: 8
 11.04158113792118 6 3 0 100 7 7 0
 10.89443678094037 27 16 0 100 7 7 0
 11.23005405969403 201 7 0 100 7 7 0
 11.26786409903026 201 2 0 100 7 7 0
 11.16867936374459 201 6 1 67 74 41 715
 10.93566645484134 201 2 0 100 7 7 0
 10.91911537381815 201 4 0 100 7 7 0
 10.93342696151147 201 201 0 100 7 7 0
 10.85830579816317 201 3 0 100 7 7 0
 10.83647067711538 201 2 0 100 7 7 0
 10.84834536469321 201 9 0 100 7 7 0
 10.81410973454952 201 6 1 70 86 56 411
 10.82766863003502 201 3 0 100 7 7 0
 10.812589074478 201 2 0 100 7 7 0
 10.81257330965585 201 7 1 89 61 50 79
 10.818540944273 201 7 0 100 7 7 0
 10.80715006363678 201 19 1 73 83 56 372
 10.82227557003744 201 201 1 100 59 59 0
 10.81027197526811 201 201 1 94 67 61 103
 10.82437522282805 201 9 0 100 7 7 0
 10.82675292333736 32 0 0 0 0 0 0


# name: timeElapsed
# type: scalar
2021.081786870956


# name: evaluation
# type: matrix
# rows: 1
# columns: 3
 0.575 0.575 1


# name: contractionConstant
# type: scalar
0.7


# name: minStateDiff
# type: scalar
0.0001


# name: minErrorAccDiff
# type: scalar
0.0001


