# Created by Octave 3.6.2, Sun May 12 12:26:54 2013 CEST <alex@desktop>
# name: trainStats
# type: matrix
# rows: 21
# columns: 8
 11.04158115040132 6 3 0 100 7 7 0
 10.89443666702962 27 16 0 100 7 7 0
 11.20543515745358 201 6 0 100 7 7 0
 11.16231803314687 201 7 0 100 7 7 0
 11.43516318560138 201 17 0 100 7 7 0
 10.85576661439324 201 15 1 69 90 59 1313
 11.04750090755014 201 14 1 71 77 49 668990
 10.93848745545104 201 8 0 100 7 7 0
 10.79114389114888 201 6 1 71 80 51 17755
 10.76189624125441 201 201 1 86 83 69 1152
 10.88483363424942 201 19 1 53 83 36 84672
 10.82460341859833 201 13 1 57 94 51 47855
 10.7521692845512 201 24 1 74 100 74 10518
 10.82566527553058 201 201 1 99 57 56 0
 10.82782142100059 201 14 0 100 7 7 0
 10.822402532962 201 12 0 100 7 7 0
 10.81682967066837 201 6 0 100 7 7 0
 10.8178634975144 201 6 0 100 7 7 0
 10.79831499472917 201 6 0 100 7 7 0
 10.82831410558244 201 7 0 100 7 7 0
 10.79994345579018 201 0 0 0 0 0 0


# name: timeElapsed
# type: scalar
2120.003762960434


# name: evaluation
# type: matrix
# rows: 1
# columns: 3
 0.575 0.575 1


# name: contractionConstant
# type: scalar
0.5


# name: minStateDiff
# type: scalar
0.0001


# name: minErrorAccDiff
# type: scalar
0.0001


