# Created by Octave 3.6.2, Sun May 12 05:00:54 2013 CEST <alex@desktop>
# name: trainStats
# type: matrix
# rows: 21
# columns: 8
 11.04158105970641 9 5 1 47 96 43 7986
 10.84425051193084 15 11 1 59 97 56 2820
 12.10490989600906 14 10 1 64 96 60 267661
 10.95631623511988 201 201 1 50 100 50 11526
 11.67415816602013 201 65 1 53 87 40 89186
 10.86802422286996 201 201 1 99 39 37 0
 11.24391818967076 201 48 1 59 90 49 1391291
 10.8238977716805 201 201 1 61 94 56 4047
 10.85878528272632 201 141 1 51 96 47 1921
 10.82389060406587 201 201 1 99 34 33 1
 10.84312299970465 201 201 1 96 54 50 0
 10.79082839230962 201 201 1 99 56 54 0
 10.80574616125219 201 201 1 99 54 53 0
 10.78695118394903 201 201 1 99 56 54 0
 10.79117858511196 201 201 1 96 56 51 0
 10.80197410257029 201 201 1 96 51 47 0
 10.7703288541913 201 201 1 99 66 64 0
 10.85780446521719 201 28 1 51 99 50 23993
 10.84209792006352 201 54 1 51 100 51 165208
 10.82348704635035 201 141 1 67 94 61 11242805
 10.85464928721568 201 0 0 0 0 0 0


# name: timeElapsed
# type: scalar
2160.658684015274


# name: evaluation
# type: matrix
# rows: 1
# columns: 3
 0.575 0.575 1


# name: contractionConstant
# type: scalar
0.001


# name: minStateDiff
# type: scalar
1e-06


# name: minErrorAccDiff
# type: scalar
1e-06


