# Created by Octave 3.6.2, Sun May 12 11:51:34 2013 CEST <alex@desktop>
# name: trainStats
# type: matrix
# rows: 21
# columns: 8
 11.04158105974639 9 5 0 100 7 7 0
 10.89443678452341 37 26 0 100 7 7 0
 11.12545553579298 201 10 0 100 7 7 0
 11.47801517448157 201 4 0 100 7 7 0
 10.86385561117775 201 9 0 100 7 7 0
 11.21614571370162 201 16 0 100 7 7 0
 10.87442040307918 201 201 1 60 100 60 14447
 10.84448992524273 19 14 1 43 100 43 25896
 10.8442644495174 10 7 0 100 7 7 0
 10.86243246516037 10 5 0 100 7 7 0
 10.91441080773955 14 7 0 100 7 7 0
 10.8670692499965 13 6 0 100 7 7 0
 10.85300798002102 15 7 0 100 7 7 0
 10.8376076452333 15 7 0 100 7 7 0
 10.8331831838519 11 5 0 100 7 7 0
 10.82072054791824 12 6 0 100 7 7 0
 10.80599809635216 14 7 0 100 7 7 0
 10.78833572494878 16 10 0 100 17 17 0
 10.73460964689217 20 13 0 100 17 17 0
 10.62417445215458 25 16 0 100 7 7 0
 10.62659015218818 201 0 0 0 0 0 0


# name: timeElapsed
# type: scalar
838.3718121051788


# name: evaluation
# type: matrix
# rows: 1
# columns: 3
 0.575 0.575 1


# name: contractionConstant
# type: scalar
0.5


# name: minStateDiff
# type: scalar
1e-06


# name: minErrorAccDiff
# type: scalar
1e-06


