# Created by Octave 3.6.2, Sun May 12 09:44:52 2013 CEST <alex@desktop>
# name: trainStats
# type: matrix
# rows: 21
# columns: 8
 11.04158105975899 11 7 0 100 7 7 0
 10.89443678475799 50 36 0 100 7 7 0
 11.10874113649946 201 15 0 100 7 7 0
 11.52800446773589 201 7 0 100 7 7 0
 11.05638550280334 201 8 0 100 7 7 0
 10.99818026071658 201 5 0 100 7 7 0
 10.95932407533208 201 9 1 90 66 56 123
 10.84809806130563 201 22 1 73 96 69 3192
 10.82043722420949 201 24 1 61 100 61 38103
 10.80473722590266 201 8 1 76 80 56 285
 10.81911684649837 201 11 1 64 93 57 20161
 10.83901986969237 201 22 1 61 100 61 43239
 10.81268475915298 201 4 0 100 7 7 0
 10.86692329829854 201 8 1 59 94 53 53362
 10.81272114069963 201 2 0 100 7 7 0
 10.80836246596725 201 9 1 51 100 51 223671
 10.85271281215186 201 8 1 53 100 53 280476
 10.8012690170601 201 8 1 51 99 50 196172
 10.81870482298661 201 8 1 59 84 43 14777
 10.81671617018319 201 8 1 61 100 61 4653140
 10.80298145059993 201 0 0 0 0 0 0


# name: timeElapsed
# type: scalar
2107.839673995972


# name: evaluation
# type: matrix
# rows: 1
# columns: 3
 0.575 0.575 1


# name: contractionConstant
# type: scalar
0.3


# name: minStateDiff
# type: scalar
1e-08


# name: minErrorAccDiff
# type: scalar
1e-08


