# Created by Octave 3.6.2, Sun May 12 08:54:07 2013 CEST <alex@desktop>
# name: trainStats
# type: matrix
# rows: 21
# columns: 8
 11.04158105974707 9 5 1 54 84 39 1826
 10.87112067932334 19 12 1 44 97 41 28095
 10.81329845520412 22 13 1 50 96 46 3861
 10.65092940599011 33 18 1 57 83 40 171
 11.64203760092847 14 10 1 77 83 60 1452
 12.09786415698365 14 8 1 90 49 39 40300
 12.02091142048864 35 22 1 66 77 43 841
 10.73872528267336 29 16 1 56 91 47 2289
 10.7165296015729 27 15 1 50 94 44 3132
 10.46165568238672 26 16 1 69 86 54 767
 10.23883477881808 44 27 1 54 97 51 6890
 10.62707215992661 30 21 1 81 80 61 226
 10.35214202396697 201 201 1 89 57 46 447
 10.8750594822759 201 201 0 100 7 7 0
 10.67688104010091 201 201 1 100 44 44 1
 11.25171223974913 201 201 1 97 51 49 33
 11.04972361986084 201 30 1 86 66 51 270
 10.82612302768006 201 9 0 100 7 7 0
 11.10445844938133 201 9 0 100 7 7 0
 10.95373757825468 201 21 0 100 7 7 0
 10.85998203521412 201 0 0 0 0 0 0


# name: timeElapsed
# type: scalar
1262.835545063019


# name: evaluation
# type: matrix
# rows: 1
# columns: 3
 0.5666666666666667 0.6103896103896104 0.6811594202898551


# name: contractionConstant
# type: scalar
0.1


# name: minStateDiff
# type: scalar
1e-06


# name: minErrorAccDiff
# type: scalar
1e-06


