# Created by Octave 3.6.2, Sun May 12 15:04:27 2013 CEST <alex@desktop>
# name: trainStats
# type: matrix
# rows: 21
# columns: 8
 11.04157625105533 4 1 0 100 7 7 0
 10.89445362361081 14 4 0 100 7 7 0
 11.07521112419101 201 2 0 100 7 7 0
 11.38550924208462 201 1 0 100 7 7 0
 10.80565732475422 201 201 1 94 57 51 12
 10.7052772350605 201 201 1 87 56 43 231
 10.78117349780207 201 201 1 97 59 56 1
 10.74716894217237 201 54 0 100 7 7 0
 10.76149808112781 201 201 0 100 7 7 0
 10.86104288015911 7 2 0 100 7 7 0
 10.78430826247803 9 2 0 100 7 7 0
 10.89200785780612 7 2 0 100 7 7 0
 10.74435554772572 10 2 0 100 7 7 0
 10.8187233354498 8 2 0 100 7 7 0
 10.59156719289669 12 3 0 100 7 7 0
 10.69574340167078 11 3 0 100 7 7 0
 10.54599270114249 19 5 1 76 70 46 33323
 10.53549004353861 29 9 1 76 67 43 444712
 10.45320265205076 201 201 1 94 67 61 563
 10.4212228841346 201 201 1 97 50 47 4130
 10.31694744780365 201 0 0 0 0 0 0


# name: timeElapsed
# type: scalar
1273.488039970398


# name: evaluation
# type: matrix
# rows: 1
# columns: 3
 0.575 0.575 1


# name: contractionConstant
# type: scalar
0.7


# name: minStateDiff
# type: scalar
0.01


# name: minErrorAccDiff
# type: scalar
0.01


