# Created by Octave 3.6.2, Sun May 12 10:26:10 2013 CEST <alex@desktop>
# name: trainStats
# type: matrix
# rows: 21
# columns: 8
 11.0415811453659 6 3 0 100 7 7 0
 10.89443655963489 24 16 0 100 7 7 0
 11.07976269626512 201 6 0 100 7 7 0
 11.48372747732596 201 3 0 100 7 7 0
 10.88856531730498 201 8 0 100 7 7 0
 10.81210718968925 201 2 0 100 7 7 0
 10.82040462936454 201 8 0 100 7 7 0
 10.87507919196086 201 201 1 97 51 49 0
 10.82193556536398 201 130 0 100 7 7 0
 10.68561418555478 23 14 0 100 7 7 0
 10.66710873185616 201 201 0 100 7 7 0
 10.77631771698251 201 201 0 100 7 7 0
 10.93506609288239 15 8 0 100 7 7 0
 10.57343348449796 18 10 1 56 93 49 14185
 10.62339664755309 10 6 1 61 90 51 3705
 10.51258397774962 18 10 1 53 100 53 76128
 10.46621751886158 18 10 1 53 97 50 5259
 10.43425104840868 35 17 1 59 100 59 23597
 10.8192397195139 201 90 1 57 96 53 6571
 11.41884150476236 201 5 1 57 94 51 5444
 11.36935301007228 201 0 0 0 0 0 0


# name: timeElapsed
# type: scalar
1433.339367866516


# name: evaluation
# type: matrix
# rows: 1
# columns: 3
 0.5583333333333333 0.6081081081081081 0.6521739130434783


# name: contractionConstant
# type: scalar
0.3


# name: minStateDiff
# type: scalar
0.0001


# name: minErrorAccDiff
# type: scalar
0.0001


