# Created by Octave 3.6.2, Sun May 12 08:33:04 2013 CEST <alex@desktop>
# name: trainStats
# type: matrix
# rows: 21
# columns: 8
 11.04158105976009 11 7 1 54 84 39 1826
 10.87112068448142 24 17 1 44 97 41 28084
 10.81329844796416 28 19 1 50 96 46 3860
 10.71942921566369 52 41 1 61 83 44 223
 11.2779921674701 18 13 1 79 80 59 2122
 11.44798089517565 25 19 1 59 74 33 3742
 11.4456732316277 45 25 1 64 91 56 750
 10.8016393970385 51 42 1 56 87 43 41951
 10.76873134646571 37 27 1 60 97 57 4418
 10.58168004835631 19 13 1 71 87 59 1139
 10.41225443499748 23 18 1 63 86 49 628
 10.4332387148365 22 21 1 57 93 50 2127
 10.39416283722934 48 58 1 49 96 44 4716
 10.73013353992759 34 26 1 50 96 46 20749
 10.35494194781602 36 35 1 51 96 47 192
 10.33067737934035 49 45 1 66 87 53 360
 10.53546029441691 31 25 1 70 83 53 76
 10.55204503280539 103 86 1 69 91 60 402
 10.86975022075148 74 68 1 57 89 46 2705
 10.88380587250451 61 47 1 61 91 53 18095
 10.66659667341982 201 0 0 0 0 0 0


# name: timeElapsed
# type: scalar
750.3781690597534


# name: evaluation
# type: matrix
# rows: 1
# columns: 3
 0.5333333333333333 0.5585585585585585 0.8985507246376812


# name: contractionConstant
# type: scalar
0.1


# name: minStateDiff
# type: scalar
1e-08


# name: minErrorAccDiff
# type: scalar
1e-08


