# Created by Octave 3.6.2, Sun May 12 11:02:24 2013 CEST <alex@desktop>
# name: trainStats
# type: matrix
# rows: 21
# columns: 8
 11.04157742803999 4 1 0 100 7 7 0
 10.89439935606234 14 4 0 100 7 7 0
 11.07521112419101 201 2 0 100 7 7 0
 11.59765036827669 201 1 0 100 7 7 0
 10.94843333974289 201 16 0 100 7 7 0
 10.99722419685006 201 201 1 87 63 50 164
 10.84741127399813 201 5 0 100 7 7 0
 10.97781167622536 201 89 1 57 94 51 1928
 10.9092205427673 201 201 1 96 54 50 0
 10.84792733560775 201 201 1 96 51 47 0
 10.8353379312364 201 2 1 97 43 40 87
 10.80306706716391 201 11 1 46 93 39 257405
 10.87195380107687 201 12 1 53 90 43 71665
 10.80159203328815 201 10 1 57 93 50 65678
 10.87356098708703 201 9 1 49 93 41 65055
 10.76805866136965 201 7 1 51 93 44 236730
 10.82853878062284 201 201 1 96 56 51 0
 10.8453174400431 201 201 1 96 66 61 0
 10.79345664064206 201 201 1 96 53 49 0
 10.82753065925017 201 201 1 94 56 50 61
 10.80962746613311 201 0 0 0 0 0 0


# name: timeElapsed
# type: scalar
2174.53600692749


# name: evaluation
# type: matrix
# rows: 1
# columns: 3
 0.575 0.575 1


# name: contractionConstant
# type: scalar
0.3


# name: minStateDiff
# type: scalar
0.01


# name: minErrorAccDiff
# type: scalar
0.01


