# Created by Octave 3.6.2, Sun May 12 11:37:36 2013 CEST <alex@desktop>
# name: trainStats
# type: matrix
# rows: 21
# columns: 8
 11.0415810597591 11 7 0 100 7 7 0
 10.89443678477724 49 36 0 100 7 7 0
 11.04912073285142 201 15 0 100 7 7 0
 11.58543187956881 201 40 0 100 7 7 0
 11.17038985377252 201 39 0 100 7 7 0
 10.81109322814222 201 12 1 57 91 49 763
 10.86397086996429 201 24 1 49 93 41 749
 10.80903287980366 201 31 1 66 93 59 2518
 10.82967935480115 201 201 1 77 74 51 380
 10.80914466196723 201 29 1 84 63 47 22
 10.85977242829583 201 108 1 79 76 54 22216
 10.79857802162268 201 104 0 100 7 7 0
 10.74390597543311 201 201 0 100 7 7 0
 10.80485884916866 201 148 0 100 7 7 0
 10.74931917707768 201 112 0 100 7 7 0
 10.7709095146668 201 65 0 100 7 7 0
 10.68320037571864 201 201 0 100 7 7 0
 10.63757456423771 201 92 0 100 7 7 0
 10.68098791413075 201 69 0 100 7 7 0
 10.56816087305346 201 47 0 100 7 7 0
 10.51069018707521 201 0 0 0 0 0 0


# name: timeElapsed
# type: scalar
2111.919054985046


# name: evaluation
# type: matrix
# rows: 1
# columns: 3
 0.5583333333333333 0.5689655172413793 0.9565217391304348


# name: contractionConstant
# type: scalar
0.5


# name: minStateDiff
# type: scalar
1e-08


# name: minErrorAccDiff
# type: scalar
1e-08


