# Created by Octave 3.6.2, Sun May 12 14:09:33 2013 CEST <alex@desktop>
# name: trainStats
# type: matrix
# rows: 21
# columns: 8
 11.04158105977803 9 5 0 100 7 7 0
 10.89443678469891 37 26 0 100 7 7 0
 11.14122853548506 201 12 0 100 7 7 0
 11.10123510458949 201 29 1 66 86 51 12201
 10.83922524620472 201 25 1 89 64 53 187
 10.92704208030969 201 57 0 100 7 7 0
 10.91442724545697 201 37 1 73 76 49 29
 10.90196523058921 201 24 0 100 7 7 0
 10.87527727251863 201 20 1 66 77 43 122
 10.84713465195131 201 10 1 83 57 40 1574565
 10.8448714909889 201 8 0 100 7 7 0
 10.82893344216088 201 16 1 71 89 60 1106
 10.84797614105092 201 27 1 51 97 49 2273
 10.83179616785399 201 3 0 100 7 7 0
 10.84374886068537 201 5 0 100 7 7 0
 10.81695088775058 201 3 0 100 7 7 0
 10.80334824829608 201 16 0 100 7 7 0
 10.81805861129501 201 25 0 100 7 7 0
 10.79505657007533 201 10 1 61 89 50 5423
 10.83423128923531 201 13 0 100 7 7 0
 10.81105681088716 201 0 0 0 0 0 0


# name: timeElapsed
# type: scalar
2102.608237028122


# name: evaluation
# type: matrix
# rows: 1
# columns: 3
 0.575 0.575 1


# name: contractionConstant
# type: scalar
0.7


# name: minStateDiff
# type: scalar
1e-06


# name: minErrorAccDiff
# type: scalar
1e-06


