# Created by Octave 3.6.2, Sun May 12 10:02:16 2013 CEST <alex@desktop>
# name: trainStats
# type: matrix
# rows: 21
# columns: 8
 11.04158105977355 9 5 0 100 7 7 0
 10.89443678663747 37 26 0 100 7 7 0
 11.03848432059102 201 10 0 100 7 7 0
 11.55766543854835 201 4 0 100 7 7 0
 10.72032666927873 201 201 1 80 77 57 170057
 10.46865664219295 201 180 1 54 100 54 10297
 10.78549549087632 50 35 1 63 79 41 1983
 10.83708024045903 24 16 1 70 96 66 6273
 11.13226766023011 31 22 1 60 94 54 2202
 10.97346423496506 26 16 1 66 94 60 30024
 10.85965236329656 16 10 1 61 100 61 16905
 10.92542990912907 21 17 1 91 71 63 9255
 10.67183286346475 29 20 1 84 60 44 2200
 10.79620511184995 31 23 1 84 74 59 343
 10.78391713663047 16 9 0 100 7 7 0
 10.87625777681386 21 14 1 94 57 51 7
 10.77127428358833 23 13 1 81 81 63 380
 10.79519161246451 201 186 1 54 93 47 4013
 10.813543491274 27 19 1 54 87 41 1174
 10.81404912188035 31 22 1 79 83 61 688
 10.79344996627198 201 0 0 0 0 0 0


# name: timeElapsed
# type: scalar
1044.38883805275


# name: evaluation
# type: matrix
# rows: 1
# columns: 3
 0.5583333333333333 0.6052631578947368 0.6666666666666666


# name: contractionConstant
# type: scalar
0.3


# name: minStateDiff
# type: scalar
1e-06


# name: minErrorAccDiff
# type: scalar
1e-06


