# Created by Octave 3.6.2, Thu May 16 01:26:44 2013 CEST <alex@vostro-1520>
# name: packedGnn
# type: scalar struct
# ndims: 2
 1 1
# length: 10
# name: transitionNet
# type: scalar struct
# ndims: 2
 1 1
# length: 15
# name: weights1
# type: matrix
# rows: 5
# columns: 7
 0.07389473475266278 -0.06803601621481968 0.1160820446430847 -0.09198210357566257 0.05002961333897507 -0.02070208176473266 -0.02417541938926267
 0.1134649723535675 -0.0282122918911837 -0.05052676638803132 -0.1073694767591325 -0.007196666559310269 -0.03109427125654522 -0.02481063533592219
 0.0370257422958378 -0.0004941384113115593 0.09023189375801111 -0.04666571903516924 0.1145312566142771 -0.06055709594989779 0.1243158014297698
 -0.08502714060686113 -0.05372183694532008 -0.01549202679921589 -0.1110858174675409 0.07735458657142469 -0.06810302933764377 -0.008957684987965162
 -0.0694708560227716 -0.08857877416735098 0.05431723001071712 -0.06098082520581218 0.08051714203706048 0.02954829862666825 -0.004249086018649081


# name: bias1
# type: matrix
# rows: 5
# columns: 1
 -0.1004274647654979
 0.02577895276115588
 -0.02722908902650166
 -0.03746574397128456
 -0.1202872807970061


# name: weights2
# type: matrix
# rows: 5
# columns: 5
 -0.1095928616150612 -0.0247490820290295 0.09235763814851476 0.1290935056889092 -0.05748132396887423
 0.1603088045032438 0.1593052875652049 0.1218766664181278 0.1170407079351122 -0.04207950943925493
 0.1549710058392789 0.1075196829230498 0.02408668334620878 -0.1108604282307549 -0.03629586247465124
 0.01771248419662963 -0.03065833612933587 -0.05795570239089252 -0.07480752751474938 0.09782427614658469
 -0.09609406902154133 -0.1194678756992107 -0.1630059883310037 0.01529497832760688 0.1147845371690065


# name: bias2
# type: matrix
# rows: 5
# columns: 1
 -0.1619641493986211
 0.07984307655855039
 0.1364234534777477
 0.1380833806504822
 0.06848248748683576


# name: nInputLines
# type: scalar
7


# name: nHiddenNeurons
# type: scalar
5


# name: nOutputNeurons
# type: scalar
5


# name: nWeights
# type: scalar
70


# name: outputFun
# type: sq_string
# elements: 1
# length: 6
tansig


# name: activation1
# type: matrix
# rows: 0
# columns: 0


# name: activationderivative1
# type: matrix
# rows: 0
# columns: 0


# name: activation2ndderivative1
# type: matrix
# rows: 0
# columns: 0


# name: activation2
# type: matrix
# rows: 0
# columns: 0


# name: activationderivative2
# type: matrix
# rows: 0
# columns: 0


# name: activation2ndderivative2
# type: matrix
# rows: 0
# columns: 0




# name: outputNet
# type: scalar struct
# ndims: 2
 1 1
# length: 15
# name: weights1
# type: matrix
# rows: 5
# columns: 5
 -0.02072913782312497 -0.02009914471613295 0.02910154527425885 -0.01717042456418977 -0.01014714184565834
 -0.002973253210305678 -0.01529123639810618 -0.007600965694380213 0.01113481027600199 0.01585202265823227
 -0.02773781217514601 0.03226201488758373 -0.008845793523504182 0.00243652103890295 -0.009210416828346547
 -0.02670508367524998 -0.03110645068658896 0.02923627844138956 -0.009099062686983034 0.002194258318586817
 0.01649911345262632 -0.02980711192732736 -0.01346955682616769 -0.005540391882196983 0.0150303680242621


# name: bias1
# type: matrix
# rows: 5
# columns: 1
 -0.1452572139541018
 0.1556044541614441
 0.07562673026260318
 -0.04141596961823433
 -0.136341708452761


# name: weights2
# type: matrix
# rows: 1
# columns: 5
 0.07464708697323878 0.05096485939389309 0.03593182768742979 0.06913216597393253 -0.05608845448296046


# name: bias2
# type: scalar
0.07042923014577922


# name: nInputLines
# type: scalar
5


# name: nHiddenNeurons
# type: scalar
5


# name: nOutputNeurons
# type: scalar
1


# name: nWeights
# type: scalar
36


# name: outputFun
# type: sq_string
# elements: 1
# length: 6
tansig


# name: activation1
# type: matrix
# rows: 0
# columns: 0


# name: activationderivative1
# type: matrix
# rows: 0
# columns: 0


# name: activation2ndderivative1
# type: matrix
# rows: 0
# columns: 0


# name: activation2
# type: matrix
# rows: 0
# columns: 0


# name: activationderivative2
# type: matrix
# rows: 0
# columns: 0


# name: activation2ndderivative2
# type: matrix
# rows: 0
# columns: 0




# name: maxIndegree
# type: scalar
5


# name: stateSize
# type: scalar
5


# name: nodeLabelSize
# type: scalar
1


# name: edgeLabelSize
# type: scalar
1


# name: minStateDiff
# type: scalar
1e-08


# name: minErrorAccDiff
# type: scalar
1e-08


# name: contractionConstant
# type: scalar
0.9


# name: nWeights
# type: scalar
106




# name: trainStats
# type: matrix
# rows: 51
# columns: 10
 0.07818741557063848 12 5 0 0 0 100 41 41 0
 0.114878266088589 22 8 0 33 44 100 41 41 0
 0.1825494778408737 17 9 0 6 50 100 41 41 0
 0.1308640033131357 13 7 0 37 50 100 41 41 0
 0.03966624260746113 19 6 0 14 14 100 41 41 0
 0.07125642863050005 17 7 0 37 83 100 41 41 0
 0.03160221039647643 18 6 0 14 0 100 41 41 0
 0.02611557421818904 15 7 0 44 100 100 41 41 0
 0.0310796693084811 17 6 0 14 0 100 41 41 0
 0.004350323987124265 18 6 0 0 0 100 41 41 0
 0.03634153956205406 16 7 0 59 100 100 41 41 0
 0.004350323987124556 17 6 0 0 0 100 41 41 0
 0.01475892713235454 16 7 0 59 100 100 41 41 0
 0.004350323987124473 17 6 0 0 0 100 41 41 0
 0.004895892574563797 17 6 0 59 100 100 41 41 0
 0.004350323987124202 17 6 0 0 0 100 41 41 0
 0.0001958835719603436 17 4 0 59 100 100 41 41 0
 0.004350323987124771 17 6 0 0 0 100 41 41 0
 0.002096414075581885 17 5 0 0 0 100 41 41 0
 0.0006589554086376115 17 5 0 59 100 100 41 41 0
 0.002096414075581642 17 5 0 0 0 100 41 41 0
 0.0007256462821954608 17 5 0 0 0 100 41 41 0
 0.0009375370017453113 17 5 0 59 100 100 41 41 0
 0.0007256462821950445 17 5 0 0 0 100 41 41 0
 0.0001034537927487191 17 4 0 59 100 100 41 41 0
 0.0007256462821949057 17 5 0 0 0 100 41 41 0
 0.0003117189569971171 17 4 0 0 0 100 41 41 0
 0.000186637825514416 17 4 0 59 100 100 41 41 0
 0.0003117189569999621 16 4 0 0 0 100 41 41 0
 6.276478134395596e-05 16 4 0 0 0 100 41 41 0
 0.0002365721654487791 17 4 0 59 100 100 41 41 0
 6.276478134272085e-05 17 4 0 0 0 100 41 41 0
 8.682296605796509e-05 16 4 0 59 100 100 41 41 0
 6.276478134260983e-05 16 4 0 0 0 100 41 41 0
 1.200891190370482e-05 17 3 0 59 100 100 41 41 0
 6.276478134161063e-05 17 4 0 0 0 100 41 41 0
 2.538297970175722e-05 17 3 0 0 0 100 41 41 0
 1.948850104352717e-05 17 3 0 59 100 100 41 41 0
 2.538297970184048e-05 17 3 0 0 0 100 41 41 0
 2.949055551473622e-06 17 2 0 0 0 100 41 41 0
 2.397644826097799e-05 17 3 0 59 100 100 41 41 0
 2.949055551334844e-06 17 2 0 0 0 100 41 41 0
 1.051304250872369e-05 17 3 0 59 100 100 41 41 0
 2.949055551973222e-06 17 2 0 0 0 100 41 41 0
 3.78183001803063e-06 17 2 0 59 100 100 41 41 0
 2.949055551501378e-06 17 2 0 0 0 100 41 41 0
 1.05098768080031e-06 17 1 0 59 100 100 41 41 0
 2.949055551459745e-06 17 2 0 0 0 100 41 41 0
 6.940763762341972e-08 17 1 0 59 100 100 41 41 0
 2.949055551681789e-06 17 2 0 0 0 100 41 41 0
 6.924600103042067e-08 17 0 0 0 0 0 0 0 0


# name: nInitialIterations
# type: scalar
50


# name: time
# type: scalar
195.1610460281372


