# Created by Octave 3.6.2, Thu May 16 01:20:41 2013 CEST <alex@vostro-1520>
# name: packedGnn
# type: scalar struct
# ndims: 2
 1 1
# length: 10
# name: transitionNet
# type: scalar struct
# ndims: 2
 1 1
# length: 15
# name: weights1
# type: matrix
# rows: 5
# columns: 7
 -0.06612175986633982 -0.08295168342741603 -0.1246531404618321 0.05040666425175405 0.1076265686337514 -0.03883669152852424 -0.01914342159890321
 0.06367629558973986 0.09980930922942732 0.0004809131118725107 -0.0305380460101836 -0.03848811718628005 0.04229620029655964 -0.05845231616074366
 0.0805085927262319 -0.06795146548363405 0.04939363664203064 0.1152199676399936 0.1013071933160308 -0.1139304664680906 -0.1226911566304712
 0.009421152308594 -0.01257391473895296 -0.09006356675062875 -0.04067464138289921 0.09340256026245458 0.02169520377453596 -0.0008224550996771413
 -0.0234902603932209 -0.1066494865086268 -0.02735393681891075 -0.04935002383614988 0.02694073598043092 0.04070992451161171 -0.05697346301386581


# name: bias1
# type: matrix
# rows: 5
# columns: 1
 0.0009931667450510107
 0.01292666824933666
 -0.08325334976600475
 -0.06436058244788
 0.01008951543169728


# name: weights2
# type: matrix
# rows: 5
# columns: 5
 0.05774704354180252 -0.05917039931258333 -0.05631325983846171 0.097522317201212 -0.02347990528862833
 0.04668527943689364 -0.06161695703899885 -0.1371951752380329 0.07418854522374578 -0.03341961399836759
 0.128439018052144 0.06469044126816521 0.03376792598473499 -0.1510842175607958 0.1391678763446958
 -0.09472251218295859 0.02866471202406495 -0.1628196712004716 -0.110629416042789 -0.05844439279263101
 -0.01818694673728407 -0.05514453507633027 -0.06291423447219892 0.0626617703691893 -0.1199313566469655


# name: bias2
# type: matrix
# rows: 5
# columns: 1
 -0.03692417970313035
 0.09213705906267899
 -0.1095765790467911
 -0.1327355282946528
 0.05704829112866169


# name: nInputLines
# type: scalar
7


# name: nHiddenNeurons
# type: scalar
5


# name: nOutputNeurons
# type: scalar
5


# name: nWeights
# type: scalar
70


# name: outputFun
# type: sq_string
# elements: 1
# length: 6
tansig


# name: activation1
# type: matrix
# rows: 0
# columns: 0


# name: activationderivative1
# type: matrix
# rows: 0
# columns: 0


# name: activation2ndderivative1
# type: matrix
# rows: 0
# columns: 0


# name: activation2
# type: matrix
# rows: 0
# columns: 0


# name: activationderivative2
# type: matrix
# rows: 0
# columns: 0


# name: activation2ndderivative2
# type: matrix
# rows: 0
# columns: 0




# name: outputNet
# type: scalar struct
# ndims: 2
 1 1
# length: 15
# name: weights1
# type: matrix
# rows: 5
# columns: 5
 0.001865648163745985 0.002090249019091495 0.01364227708679542 0.02134070920017204 -0.003655154174681633
 0.03182038123812121 -0.00677082169930342 -0.01487714836303937 0.01772158541086242 0.02593103139359336
 0.004329131972385521 -0.003652235642014479 -0.01439044192357819 0.02145415152836338 -0.03144493511282394
 -0.01554934402060842 0.006015216496859891 0.003213348573488176 -0.006822425572856923 -0.009344367875499353
 0.01856505695605402 -0.01706163001486833 0.01662910281563596 0.01521573321154681 -0.01138849456714898


# name: bias1
# type: matrix
# rows: 5
# columns: 1
 -0.02653730255860426
 -0.1621104728430038
 0.01743096607555387
 0.009662065585192928
 0.08076440285469999


# name: weights2
# type: matrix
# rows: 1
# columns: 5
 0.1502930748664777 -0.1580869998013066 -0.07577740687138566 0.1618441189266121 -0.1180564025682122


# name: bias2
# type: scalar
0.07635159027070752


# name: nInputLines
# type: scalar
5


# name: nHiddenNeurons
# type: scalar
5


# name: nOutputNeurons
# type: scalar
1


# name: nWeights
# type: scalar
36


# name: outputFun
# type: sq_string
# elements: 1
# length: 6
tansig


# name: activation1
# type: matrix
# rows: 0
# columns: 0


# name: activationderivative1
# type: matrix
# rows: 0
# columns: 0


# name: activation2ndderivative1
# type: matrix
# rows: 0
# columns: 0


# name: activation2
# type: matrix
# rows: 0
# columns: 0


# name: activationderivative2
# type: matrix
# rows: 0
# columns: 0


# name: activation2ndderivative2
# type: matrix
# rows: 0
# columns: 0




# name: maxIndegree
# type: scalar
5


# name: stateSize
# type: scalar
5


# name: nodeLabelSize
# type: scalar
1


# name: edgeLabelSize
# type: scalar
1


# name: minStateDiff
# type: scalar
1e-08


# name: minErrorAccDiff
# type: scalar
1e-08


# name: contractionConstant
# type: scalar
0.9


# name: nWeights
# type: scalar
106




# name: trainStats
# type: matrix
# rows: 51
# columns: 10
 0.0905129044617962 10 5 0 0 0 100 41 41 0
 0.1864611275356466 12 7 0 43 81 100 41 41 0
 0.04306597719545528 18 7 0 1 8 100 41 41 0
 0.2190724517172026 15 11 0 53 78 100 41 41 0
 0.05243307255143803 24 9 0 3 22 100 41 41 0
 0.1446213729248808 19 12 0 34 78 100 41 41 0
 0.04239140064625225 21 9 0 1 22 100 41 41 0
 0.01646556858893252 20 8 0 46 78 100 41 41 0
 0.0437325954562066 24 11 0 3 22 100 41 41 0
 0.02732890242236712 65 17 0 0 0 100 41 41 0
 0.01847244330942658 201 41 0 14 0 100 41 41 0
 0.01540856825101537 59 14 0 44 100 100 41 41 0
 0.01261942079081863 201 21 0 6 0 100 41 41 0
 0.006022341219694117 201 22 0 9 14 100 41 41 0
 0.0009464452623670468 201 33 0 44 86 100 41 41 0
 0.005458825259459858 201 27 0 9 14 100 41 41 0
 0.000510741330868543 201 27 0 33 86 100 41 41 0
 0.01763440556601455 201 67 0 26 14 100 41 41 0
 0.003724233029536775 201 33 0 1 0 100 41 41 0
 0.004503125124096863 201 27 0 54 100 100 41 41 0
 0.003537108568129504 201 33 0 1 0 100 41 41 0
 0.0005973125586675599 201 24 0 56 100 100 41 41 0
 0.003704040225417186 201 33 0 1 0 100 41 41 0
 0.001547124320586154 201 29 0 11 0 100 41 41 0
 0.0003435988772204398 201 25 0 0 0 100 41 41 0
 0.001528483877588377 201 29 0 46 100 100 41 41 0
 0.001117952465490354 201 29 0 0 0 100 41 41 0
 0.000993702730226998 201 30 0 17 0 100 41 41 0
 0.0003166638212940314 201 27 0 11 0 100 41 41 0
 0.001555456928298316 201 31 0 46 100 100 41 41 0
 0.0007393275401246046 201 28 0 0 0 100 41 41 0
 0.0006076242128204643 201 27 0 0 0 100 41 41 0
 0.0004486779658125963 201 25 0 0 0 100 41 41 0
 0.0002567381058034841 201 23 0 14 0 100 41 41 0
 4.216283428727219e-05 201 17 0 1 0 100 41 41 0
 0.000787919235209737 201 25 0 43 100 100 41 41 0
 0.001359413489142792 201 25 0 0 0 100 41 41 0
 0.001848378081556991 201 24 0 33 14 100 41 41 0
 0.0001266647863461679 201 19 0 0 0 100 41 41 0
 0.0003295579320423586 201 21 0 59 100 100 41 41 0
 0.0001266647863461679 201 19 0 0 0 100 41 41 0
 0.0001007075452909684 201 17 0 44 100 100 41 41 0
 0.0001069984679803281 201 18 0 14 0 100 41 41 0
 8.744601191843488e-06 201 11 0 0 0 100 41 41 0
 0.0001278965135431085 201 19 0 43 100 100 41 41 0
 0.0003032747642327388 201 21 0 0 0 100 41 41 0
 0.00035840785868449 201 21 0 17 0 100 41 41 0
 7.688013021243744e-06 201 11 0 0 0 100 41 41 0
 9.065031529531097e-05 201 17 0 59 100 100 41 41 0
 7.688013021243744e-06 201 11 0 0 0 100 41 41 0
 4.144463289607227e-05 201 0 0 0 0 0 0 0 0


# name: nInitialIterations
# type: scalar
50


# name: time
# type: scalar
1265.618988990784


