# Created by Octave 3.6.2, Thu May 16 00:59:35 2013 CEST <alex@vostro-1520>
# name: packedGnn
# type: scalar struct
# ndims: 2
 1 1
# length: 10
# name: transitionNet
# type: scalar struct
# ndims: 2
 1 1
# length: 15
# name: weights1
# type: matrix
# rows: 5
# columns: 7
 0.09574595314732212 0.003126402268931877 0.05135361004180913 0.07430121907841192 -0.01483527224904112 -0.03697818333510101 0.003195191667137526
 0.02521852371608896 -0.01357552230140753 -0.04840716740513197 0.01460415990948558 -0.01331586753213852 -0.03333180032632922 0.1187456715956864
 0.08569254627918699 -0.05964240529127278 0.01659648725304738 0.07533505135759475 -0.1037247974072599 0.09052584391935095 -0.1069557229067465
 0.01433658303105548 -0.01539799344952984 -0.0809370620912825 0.04865401501952324 0.07806047915028158 -0.03471897476539994 0.1163998222462813
 -0.1209791170853862 -0.09866670144183941 -0.006589312262783434 -0.03117271462688163 0.1051014263453513 -0.06377922801997739 -0.1224399095939385


# name: bias1
# type: matrix
# rows: 5
# columns: 1
 0.004969472583297857
 0.06913994624691447
 -0.07319877009882923
 0.07569983700569183
 0.08679638130423917


# name: weights2
# type: matrix
# rows: 5
# columns: 5
 0.02235880504620487 -0.07887402972989242 0.07693559197059008 0.02292065595958352 -0.1297892108165979
 -0.05798440342259845 -0.09217035060924962 -0.0824153180938547 0.1226331537781788 -0.05995205554005243
 0.03156417087692712 -0.02700542585695407 -0.092613443738523 0.08783229509830011 0.1467832839832507
 -0.0101425287752984 -0.1588235514901627 -0.1160338941130662 -0.04551730658709454 -0.03764298459320464
 0.05101182772546065 -0.08090920494701158 -0.04367580656311493 0.1063662249246019 0.1142997918160981


# name: bias2
# type: matrix
# rows: 5
# columns: 1
 -0.1361899418590032
 0.07059460223173464
 0.07794123614372998
 0.1291848061385662
 -0.1499214880895456


# name: nInputLines
# type: scalar
7


# name: nHiddenNeurons
# type: scalar
5


# name: nOutputNeurons
# type: scalar
5


# name: nWeights
# type: scalar
70


# name: outputFun
# type: sq_string
# elements: 1
# length: 6
tansig


# name: activation1
# type: matrix
# rows: 0
# columns: 0


# name: activationderivative1
# type: matrix
# rows: 0
# columns: 0


# name: activation2ndderivative1
# type: matrix
# rows: 0
# columns: 0


# name: activation2
# type: matrix
# rows: 0
# columns: 0


# name: activationderivative2
# type: matrix
# rows: 0
# columns: 0


# name: activation2ndderivative2
# type: matrix
# rows: 0
# columns: 0




# name: outputNet
# type: scalar struct
# ndims: 2
 1 1
# length: 15
# name: weights1
# type: matrix
# rows: 5
# columns: 5
 -0.0305550879338455 0.02320949146497738 -0.004880288371026798 0.01162109005186278 0.01763090704239838
 -0.01698297919908778 -0.02982349688861223 -0.02095028650748821 0.03311294764761407 0.006077396165374097
 0.02470565566476563 -0.003704640495865478 0.01234894671354644 -0.03238013372036365 0.01210577859160854
 0.02053084077919147 0.004386392520492976 0.01538520874131999 0.0300372009294688 -0.004357971709592693
 -0.02074821139646305 0.02956704316196566 0.0174377589924135 -0.02586331027926057 0.008828052965576967


# name: bias1
# type: matrix
# rows: 5
# columns: 1
 0.03407856566736815
 -0.04470244097114031
 -0.1056275353716573
 -0.1032040646438185
 -0.1257568685066014


# name: weights2
# type: matrix
# rows: 1
# columns: 5
 -0.05960348393588194 0.1571736702099029 -0.1416251673458564 -0.02188114279629052 -0.1656325958195797


# name: bias2
# type: scalar
0.1107930681115441


# name: nInputLines
# type: scalar
5


# name: nHiddenNeurons
# type: scalar
5


# name: nOutputNeurons
# type: scalar
1


# name: nWeights
# type: scalar
36


# name: outputFun
# type: sq_string
# elements: 1
# length: 6
tansig


# name: activation1
# type: matrix
# rows: 0
# columns: 0


# name: activationderivative1
# type: matrix
# rows: 0
# columns: 0


# name: activation2ndderivative1
# type: matrix
# rows: 0
# columns: 0


# name: activation2
# type: matrix
# rows: 0
# columns: 0


# name: activationderivative2
# type: matrix
# rows: 0
# columns: 0


# name: activation2ndderivative2
# type: matrix
# rows: 0
# columns: 0




# name: maxIndegree
# type: scalar
5


# name: stateSize
# type: scalar
5


# name: nodeLabelSize
# type: scalar
1


# name: edgeLabelSize
# type: scalar
1


# name: minStateDiff
# type: scalar
1e-08


# name: minErrorAccDiff
# type: scalar
1e-08


# name: contractionConstant
# type: scalar
0.9


# name: nWeights
# type: scalar
106




# name: trainStats
# type: matrix
# rows: 51
# columns: 10
 0.1402499923136591 10 5 0 0 0 100 41 41 0
 0.09507508475175913 11 5 0 31 67 100 41 41 0
 0.145229848738141 11 6 0 6 28 100 41 41 0
 0.1046989799659647 13 7 0 30 44 100 41 41 0
 0.1906129208307166 16 8 0 16 56 100 41 41 0
 0.03020282245593179 19 7 0 16 0 100 41 41 0
 0.1383574085646929 16 8 0 34 81 100 41 41 0
 0.004123711912679114 15 5 0 10 3 100 41 41 0
 0.07534992967599638 13 6 0 47 81 100 41 41 0
 0.0005133372236315719 15 4 0 9 3 100 41 41 0
 0.03861466435362941 16 7 0 43 97 100 41 41 0
 0.0006588303946543881 15 5 0 7 0 100 41 41 0
 0.01685100234040361 14 6 0 43 81 100 41 41 0
 0.0009640072500938219 14 4 0 6 0 100 41 41 0
 0.008317514235459792 11 4 0 53 83 100 41 41 0
 0.000893948556018631 14 4 0 6 0 100 41 41 0
 0.003538780728863104 13 4 0 53 83 100 41 41 0
 0.000845066007588036 14 4 0 6 0 100 41 41 0
 0.001370986211480757 14 4 0 53 100 100 41 41 0
 0.0008309634284767655 14 4 0 6 0 100 41 41 0
 0.000259225175788449 14 4 0 53 100 100 41 41 0
 0.0008238967679426218 14 4 0 6 0 100 41 41 0
 0.0002832625916565847 13 4 0 0 0 100 41 41 0
 0.0003724700571657871 14 4 0 59 100 100 41 41 0
 0.0002832625915808813 13 4 0 0 0 100 41 41 0
 4.297793825088274e-05 14 3 0 59 100 100 41 41 0
 0.0002832625916528515 14 4 0 0 0 100 41 41 0
 0.0001205488151609056 14 3 0 0 0 100 41 41 0
 7.578083997397819e-05 14 3 0 59 100 100 41 41 0
 0.0001205488151480132 13 3 0 0 0 100 41 41 0
 2.253031595492587e-05 13 3 0 0 0 100 41 41 0
 9.547818847653596e-05 14 3 0 59 100 100 41 41 0
 2.253031601208848e-05 13 3 0 0 0 100 41 41 0
 3.642125982462272e-05 14 3 0 59 100 100 41 41 0
 2.253031603934445e-05 14 3 0 0 0 100 41 41 0
 6.932302608161886e-06 13 2 0 59 100 100 41 41 0
 2.253031603663829e-05 14 3 0 0 0 100 41 41 0
 7.802299068473844e-06 13 2 0 0 0 100 41 41 0
 9.88001310356139e-06 13 2 0 59 100 100 41 41 0
 7.802299108358606e-06 14 2 0 0 0 100 41 41 0
 1.03767172550358e-06 14 2 0 59 100 100 41 41 0
 7.802299109135762e-06 14 2 0 0 0 100 41 41 0
 3.244848828051475e-06 14 2 0 0 0 100 41 41 0
 2.224870606106425e-06 13 2 0 59 100 100 41 41 0
 3.244848828551074e-06 14 2 0 0 0 100 41 41 0
 5.750326350500356e-07 13 1 0 59 100 100 41 41 0
 3.244848773539524e-06 13 2 0 0 0 100 41 41 0
 1.334117937373805e-07 13 1 0 59 100 100 41 41 0
 3.244848750474641e-06 13 2 0 0 0 100 41 41 0
 1.118196278487855e-07 14 1 0 59 100 100 41 41 0
 3.244848781991097e-06 13 0 0 0 0 0 0 0 0


# name: nInitialIterations
# type: scalar
50


# name: time
# type: scalar
178.9673998355865


