# Created by Octave 3.6.2, Thu May 16 01:50:58 2013 CEST <alex@vostro-1520>
# name: packedGnn
# type: scalar struct
# ndims: 2
 1 1
# length: 10
# name: transitionNet
# type: scalar struct
# ndims: 2
 1 1
# length: 15
# name: weights1
# type: matrix
# rows: 5
# columns: 7
 0.05957516012159372 -0.109640202810135 -0.1005098050589612 -0.04052289277405068 -0.0781348788662387 0.0301935812502909 -0.07830834614469816
 0.1191009275019393 -0.02603832993645024 -0.0116762378466695 0.1038211885332093 -0.02463767797427639 0.08188511505514823 0.1154247119998328
 0.09430483872292461 0.02880587488938494 -0.10116602217341 0.06736549592264562 -0.03850625918825711 0.004599527430353634 0.06365467471775371
 -0.03884828468906891 0.02325124074239879 -0.009651828550853794 -0.061349684980521 -0.04932759619493106 -0.0847347441220946 0.04120730928326982
 0.03213986971798835 0.08135279098523077 0.05469556373531684 0.05754648096752121 -0.04538427337764743 -0.06763502557102212 0.09351832602156404


# name: bias1
# type: matrix
# rows: 5
# columns: 1
 -0.04042591008392517
 0.1152528655042186
 -0.001961830560237979
 0.1110588896960031
 0.1064445929905589


# name: weights2
# type: matrix
# rows: 5
# columns: 5
 0.001896304270216032 0.1229582917642522 -0.0955780813024561 -0.01787075711849612 0.05295040182389096
 -0.03530450417624496 0.06380343345741886 0.07012657830697322 -0.1404390734719777 -0.06095346517486731
 0.1646629516018691 -0.1591095640352454 0.03348831233654707 -0.05717216242375864 -0.005493392963664116
 -0.1657625571997524 -0.09970713713072904 0.1139857364633193 -0.03404046857317242 0.1491593957543284
 -0.1650993311068063 0.01861052952676919 0.06128717252645977 -0.0810500699969306 -0.01404447450632427


# name: bias2
# type: matrix
# rows: 5
# columns: 1
 -0.08951350926953293
 -0.155471723147905
 -0.1021323435524081
 -0.05952448326996327
 -0.1665979604825769


# name: nInputLines
# type: scalar
7


# name: nHiddenNeurons
# type: scalar
5


# name: nOutputNeurons
# type: scalar
5


# name: nWeights
# type: scalar
70


# name: outputFun
# type: sq_string
# elements: 1
# length: 6
tansig


# name: activation1
# type: matrix
# rows: 0
# columns: 0


# name: activationderivative1
# type: matrix
# rows: 0
# columns: 0


# name: activation2ndderivative1
# type: matrix
# rows: 0
# columns: 0


# name: activation2
# type: matrix
# rows: 0
# columns: 0


# name: activationderivative2
# type: matrix
# rows: 0
# columns: 0


# name: activation2ndderivative2
# type: matrix
# rows: 0
# columns: 0




# name: outputNet
# type: scalar struct
# ndims: 2
 1 1
# length: 15
# name: weights1
# type: matrix
# rows: 5
# columns: 5
 -0.02038993910228649 0.008058942054098272 0.02626089809538438 -0.008234361396680934 0.02316217715294754
 0.01694887381964161 -0.0129742742421007 0.003382021853169648 -0.02751120495433367 -0.00437688558105718
 0.0258982456172199 -0.03000027805239417 0.02641580229987652 0.02703351239768879 -0.02846123819998795
 -0.01565317818290658 0.002306035507354236 0.01695868806228721 -0.02882894553742248 -0.003410967060785627
 0.03236702754665877 -0.02344554153518338 -0.007847443656288722 0.0015419530037679 0.008864684375635893


# name: bias1
# type: matrix
# rows: 5
# columns: 1
 0.1299768735386437
 0.08648182416259924
 -0.140178047917473
 -0.07900756226281475
 0.1052554855050493


# name: weights2
# type: matrix
# rows: 1
# columns: 5
 0.08696790477109417 0.04313377929255532 0.07898947790859867 -0.1370261768297477 -0.09400254618392206


# name: bias2
# type: scalar
0.1121294618937607


# name: nInputLines
# type: scalar
5


# name: nHiddenNeurons
# type: scalar
5


# name: nOutputNeurons
# type: scalar
1


# name: nWeights
# type: scalar
36


# name: outputFun
# type: sq_string
# elements: 1
# length: 6
tansig


# name: activation1
# type: matrix
# rows: 0
# columns: 0


# name: activationderivative1
# type: matrix
# rows: 0
# columns: 0


# name: activation2ndderivative1
# type: matrix
# rows: 0
# columns: 0


# name: activation2
# type: matrix
# rows: 0
# columns: 0


# name: activationderivative2
# type: matrix
# rows: 0
# columns: 0


# name: activation2ndderivative2
# type: matrix
# rows: 0
# columns: 0




# name: maxIndegree
# type: scalar
5


# name: stateSize
# type: scalar
5


# name: nodeLabelSize
# type: scalar
1


# name: edgeLabelSize
# type: scalar
1


# name: minStateDiff
# type: scalar
1e-08


# name: minErrorAccDiff
# type: scalar
1e-08


# name: contractionConstant
# type: scalar
0.9


# name: nWeights
# type: scalar
106




# name: trainStats
# type: matrix
# rows: 51
# columns: 10
 0.1152965031076855 10 4 0 0 0 100 41 41 0
 0.1309895127329707 10 5 0 24 58 100 41 41 0
 0.2008201838337589 50 13 0 17 33 100 41 41 0
 0.03429347651943504 201 20 0 13 53 100 41 41 0
 0.2895707588170835 201 25 0 31 47 100 41 41 0
 0.05249009769558678 201 19 0 16 17 100 41 41 0
 0.06321159753551799 201 39 0 31 83 100 41 41 0
 0.05475343274902559 201 28 0 16 8 100 41 41 0
 0.001102151843317192 201 18 0 10 31 100 41 41 0
 0.05456077742894598 201 32 0 37 67 100 41 41 0
 0.003201760181212119 201 20 0 7 33 100 41 41 0
 0.0225632534798148 201 27 0 46 67 100 41 41 0
 0.004938229096527347 201 21 0 4 33 100 41 41 0
 0.006910451493488236 201 22 0 51 67 100 41 41 0
 0.005320614901562217 201 20 0 3 33 100 41 41 0
 0.0004596677329006343 201 16 0 54 67 100 41 41 0
 0.005518941625759587 201 21 0 3 33 100 41 41 0
 0.002631012889404949 201 19 0 1 0 100 41 41 0
 0.0009855762994862255 201 17 0 57 100 100 41 41 0
 0.002629701943777179 201 19 0 1 0 100 41 41 0
 0.0008223046712781738 201 17 0 0 0 100 41 41 0
 0.001348012668296758 201 18 0 59 100 100 41 41 0
 0.0008223046712781738 201 17 0 0 0 100 41 41 0
 0.0002625654392779447 201 15 0 59 100 100 41 41 0
 0.0008223046712781738 201 17 0 0 0 100 41 41 0
 0.0002799463960543079 201 15 0 0 0 100 41 41 0
 0.0003710854170135519 201 15 0 59 100 100 41 41 0
 0.0002799463960543079 201 15 0 0 0 100 41 41 0
 4.554287174468703e-05 201 11 0 59 100 100 41 41 0
 0.0002799463960543079 201 15 0 0 0 100 41 41 0
 0.0001172085471160886 201 13 0 0 0 100 41 41 0
 7.809476185988216e-05 201 12 0 59 100 100 41 41 0
 0.0001172085471160886 201 13 0 0 0 100 41 41 0
 1.955930815597904e-05 201 10 0 0 0 100 41 41 0
 9.762615082720217e-05 201 13 0 59 100 100 41 41 0
 1.955930815597904e-05 201 10 0 0 0 100 41 41 0
 6.444248075951354e-05 201 12 0 43 100 100 41 41 0
 8.388284004496082e-06 201 8 0 0 0 100 41 41 0
 8.977146285929814e-06 201 8 0 59 100 100 41 41 0
 8.388284004496082e-06 201 8 0 0 0 100 41 41 0
 2.936333016179043e-07 201 2 0 47 100 100 41 41 0
 1.642117510194443e-05 201 9 0 0 0 100 41 41 0
 1.547788361522165e-05 201 9 0 0 0 100 41 41 0
 1.434394046862122e-05 201 9 0 0 0 100 41 41 0
 1.29803385416692e-05 201 9 0 0 0 100 41 41 0
 1.133988371533576e-05 201 9 0 0 0 100 41 41 0
 9.365387975194673e-06 201 8 0 0 0 100 41 41 0
 6.987426670168686e-06 201 8 0 0 0 100 41 41 0
 4.121540077691143e-06 201 7 0 10 0 100 41 41 0
 1.30934464707891e-06 201 5 0 0 0 100 41 41 0
 2.581135465676107e-06 201 0 0 0 0 0 0 0 0


# name: nInitialIterations
# type: scalar
50


# name: time
# type: scalar
1453.703964948654


