# Created by Octave 3.6.2, Thu May 16 01:23:29 2013 CEST <alex@vostro-1520>
# name: packedGnn
# type: scalar struct
# ndims: 2
 1 1
# length: 10
# name: transitionNet
# type: scalar struct
# ndims: 2
 1 1
# length: 15
# name: weights1
# type: matrix
# rows: 5
# columns: 7
 0.05151562209164759 -0.09738472670591246 0.08969540206912235 -0.08865057048855983 -0.09006450966938463 0.09989974460524562 -0.1220177749489276
 -0.09534056531456304 -0.07980767900115739 0.05984810415410335 -0.06015283291367877 0.02710300208455677 0.09974914230845197 -0.05887233545807265
 -0.09699949043933452 -0.08498951111633334 0.01620825039406765 -0.002261872013410174 0.03639942053418724 -0.114227960732248 0.06657879549300272
 0.1064420812549713 0.0682778299740498 0.03269124819476529 0.08857643357556919 0.02055011711508337 -0.09470844481497311 0.08800623759850981
 0.1096620735621848 -0.04357329903355213 0.0691957713587201 0.05238166853503487 -0.1211859607574091 0.1193862739629927 0.08713074383588071


# name: bias1
# type: matrix
# rows: 5
# columns: 1
 -0.09739989194435104
 -0.05275457149251202
 -0.002634489030397744
 0.08344531021354587
 0.1247037093512198


# name: weights2
# type: matrix
# rows: 5
# columns: 5
 0.1057919467691715 0.03584143619661762 -0.1086889712973983 -0.04009690494812355 -0.1289729632112984
 0.06474977298368534 0.04014135396902326 0.1246514960347799 -0.02285822575446196 -0.03239194005919127
 0.1564202753854211 0.04590738629968168 0.139414354081508 0.1535613351545822 0.03441838213294005
 -0.01365110710953556 0.02373364172200916 -0.06559068194428154 0.0863919909759524 -0.09368230007867956
 0.012458233162388 0.06634892193266717 -0.08090311009679139 0.02451430544500455 -0.1441037904035403


# name: bias2
# type: matrix
# rows: 5
# columns: 1
 -0.01618548595980934
 -0.05405754820682371
 0.1576570576217687
 0.04951206757073364
 0.1397717974777489


# name: nInputLines
# type: scalar
7


# name: nHiddenNeurons
# type: scalar
5


# name: nOutputNeurons
# type: scalar
5


# name: nWeights
# type: scalar
70


# name: outputFun
# type: sq_string
# elements: 1
# length: 6
tansig


# name: activation1
# type: matrix
# rows: 0
# columns: 0


# name: activationderivative1
# type: matrix
# rows: 0
# columns: 0


# name: activation2ndderivative1
# type: matrix
# rows: 0
# columns: 0


# name: activation2
# type: matrix
# rows: 0
# columns: 0


# name: activationderivative2
# type: matrix
# rows: 0
# columns: 0


# name: activation2ndderivative2
# type: matrix
# rows: 0
# columns: 0




# name: outputNet
# type: scalar struct
# ndims: 2
 1 1
# length: 15
# name: weights1
# type: matrix
# rows: 5
# columns: 5
 -0.01920146313253792 0.03301183337462165 0.0104009066291089 0.0226908908304648 0.002714622149984399
 -0.01999076376700887 -0.01386598648070856 0.01076242381431229 -0.01141646973061613 0.009234182377461002
 0.001815615396503212 0.01162903048497764 -0.01138574735115076 -0.03319587125421358 -0.02280459882946333
 -0.008487863929694433 -0.02468649846843788 -0.0326967910301644 0.03085652731137351 -0.01986469351388852
 0.001243027881602465 0.02583940643003713 0.0262454139527523 0.000951812596690016 -0.009096175610697522


# name: bias1
# type: matrix
# rows: 5
# columns: 1
 -0.07571223209425361
 -0.007127257920038673
 0.108356299969729
 0.000547142209933682
 -0.008812301773977274


# name: weights2
# type: matrix
# rows: 1
# columns: 5
 -0.08587231321293277 0.06176980700367333 0.1207569250406578 -0.0006467998751025772 0.08147140456017476


# name: bias2
# type: scalar
-0.07492566673025601


# name: nInputLines
# type: scalar
5


# name: nHiddenNeurons
# type: scalar
5


# name: nOutputNeurons
# type: scalar
1


# name: nWeights
# type: scalar
36


# name: outputFun
# type: sq_string
# elements: 1
# length: 6
tansig


# name: activation1
# type: matrix
# rows: 0
# columns: 0


# name: activationderivative1
# type: matrix
# rows: 0
# columns: 0


# name: activation2ndderivative1
# type: matrix
# rows: 0
# columns: 0


# name: activation2
# type: matrix
# rows: 0
# columns: 0


# name: activationderivative2
# type: matrix
# rows: 0
# columns: 0


# name: activation2ndderivative2
# type: matrix
# rows: 0
# columns: 0




# name: maxIndegree
# type: scalar
5


# name: stateSize
# type: scalar
5


# name: nodeLabelSize
# type: scalar
1


# name: edgeLabelSize
# type: scalar
1


# name: minStateDiff
# type: scalar
1e-08


# name: minErrorAccDiff
# type: scalar
1e-08


# name: contractionConstant
# type: scalar
0.9


# name: nWeights
# type: scalar
106




# name: trainStats
# type: matrix
# rows: 51
# columns: 10
 0.05832026566749476 11 4 0 0 0 100 41 41 0
 0.2198231203134945 12 6 0 31 81 100 41 41 0
 0.1133261802128535 13 7 0 20 17 100 41 41 0
 0.04048481540768578 13 6 0 16 81 100 41 41 0
 0.09603737186583236 11 5 0 31 19 100 41 41 0
 0.01790622420668224 13 5 0 11 25 100 41 41 0
 0.04958998350360317 16 6 0 36 61 100 41 41 0
 0.009895149785660357 13 4 0 6 3 100 41 41 0
 0.04292389068837269 16 6 0 53 97 100 41 41 0
 0.009736701804732108 12 4 0 6 3 100 41 41 0
 0.01380759961883728 14 5 0 53 97 100 41 41 0
 0.009657408766664799 13 4 0 6 3 100 41 41 0
 0.001454125505127791 14 4 0 53 97 100 41 41 0
 0.009617749988527524 13 4 0 6 3 100 41 41 0
 0.004233753928682754 13 4 0 0 0 100 41 41 0
 0.002665908748205039 13 4 0 59 100 100 41 41 0
 0.004233753928682711 13 4 0 0 0 100 41 41 0
 0.0008486981691348724 13 3 0 0 0 100 41 41 0
 0.003384577536615308 14 4 0 59 100 100 41 41 0
 0.0008486981691348239 14 3 0 0 0 100 41 41 0
 0.001244370441373648 12 4 0 59 100 100 41 41 0
 0.0008486981691348239 14 3 0 0 0 100 41 41 0
 0.0001919737611647403 13 3 0 59 100 100 41 41 0
 0.0008486981691350042 13 3 0 0 0 100 41 41 0
 0.0003298239150278179 13 3 0 0 0 100 41 41 0
 0.0002966847966820467 13 3 0 59 100 100 41 41 0
 0.000329823915027915 13 3 0 0 0 100 41 41 0
 1.70966230214338e-05 13 2 0 0 0 100 41 41 0
 0.0003595677234677734 13 3 0 59 100 100 41 41 0
 1.709662302147544e-05 13 2 0 0 0 100 41 41 0
 0.0001710456259911186 13 3 0 59 100 100 41 41 0
 1.709662302137136e-05 13 2 0 0 0 100 41 41 0
 7.692704299561959e-05 13 3 0 59 100 100 41 41 0
 1.709662302173912e-05 13 2 0 0 0 100 41 41 0
 2.990334819497383e-05 13 2 0 59 100 100 41 41 0
 1.709662302267587e-05 12 2 0 0 0 100 41 41 0
 6.400397493107368e-06 13 2 0 59 100 100 41 41 0
 1.709662302172524e-05 13 2 0 0 0 100 41 41 0
 5.348853993403572e-06 14 2 0 0 0 100 41 41 0
 8.750425693057709e-06 14 2 0 59 100 100 41 41 0
 5.348853993341123e-06 13 2 0 0 0 100 41 41 0
 1.700526795425399e-06 13 2 0 59 100 100 41 41 0
 5.348853993396633e-06 14 2 0 0 0 100 41 41 0
 1.824211649256088e-06 13 2 0 0 0 100 41 41 0
 2.405535272721272e-06 13 2 0 59 100 100 41 41 0
 1.82421164905486e-06 13 2 0 0 0 100 41 41 0
 1.115151281239994e-06 13 1 0 59 100 100 41 41 0
 1.824211649380988e-06 13 2 0 0 0 100 41 41 0
 9.487174576283604e-07 14 1 0 59 100 100 41 41 0
 1.824211649186699e-06 14 2 0 0 0 100 41 41 0
 8.953707251455439e-07 13 0 0 0 0 0 0 0 0


# name: nInitialIterations
# type: scalar
50


# name: time
# type: scalar
168.2574639320374


