# Created by Octave 3.6.2, Mon May 13 14:07:06 2013 CEST <alex@desktop>
# name: packedGnn
# type: scalar struct
# ndims: 2
 1 1
# length: 10
# name: transitionNet
# type: scalar struct
# ndims: 2
 1 1
# length: 15
# name: weights1
# type: matrix
# rows: 5
# columns: 7
 0.1030927959868067 0.002860739595891365 0.09904966708279175 0.01690296722821696 -0.116649138383788 -0.09177652530980519 -0.04178104581183135
 -0.1119927390841848 -0.002907140547286899 0.07126735922134644 -0.009983945040278566 0.04576788105751148 0.04105134827760987 0.04039058541727536
 -0.03221538669147263 -0.07324270806068454 -0.02530767390782311 -0.07554544880222135 0.01027970120158286 0.123158800130007 -0.1215457480086022
 0.07591647524554518 0.104984743807806 -0.02960664071161766 0.006506282641416394 -0.07316653322042636 0.1211460081703438 -0.01415252518281375
 0.07295089318675638 -0.06747281201845969 0.04606033474820104 0.07281265471575804 0.03440064429049275 0.1188892961984843 0.09838382739024357


# name: bias1
# type: matrix
# rows: 5
# columns: 1
 -0.08990965114128609
 0.07871843292887468
 -0.1065964795280394
 -0.1138924343303213
 0.08894780260848237


# name: weights2
# type: matrix
# rows: 5
# columns: 5
 -0.1213403134969698 0.1274595677138457 0.0957670862326524 -0.1135579183311806 -0.136831215412564
 -0.01358972862836066 0.02228647223692078 -0.1477401066925181 -0.03604042114852241 0.1453652254181049
 0.1142625813840635 0.09319985758343285 -0.004464523860386409 -0.02557149017525123 0.05890677184817424
 -0.06914508948450958 -0.1544287391488258 0.001283801968060327 -0.09617846966074511 0.1512755631080813
 0.09010177889291877 -0.1237548815709865 -0.1276009743261708 -0.01736200095528182 0.06686839123260775


# name: bias2
# type: matrix
# rows: 5
# columns: 1
 0.1078378907129651
 -0.04117088134537034
 -0.02375367170723143
 -0.05242734753937223
 -0.0645432198780917


# name: nInputLines
# type: scalar
7


# name: nHiddenNeurons
# type: scalar
5


# name: nOutputNeurons
# type: scalar
5


# name: nWeights
# type: scalar
70


# name: outputFun
# type: sq_string
# elements: 1
# length: 6
tansig


# name: activation1
# type: matrix
# rows: 0
# columns: 0


# name: activationderivative1
# type: matrix
# rows: 0
# columns: 0


# name: activation2ndderivative1
# type: matrix
# rows: 0
# columns: 0


# name: activation2
# type: matrix
# rows: 0
# columns: 0


# name: activationderivative2
# type: matrix
# rows: 0
# columns: 0


# name: activation2ndderivative2
# type: matrix
# rows: 0
# columns: 0




# name: outputNet
# type: scalar struct
# ndims: 2
 1 1
# length: 15
# name: weights1
# type: matrix
# rows: 5
# columns: 5
 -0.02824255317947639 0.01111654740476155 0.01576766764080778 -0.003068219738427454 0.002457937615075238
 -0.03253190547348767 0.009648604488060892 0.02220773753179259 -0.03054292850701344 -0.01369242441396213
 0.03270493986918784 -0.01574364639414041 -7.793131501765046e-05 -0.0312286286278071 0.03303011170755709
 -0.02228299799644474 0.02875125820692194 0.01660627674930405 -0.02963198338652623 -0.008718180214081517
 0.02772474644076514 0.008284982738365724 0.004690939255126218 0.02882743805611476 0.0007751036743108915


# name: bias1
# type: matrix
# rows: 5
# columns: 1
 -0.1174670949010467
 -0.1395427132977983
 0.04293984070904559
 0.07480367932907532
 -0.02703301657020505


# name: weights2
# type: matrix
# rows: 1
# columns: 5
 -0.1073452596758615 0.08368199520202939 -0.07962466206603004 -0.006891877163047751 -0.07022374433720856


# name: bias2
# type: scalar
0.02161946009679179


# name: nInputLines
# type: scalar
5


# name: nHiddenNeurons
# type: scalar
5


# name: nOutputNeurons
# type: scalar
1


# name: nWeights
# type: scalar
36


# name: outputFun
# type: sq_string
# elements: 1
# length: 6
tansig


# name: activation1
# type: matrix
# rows: 0
# columns: 0


# name: activationderivative1
# type: matrix
# rows: 0
# columns: 0


# name: activation2ndderivative1
# type: matrix
# rows: 0
# columns: 0


# name: activation2
# type: matrix
# rows: 0
# columns: 0


# name: activationderivative2
# type: matrix
# rows: 0
# columns: 0


# name: activation2ndderivative2
# type: matrix
# rows: 0
# columns: 0




# name: maxIndegree
# type: scalar
5


# name: stateSize
# type: scalar
5


# name: nodeLabelSize
# type: scalar
1


# name: edgeLabelSize
# type: scalar
1


# name: minStateDiff
# type: scalar
1e-08


# name: minErrorAccDiff
# type: scalar
1e-08


# name: contractionConstant
# type: scalar
0.9


# name: nWeights
# type: scalar
106




# name: graph
# type: scalar struct
# ndims: 2
 1 1
# length: 9
# name: nodeLabels
# type: matrix
# rows: 120
# columns: 1
 1.048929770537382
 7.888906265966011
 0.2215989725562787
 10.20849994266422
 10.13468457375922
 2.336445809764089
 10.17537717205616
 0.05012369995334758
 6.073258850560165
 8.799123890232575
 3.144021579469149
 1.501159130007386
 7.064882002550898
 8.664600093669314
 9.502550105708172
 5.127939627309426
 1.456804831543082
 0.223714512620499
 3.443627497156921
 9.552044124941713
 0.917752117488509
 8.024872361610996
 -0.02954038878687806
 7.547287126817221
 1.088448539363567
 8.684809224474717
 4.899462316849067
 0.2651440690610654
 9.95096585541668
 7.156072924698663
 8.834108243944817
 -0.04792217104479692
 7.984388972495369
 9.854555965020092
 3.058774078553609
 1.132146333734212
 2.947126865114226
 -0.1324709848588487
 0.9427648493323002
 10.04024633069978
 9.921687504519616
 0.1345525589767738
 6.326040815192424
 -0.2746046235434426
 9.721615043779819
 1.226329324246133
 -0.03037776429299689
 3.539699647691831
 1.147784978750165
 4.055300078781296
 9.837872229782921
 4.422465108736223
 0.6867388365792525
 7.96741678670821
 1.040303317784373
 10.0626806652326
 6.242002436537303
 3.984713387458034
 -0.2495355488172864
 2.20429709693921
 9.932425010734319
 2.746492050725622
 2.093945694657084
 0.8274705336581804
 9.42080921007266
 0.01409146504778731
 5.928111901229238
 6.495126174647307
 -0.3034288080778187
 10.34266139024141
 9.872364121823088
 0.7978129995365497
 -0.07495795638897232
 7.868328095644416
 5.541126737639909
 3.116772394498277
 10.31249620323782
 1.328285054493497
 6.261974069464651
 0.008019397897647563
 10.04076053217544
 8.893851277973571
 4.297999889514814
 0.8195967173202572
 1.151504426982353
 9.961855986914291
 0.2788775926714991
 9.822936349667081
 3.176561925062086
 7.944005800429103
 2.248313903652343
 3.612684059782485
 -0.1543822986518241
 1.158047487634731
 10.50117561235053
 8.664301047204392
 0.03150308676282298
 9.705746100255782
 8.8921749295847
 -0.3122149622226275
 8.119386342135201
 0.9614307779629657
 1.155014067105251
 9.886825967840162
 0.3658863731845546
 8.112145638226687
 9.993278563009778
 0.04213190024303554
 9.141309354241717
 0.6846789290128934
 1.137990623107991
 6.095139703652558
 0.3164452696822672
 9.710850299819931
 0.5895487619436039
 0.2371257095579512
 3.966488498925612
 9.97863223773904
 3.327395096019456
 0.1747568720928153


# name: expectedOutput
# type: matrix
# rows: 120
# columns: 1
 1
 -1
 1
 -1
 1
 -1
 1
 1
 -1
 -1
 -1
 1
 -1
 -1
 1
 -1
 1
 1
 -1
 1
 1
 -1
 1
 -1
 1
 -1
 -1
 1
 1
 -1
 -1
 1
 -1
 1
 -1
 1
 -1
 1
 1
 1
 1
 1
 -1
 1
 1
 1
 1
 -1
 1
 -1
 1
 -1
 1
 -1
 1
 1
 -1
 -1
 1
 -1
 1
 -1
 -1
 1
 -1
 1
 -1
 -1
 1
 1
 1
 1
 1
 -1
 -1
 -1
 1
 1
 -1
 1
 1
 -1
 -1
 1
 1
 1
 1
 1
 -1
 -1
 -1
 -1
 1
 1
 1
 -1
 1
 1
 -1
 1
 -1
 1
 1
 1
 1
 -1
 1
 1
 -1
 1
 1
 -1
 1
 1
 1
 -1
 -1
 1
 -1
 1


