# Created by Octave 3.6.2, Mon May 13 23:15:57 2013 CEST <alex@desktop>
# name: trainStats
# type: matrix
# rows: 51
# columns: 10
 11.09495813122165 10 6 0 0 0 100 7 7 0
 10.79825788764634 14 10 0 31 53 100 7 7 0
 11.18733859286887 9 6 0 31 28 100 7 7 0
 12.0242032824904 34 28 1 36 69 67 81 49 39
 10.92201737448624 34 25 0 29 22 100 7 7 0
 10.7459898184768 33 33 1 17 22 100 36 36 0
 10.36561391651005 36 26 0 46 11 100 7 7 0
 10.26950400118761 39 29 1 4 58 91 57 49 3
 10.12390440928222 27 20 1 33 11 97 59 56 5
 10.23146712111874 43 32 1 34 39 86 66 51 43
 10.64411972881696 47 42 1 36 56 93 61 54 4
 10.37678372399028 44 39 1 13 14 84 66 50 8
 10.08026928276769 28 28 1 17 11 73 84 57 51
 9.696652094860733 41 44 1 19 44 66 76 41 406
 9.572744589060388 66 39 1 16 25 54 94 49 16555
 9.6082510130668 44 32 1 23 19 66 79 44 295
 9.733826764255834 201 49 1 10 8 49 90 39 471
 9.554702532517741 67 50 1 17 33 54 94 49 1052
 9.465986305125718 155 55 1 11 36 60 84 44 217
 9.315861701657642 201 201 1 14 8 63 87 50 1233
 10.40884063951679 40 29 1 23 47 63 99 61 17941
 10.32421867705199 201 38 1 11 3 51 97 49 61148
 10.15629922670048 201 201 1 36 50 81 66 47 727
 10.27283936257013 78 62 1 14 19 57 86 43 54094
 10.66138551874563 201 201 1 40 25 87 53 40 160
 10.97963062011991 201 126 1 23 3 57 93 50 2531
 10.70660559824586 201 153 1 20 17 46 99 44 102598
 10.49324711865787 201 201 1 30 11 76 61 37 210
 10.5164723695803 201 201 1 17 22 86 74 60 466
 10.41454056303989 201 116 1 24 11 67 96 63 1371702
 10.3773354531768 201 201 1 27 11 84 60 44 3017
 10.3208393173282 201 201 1 24 17 59 83 41 39469
 10.25431702225416 201 103 1 23 14 53 94 47 95056
 10.10436845128538 201 57 1 16 11 61 94 56 15447
 10.15449625279459 201 201 1 44 28 79 57 36 1252
 10.27882577627211 201 201 1 11 8 79 63 41 228
 10.35032925868082 201 36 1 34 69 46 96 41 9352
 10.4945344037897 201 67 1 13 14 51 97 49 172996
 10.59780995074675 201 201 1 33 25 87 54 41 9932
 10.65231403752335 201 201 1 7 6 89 66 54 1016
 10.7104662129479 201 201 1 23 8 47 94 41 9723
 10.45775918999157 201 201 1 27 67 81 66 47 8044
 10.3720951440435 201 166 1 20 17 57 99 56 116073
 10.49254961676674 201 201 1 14 17 59 93 51 849
 10.6482620908291 201 201 1 30 31 87 66 53 153
 10.65559511996035 201 201 1 9 36 79 70 49 30237
 10.54745478560966 201 201 1 10 8 74 69 43 21016
 10.60063444206191 201 201 1 0 8 79 74 53 1512
 10.57150447932347 201 201 1 6 31 83 76 59 683297
 10.48602287298758 201 201 1 36 19 79 60 39 6443
 10.61226229905636 201 0 0 0 0 0 0 0 0


# name: timeElapsed
# type: scalar
4696.204774141312


# name: evaluation
# type: matrix
# rows: 1
# columns: 3
 0.7 0.7894736842105263 0.6521739130434783


# name: contractionConstant
# type: scalar
0.5


# name: minStateDiff
# type: scalar
1e-07


# name: minErrorAccDiff
# type: scalar
1e-07


