# Created by Octave 3.6.2, Mon May 13 21:36:25 2013 CEST <alex@desktop>
# name: trainStats
# type: matrix
# rows: 51
# columns: 10
 11.09495813122637 10 6 0 0 0 100 7 7 0
 10.79825788764938 14 10 0 31 53 100 7 7 0
 11.18733859286916 9 6 0 31 28 100 7 7 0
 12.02420328132492 35 28 0 37 69 100 7 7 0
 10.92989599430254 22 16 0 23 14 100 7 7 0
 10.93549698092482 32 25 0 21 50 100 7 7 0
 10.83935118455564 92 97 0 13 8 100 7 7 0
 10.40799007423448 75 63 0 30 14 100 7 7 0
 9.721601173979508 67 40 0 20 28 100 7 7 0
 11.7384761063932 20 15 0 44 19 100 7 7 0
 9.562668020578458 27 19 0 27 47 100 7 7 0
 9.647305574057858 23 19 0 44 17 100 7 7 0
 9.442830786238433 24 17 0 34 58 100 7 7 0
 9.082507135882857 22 15 0 4 14 100 7 7 0
 9.703090648541597 24 19 0 61 25 100 7 7 0
 8.994418862856907 21 14 0 7 25 100 7 7 0
 9.223022676813493 28 23 0 49 22 100 17 17 0
 9.087692907738425 28 24 0 7 6 100 17 17 0
 9.053385028708282 43 38 1 40 6 67 97 64 12610
 8.91993785147783 29 23 0 17 28 100 17 17 0
 8.97347570637598 32 25 0 1 11 100 7 7 0
 8.863511928559694 33 26 0 1 33 100 17 17 0
 8.773370414713625 36 28 0 6 17 100 17 17 0
 8.713996705604877 37 26 0 0 28 100 17 17 0
 8.663987618442956 37 25 0 10 17 100 17 17 0
 8.638134635906741 40 20 0 0 28 100 17 17 0
 8.941360314372654 39 24 0 16 25 100 17 17 0
 8.599101688962294 38 24 0 19 8 100 17 17 0
 9.257440944782795 201 27 0 17 19 100 7 7 0
 8.841493157432 201 27 0 3 22 100 17 17 0
 8.682460774377542 40 27 0 21 22 100 17 17 0
 8.97182800149489 201 201 1 24 17 84 61 46 3203
 9.005868698644283 201 22 0 30 31 100 7 7 0
 8.732028160243054 32 23 0 17 42 100 17 17 0
 9.352821695759433 201 21 0 33 39 100 7 7 0
 8.853702490174692 201 32 0 21 8 100 7 7 0
 8.833860271833526 26 20 0 19 39 100 17 17 0
 8.609357335282112 23 17 0 3 31 100 17 17 0
 8.564715958901074 20 15 0 4 8 100 17 17 0
 8.799397425805202 17 14 0 4 8 100 17 17 0
 8.748354782398007 23 17 0 10 3 100 17 17 0
 9.032870297063015 22 18 0 11 17 100 17 17 0
 9.042491815780151 25 25 0 24 19 100 17 17 0
 9.22415607359985 201 201 1 39 58 66 96 61 482497651877
 8.943984445601217 51 41 0 13 14 100 17 17 0
 9.137438746200644 34 28 0 26 14 100 7 7 0
 8.783576502627392 148 161 0 26 19 100 17 17 0
 8.935754299070254 33 33 0 40 75 100 17 17 0
 8.634128194065323 60 55 0 10 8 100 17 17 0
 8.723611570846879 52 40 0 30 39 100 17 17 0
 8.338398725008672 105 0 0 0 0 0 0 0 0


# name: timeElapsed
# type: scalar
2210.694535017014


# name: evaluation
# type: matrix
# rows: 1
# columns: 3
 0.7833333333333333 0.8524590163934426 0.7536231884057971


# name: contractionConstant
# type: scalar
2


# name: minStateDiff
# type: scalar
1e-07


# name: minErrorAccDiff
# type: scalar
1e-07


