# Created by Octave 3.6.2, Mon May 13 12:29:53 2013 CEST <alex@desktop>
# name: trainStats
# type: matrix
# rows: 51
# columns: 10
 10.92507387366761 10 6 0 0 0 100 7 7 0
 10.90637511107835 13 8 0 50 42 100 7 7 0
 11.63987805225592 32 25 0 17 33 100 7 7 0
 10.72710914817636 201 201 0 29 8 100 7 7 0
 11.88870599656772 14 9 0 50 92 100 7 7 0
 10.83750926025722 38 27 0 9 0 100 7 7 0
 10.85441239036112 67 45 0 51 67 100 7 7 0
 10.81642315685103 103 81 0 11 28 100 7 7 0
 11.02957671100115 201 201 0 27 36 100 7 7 0
 11.00157915848577 201 201 0 23 39 100 7 7 0
 10.9656772129819 201 200 0 39 0 100 7 7 0
 10.91616206932407 201 201 0 23 33 100 7 7 0
 10.83906306539344 201 201 0 33 8 100 7 7 0
 10.69186876244098 201 201 0 40 6 100 7 7 0
 10.6794122657788 201 201 0 20 17 100 7 7 0
 10.51351872658195 201 201 0 23 11 100 7 7 0
 10.58544209852771 72 56 0 30 47 100 7 7 0
 10.68907153093384 50 40 0 3 25 100 7 7 0
 10.73098637733019 53 40 0 34 61 100 7 7 0
 11.00960696894455 65 53 0 9 33 100 7 7 0
 10.86449931797217 59 44 0 13 3 100 7 7 0
 10.78187377966411 41 30 0 16 17 100 7 7 0
 10.72989315876788 29 20 0 10 67 100 7 7 0
 10.7584733455641 19 13 0 9 3 100 7 7 0
 10.65186939678883 13 8 0 4 0 100 7 7 0
 10.58180207868625 12 7 0 13 61 100 7 7 0
 10.54032121885601 11 7 0 7 0 100 7 7 0
 10.47474669288443 12 7 0 17 75 100 7 7 0
 10.41076470513696 13 7 0 9 3 100 7 7 0
 10.32146627396174 13 7 0 14 39 100 7 7 0
 10.22133797888219 16 7 0 20 17 100 7 7 0
 10.06468558941068 201 16 0 13 8 100 7 7 0
 9.760559701267901 39 17 0 17 22 100 7 7 0
 10.4207384678951 89 55 0 50 44 100 7 7 0
 10.66435365637287 52 35 0 21 14 100 7 7 0
 9.913668485467669 30 30 0 14 6 100 7 7 0
 9.793339355410458 57 51 0 63 19 100 7 7 0
 9.499504745377886 132 111 0 7 11 100 7 7 0
 9.006889930650377 90 46 0 24 47 100 7 7 0
 9.012869870370439 49 35 0 7 8 100 7 7 0
 9.700002750198866 107 45 0 29 22 100 7 7 0
 9.369457394549688 201 201 0 27 3 100 7 7 0
 10.13042562441294 201 201 0 34 19 100 7 7 0
 9.422997587697294 201 120 0 14 17 100 7 7 0
 9.097699327208634 201 72 0 36 28 100 7 7 0
 8.749308043879825 201 43 0 17 14 100 7 7 0
 8.992261539315081 46 30 0 10 14 100 7 7 0
 9.574781643313763 55 25 0 16 8 100 7 7 0
 9.866454601124202 52 41 0 23 22 100 7 7 0
 10.03683143515723 31 27 0 9 22 100 7 7 0
 10.32418438194623 24 0 0 0 0 0 0 0 0


# name: timeElapsed
# type: scalar
3121.602151155472


# name: evaluation
# type: matrix
# rows: 1
# columns: 3
 0.8583333333333333 0.825 0.9565217391304348


# name: contractionConstant
# type: scalar
2


# name: minStateDiff
# type: scalar
1e-07


# name: minErrorAccDiff
# type: scalar
1e-07


