# Created by Octave 3.6.2, Mon May 13 10:46:11 2013 CEST <alex@desktop>
# name: trainStats
# type: matrix
# rows: 51
# columns: 10
 11.23475295677823 12 7 0 0 0 100 7 7 0
 10.80901554147546 10 7 0 41 42 100 7 7 0
 11.81855940508533 10 7 0 26 42 100 7 7 0
 10.89595065400968 57 42 1 43 39 57 93 50 2109
 10.4127553055086 201 201 1 19 33 80 61 41 1155
 10.99978303173895 201 201 1 36 53 90 53 43 41
 10.91547206473604 201 201 1 26 22 87 56 43 413
 10.52164363506829 201 201 1 37 67 97 56 53 21
 10.15738139178328 201 201 1 26 6 99 51 50 0
 10.40189047108463 201 201 1 33 42 83 54 37 716
 10.8987183128672 25 20 1 39 22 96 69 64 688
 10.80999697321831 49 40 1 23 72 63 90 53 5809
 10.71916858904285 37 29 1 4 14 61 86 47 606
 10.76022971220775 23 17 1 9 11 67 81 49 831
 10.76433100412907 22 18 1 10 36 63 87 50 1301
 10.83021009658356 19 15 1 17 3 70 79 49 1500
 10.79102665461518 60 52 1 17 22 57 89 46 958
 10.99631815354311 22 17 1 24 19 74 71 46 294
 11.01418351281158 46 40 1 19 22 67 90 57 368
 11.22093488102818 77 57 1 31 42 71 76 47 28
 11.3421722700912 51 40 1 19 17 50 93 43 181
 11.13174503749332 43 33 1 19 11 51 96 47 197
 10.96999924031105 39 35 1 16 3 64 93 57 2826
 10.81586612703804 61 43 1 14 31 51 97 49 997
 10.66356797785268 50 41 1 9 28 47 97 44 134571
 10.51605258725947 104 117 1 11 17 56 96 51 25914
 10.38606604801073 201 201 1 20 3 84 67 51 9014
 10.55485003496184 201 157 1 29 36 61 87 49 1597
 10.85713062084536 100 45 1 10 33 71 81 53 4206
 10.85798296577461 201 99 1 20 8 64 83 47 1423
 10.82405967739283 34 11 0 37 42 100 7 7 0
 10.82104969798331 201 156 1 19 17 63 87 50 90715
 10.82782614122613 201 18 0 41 28 100 7 7 0
 10.73161990589827 201 42 1 20 44 51 91 43 884
 10.76916497980203 201 66 1 33 8 66 87 53 61
 10.74115311829659 201 38 1 16 36 73 76 49 4605
 10.82238696248881 201 27 1 29 19 81 71 53 90
 10.81225686044041 201 24 1 17 0 84 54 39 1743
 10.81181984640791 201 28 1 24 39 80 74 54 532
 10.80635176613478 201 54 1 24 22 70 86 56 4465
 10.76754616338648 201 53 1 33 31 87 63 50 437
 10.73684845524509 201 49 1 23 22 70 93 63 3558
 10.87504055747912 201 201 1 40 39 89 71 60 89
 10.71421583156399 201 125 1 14 17 53 96 49 292
 10.78289564126272 201 33 1 21 33 80 71 51 916
 10.72877094918004 201 108 1 23 17 70 91 61 813
 10.75365653501033 201 87 1 7 31 61 91 53 699
 10.76490894119468 201 37 1 9 3 57 91 49 5995
 10.70478841379957 201 67 1 37 36 64 91 56 1246
 10.80489695981177 201 201 1 26 11 90 71 61 127
 10.76043219053571 201 0 0 0 0 0 0 0 0


# name: timeElapsed
# type: scalar
4575.03387093544


# name: evaluation
# type: matrix
# rows: 1
# columns: 3
 0.6333333333333333 0.6923076923076923 0.6521739130434783


# name: contractionConstant
# type: scalar
0.9


# name: minStateDiff
# type: scalar
1e-07


# name: minErrorAccDiff
# type: scalar
1e-07


