# Created by Octave 3.6.2, Mon May 13 15:41:54 2013 CEST <alex@desktop>
# name: trainStats
# type: matrix
# rows: 51
# columns: 10
 11.231855199398 11 7 0 0 0 100 7 7 0
 10.76225376670965 47 39 0 37 33 100 7 7 0
 10.82216224911699 50 46 0 31 42 100 7 7 0
 12.73989270563391 31 24 0 34 47 100 7 7 0
 11.45860045144109 72 62 0 13 22 100 7 7 0
 11.1195289187697 201 126 0 26 47 100 7 7 0
 10.88304126606658 30 15 0 51 39 100 7 7 0
 10.74283398391553 70 49 0 3 39 100 7 7 0
 10.83567813349038 46 41 0 40 36 100 7 7 0
 10.59490557535391 201 201 0 4 17 100 7 7 0
 10.85794968643529 201 66 0 21 28 100 7 7 0
 11.44697576483258 201 14 0 44 58 100 7 7 0
 11.20282629821362 201 12 0 11 14 100 7 7 0
 11.08776603869035 201 201 0 37 28 100 7 7 0
 10.82731627192031 201 201 0 21 28 100 7 7 0
 10.5743756508183 201 201 0 23 17 100 7 7 0
 10.6338421559464 201 201 0 31 44 100 7 7 0
 10.62462534544709 201 201 0 29 11 100 7 7 0
 10.49706646098923 201 201 0 23 25 100 7 7 0
 10.23151441059155 201 201 0 29 8 100 7 7 0
 10.49921693968781 201 201 1 40 31 100 53 53 6
 10.26251870178607 201 201 0 21 3 100 7 7 0
 9.997324902745364 201 201 0 33 25 100 7 7 0
 10.00867618309053 201 201 1 34 42 100 61 61 0
 9.927615959190922 201 201 0 33 33 100 7 7 0
 9.934085795334237 201 201 0 27 17 100 7 7 0
 9.726245151012447 201 127 0 49 25 100 7 7 0
 10.13202834041334 201 201 0 24 58 100 7 7 0
 9.759367830728424 201 201 0 23 3 100 7 7 0
 9.514859432258119 201 201 0 21 3 100 7 7 0
 9.764278623966767 201 201 0 27 39 100 7 7 0
 10.16131341657805 201 201 0 29 25 100 7 7 0
 10.43044904535135 201 201 0 43 8 100 7 7 0
 10.04177201413601 201 201 0 19 17 100 7 7 0
 9.730192362377615 201 201 0 33 11 100 7 7 0
 9.783817843759151 201 201 0 16 33 100 7 7 0
 9.985039613100186 201 201 0 43 25 100 7 7 0
 10.17249426857844 201 201 0 9 31 100 7 7 0
 9.894495879368632 201 201 0 39 19 100 7 7 0
 9.868524567562472 201 201 0 34 44 100 7 7 0
 10.04884841598723 201 201 0 13 19 100 7 7 0
 9.844777114948942 201 201 0 49 28 100 7 7 0
 9.783859547453469 201 201 0 23 14 100 7 7 0
 9.82117511200307 201 201 0 53 44 100 7 7 0
 9.507852668266644 201 201 0 16 17 100 7 7 0
 9.560555106807712 201 201 0 29 22 100 7 7 0
 9.816185621479285 201 201 0 51 31 100 7 7 0
 9.694927131965317 201 201 0 24 11 100 7 7 0
 9.320168936575406 201 201 0 30 31 100 7 7 0
 9.467051113581945 201 201 0 29 8 100 7 7 0
 9.467324348856737 201 0 0 0 0 0 0 0 0


# name: timeElapsed
# type: scalar
5688.364800214767


# name: evaluation
# type: matrix
# rows: 1
# columns: 3
 0.7333333333333333 0.8490566037735849 0.6521739130434783


# name: contractionConstant
# type: scalar
2


# name: minStateDiff
# type: scalar
1e-07


# name: minErrorAccDiff
# type: scalar
1e-07


