# Created by Octave 3.6.2, Mon May 13 18:43:14 2013 CEST <alex@desktop>
# name: trainStats
# type: matrix
# rows: 51
# columns: 10
 10.89063974694649 9 5 0 0 0 100 7 7 0
 11.06042164087094 18 13 0 51 92 100 7 7 0
 10.85758956070547 201 201 0 30 3 100 7 7 0
 10.77499057177093 29 21 0 23 39 100 7 7 0
 10.93859237517051 54 44 0 21 44 100 7 7 0
 10.85215835960178 13 8 0 26 17 100 7 7 0
 11.2276721812707 13 8 0 23 75 100 7 7 0
 10.92521622192049 11 7 0 43 17 100 7 7 0
 10.8217872796432 12 7 0 24 33 100 7 7 0
 10.92070075671388 15 10 0 50 61 100 7 7 0
 10.77087677780964 16 10 0 11 11 100 7 7 0
 10.59045822014275 16 11 0 36 19 100 7 7 0
 10.36702691209366 22 16 0 10 3 100 7 7 0
 10.27130684176173 201 201 0 29 22 100 7 7 0
 10.41937326991213 201 201 1 19 31 99 57 56 0
 10.83429463977019 201 70 0 50 53 100 7 7 0
 10.40337964027552 201 201 1 13 31 99 60 59 0
 10.32880589618079 201 201 1 34 3 99 46 44 0
 10.34088361424689 201 201 0 39 3 100 7 7 0
 10.32325194777248 201 201 0 14 33 100 7 7 0
 10.34046923393387 201 46 0 40 56 100 7 7 0
 10.13261912230598 201 201 1 34 8 99 50 49 66
 10.22742793140876 201 201 1 24 61 99 59 57 1
 10.22859019324723 201 201 1 36 17 96 61 57 11
 10.25358641559247 201 89 0 34 50 100 7 7 0
 10.20489988997293 201 201 1 29 19 99 40 39 0
 10.25625779103308 201 201 1 31 14 94 63 57 5
 10.19944614931432 201 201 1 29 3 89 61 50 15
 10.07760387154119 201 201 1 29 17 81 66 47 367
 10.09056688671323 201 201 1 19 44 83 71 54 37
 10.10548396874048 201 201 1 27 19 87 70 57 9
 10.05589745343003 201 201 1 16 11 60 84 44 374
 10.03235830171444 94 84 1 1 17 57 89 46 2592
 9.996047063671218 36 32 1 3 3 54 87 41 162
 9.945670440148428 22 22 1 7 3 51 91 43 122
 9.882185782124067 25 26 1 11 8 71 74 46 25
 9.935986964026178 28 27 1 7 22 56 90 46 114
 9.89710747780277 35 34 1 3 0 53 87 40 928
 9.859038077022007 38 38 1 4 19 56 84 40 250
 9.881641185528018 48 43 1 31 3 90 50 40 11
 9.881299856240517 100 87 0 6 19 100 7 7 0
 9.890337009459959 201 201 0 14 6 100 7 7 0
 9.903703974710787 84 110 0 21 33 100 7 7 0
 9.900913836066325 82 88 0 9 17 100 7 7 0
 9.873214971617976 63 38 1 14 33 99 59 57 0
 9.931640848026106 48 42 0 11 14 100 7 7 0
 9.932033782157523 46 40 0 11 22 100 7 7 0
 9.963372259368329 35 31 0 9 14 100 7 7 0
 9.98805797726382 35 29 0 9 44 100 7 7 0
 9.99803311545856 53 37 0 10 11 100 7 7 0
 10.08867648584868 100 0 0 0 0 0 0 0 0


# name: timeElapsed
# type: scalar
3137.381119012833


# name: evaluation
# type: matrix
# rows: 1
# columns: 3
 0.6416666666666667 0.703125 0.6521739130434783


# name: contractionConstant
# type: scalar
2


# name: minStateDiff
# type: scalar
1e-07


# name: minErrorAccDiff
# type: scalar
1e-07


