# Created by Octave 3.6.2, Mon May 13 20:59:35 2013 CEST <alex@desktop>
# name: packedGnn
# type: scalar struct
# ndims: 2
 1 1
# length: 10
# name: transitionNet
# type: scalar struct
# ndims: 2
 1 1
# length: 15
# name: weights1
# type: matrix
# rows: 5
# columns: 7
 0.05553260712619154 -0.09046333288606566 0.008465304289573511 -0.06294932533477708 0.02270327640348216 -0.07557928955751238 0.05977503500116657
 -0.09662928026802546 -0.07338020190762563 -0.06940850244282402 -0.01276374250104205 -0.009199146512557085 -0.04390418445151019 0.09684441291675494
 0.09422786537137554 -0.0234193757916837 -0.08271570175556191 0.1063575252845892 -0.05625286103803974 -0.1019357185144654 -0.1231090305660187
 -0.1091464806006402 0.009627309924919725 -0.02336154163432756 0.002178905616489896 -0.1038018031272179 -0.06858128771420581 -0.1046071773377815
 -0.06231457069855402 0.09550490878970097 0.06099596184075873 0.07528495039796421 -0.09052414227332277 -0.1142891412844671 -0.0315869748932474


# name: bias1
# type: matrix
# rows: 5
# columns: 1
 0.1246246237322464
 -0.09548483505057283
 -0.08340191238531512
 0.04430100345060198
 0.01300386746872645


# name: weights2
# type: matrix
# rows: 5
# columns: 5
 -0.1221984105304966 0.1030845699044795 -0.05310978293505114 0.1666397655988908 -0.1658380060208065
 0.1361367257787817 0.1520020077260595 0.06627202572350858 -0.1284201458297758 0.03443129100926286
 -0.1407782579255496 0.06582644093113299 -0.09193430289288979 0.1420719924268983 0.1247038598194919
 0.02672706149792081 -0.0003500727243259856 0.13952458136055 0.001929112152379046 0.06975040627756497
 0.09464749638576204 -0.09612387098060295 -0.005442382656161648 0.07591797433526966 -0.1497685444138654


# name: bias2
# type: matrix
# rows: 5
# columns: 1
 0.1654696062201706
 -0.1554172181715596
 -0.1041708228466572
 -0.1464540129644718
 0.07204591113548527


# name: nInputLines
# type: scalar
7


# name: nHiddenNeurons
# type: scalar
5


# name: nOutputNeurons
# type: scalar
5


# name: nWeights
# type: scalar
70


# name: outputFun
# type: sq_string
# elements: 1
# length: 6
tansig


# name: activation1
# type: matrix
# rows: 0
# columns: 0


# name: activationderivative1
# type: matrix
# rows: 0
# columns: 0


# name: activation2ndderivative1
# type: matrix
# rows: 0
# columns: 0


# name: activation2
# type: matrix
# rows: 0
# columns: 0


# name: activationderivative2
# type: matrix
# rows: 0
# columns: 0


# name: activation2ndderivative2
# type: matrix
# rows: 0
# columns: 0




# name: outputNet
# type: scalar struct
# ndims: 2
 1 1
# length: 15
# name: weights1
# type: matrix
# rows: 5
# columns: 5
 0.01782791565132039 0.008424687053672468 -0.02192749242740699 -0.0001245561188543465 0.01600114747688589
 -0.02886492665762611 0.02806685932964981 -0.02411274758483244 0.01053105991396038 -0.003935275480607662
 -0.004164059901851317 -0.006157458764101871 0.003446727128370738 -0.02052999839614395 0.02781804532254628
 -0.03308617003098938 -0.005187206163461648 -0.01498520223415025 -0.00118354961833322 0.02564366728310998
 -0.01635714060822055 -0.01563303066023633 -0.01793383644818054 0.02991103029160145 -0.008395033005719728


# name: bias1
# type: matrix
# rows: 5
# columns: 1
 0.02218968525234588
 0.1073768439947897
 0.02955907267880039
 -0.008940469189010203
 0.1641122733973044


# name: weights2
# type: matrix
# rows: 1
# columns: 5
 0.1206969568418987 -0.1466333875815024 -0.1547198954985954 -0.02624372906242232 -0.1080958876057207


# name: bias2
# type: scalar
0.06895693460085202


# name: nInputLines
# type: scalar
5


# name: nHiddenNeurons
# type: scalar
5


# name: nOutputNeurons
# type: scalar
1


# name: nWeights
# type: scalar
36


# name: outputFun
# type: sq_string
# elements: 1
# length: 6
tansig


# name: activation1
# type: matrix
# rows: 0
# columns: 0


# name: activationderivative1
# type: matrix
# rows: 0
# columns: 0


# name: activation2ndderivative1
# type: matrix
# rows: 0
# columns: 0


# name: activation2
# type: matrix
# rows: 0
# columns: 0


# name: activationderivative2
# type: matrix
# rows: 0
# columns: 0


# name: activation2ndderivative2
# type: matrix
# rows: 0
# columns: 0




# name: maxIndegree
# type: scalar
5


# name: stateSize
# type: scalar
5


# name: nodeLabelSize
# type: scalar
1


# name: edgeLabelSize
# type: scalar
1


# name: minStateDiff
# type: scalar
1e-08


# name: minErrorAccDiff
# type: scalar
1e-08


# name: contractionConstant
# type: scalar
0.9


# name: nWeights
# type: scalar
106




# name: graph
# type: scalar struct
# ndims: 2
 1 1
# length: 9
# name: nodeLabels
# type: matrix
# rows: 120
# columns: 1
 1.048929770537382
 7.888906265966011
 0.2215989725562787
 10.20849994266422
 10.13468457375922
 2.336445809764089
 10.17537717205616
 0.05012369995334758
 6.073258850560165
 8.799123890232575
 3.144021579469149
 1.501159130007386
 7.064882002550898
 8.664600093669314
 9.502550105708172
 5.127939627309426
 1.456804831543082
 0.223714512620499
 3.443627497156921
 9.552044124941713
 0.917752117488509
 8.024872361610996
 -0.02954038878687806
 7.547287126817221
 1.088448539363567
 8.684809224474717
 4.899462316849067
 0.2651440690610654
 9.95096585541668
 7.156072924698663
 8.834108243944817
 -0.04792217104479692
 7.984388972495369
 9.854555965020092
 3.058774078553609
 1.132146333734212
 2.947126865114226
 -0.1324709848588487
 0.9427648493323002
 10.04024633069978
 9.921687504519616
 0.1345525589767738
 6.326040815192424
 -0.2746046235434426
 9.721615043779819
 1.226329324246133
 -0.03037776429299689
 3.539699647691831
 1.147784978750165
 4.055300078781296
 9.837872229782921
 4.422465108736223
 0.6867388365792525
 7.96741678670821
 1.040303317784373
 10.0626806652326
 6.242002436537303
 3.984713387458034
 -0.2495355488172864
 2.20429709693921
 9.932425010734319
 2.746492050725622
 2.093945694657084
 0.8274705336581804
 9.42080921007266
 0.01409146504778731
 5.928111901229238
 6.495126174647307
 -0.3034288080778187
 10.34266139024141
 9.872364121823088
 0.7978129995365497
 -0.07495795638897232
 7.868328095644416
 5.541126737639909
 3.116772394498277
 10.31249620323782
 1.328285054493497
 6.261974069464651
 0.008019397897647563
 10.04076053217544
 8.893851277973571
 4.297999889514814
 0.8195967173202572
 1.151504426982353
 9.961855986914291
 0.2788775926714991
 9.822936349667081
 3.176561925062086
 7.944005800429103
 2.248313903652343
 3.612684059782485
 -0.1543822986518241
 1.158047487634731
 10.50117561235053
 8.664301047204392
 0.03150308676282298
 9.705746100255782
 8.8921749295847
 -0.3122149622226275
 8.119386342135201
 0.9614307779629657
 1.155014067105251
 9.886825967840162
 0.3658863731845546
 8.112145638226687
 9.993278563009778
 0.04213190024303554
 9.141309354241717
 0.6846789290128934
 1.137990623107991
 6.095139703652558
 0.3164452696822672
 9.710850299819931
 0.5895487619436039
 0.2371257095579512
 3.966488498925612
 9.97863223773904
 3.327395096019456
 0.1747568720928153


# name: expectedOutput
# type: matrix
# rows: 120
# columns: 1
 1
 -1
 1
 -1
 1
 -1
 1
 1
 -1
 -1
 -1
 1
 -1
 -1
 1
 -1
 1
 1
 -1
 1
 1
 -1
 1
 -1
 1
 -1
 -1
 1
 1
 -1
 -1
 1
 -1
 1
 -1
 1
 -1
 1
 1
 1
 1
 1
 -1
 1
 1
 1
 1
 -1
 1
 -1
 1
 -1
 1
 -1
 1
 1
 -1
 -1
 1
 -1
 1
 -1
 -1
 1
 -1
 1
 -1
 -1
 1
 1
 1
 1
 1
 -1
 -1
 -1
 1
 1
 -1
 1
 1
 -1
 -1
 1
 1
 1
 1
 1
 -1
 -1
 -1
 -1
 1
 1
 1
 -1
 1
 1
 -1
 1
 -1
 1
 1
 1
 1
 -1
 1
 1
 -1
 1
 1
 -1
 1
 1
 1
 -1
 -1
 1
 -1
 1


