# Created by Octave 3.6.2, Mon May 13 13:19:42 2013 CEST <alex@desktop>
# name: trainStats
# type: matrix
# rows: 51
# columns: 10
 10.92507387366713 10 6 0 0 0 100 7 7 0
 10.9063751110643 13 8 0 50 42 100 7 7 0
 11.63987805213783 32 25 0 17 33 100 7 7 0
 10.76322428109309 201 201 0 36 11 100 7 7 0
 11.74514166454394 20 14 0 46 75 100 7 7 0
 10.78657646968092 29 21 0 21 17 100 7 7 0
 10.85014567412168 17 11 0 36 44 100 7 7 0
 10.82865842439741 27 17 0 19 39 100 7 7 0
 10.85554996985931 17 13 0 10 14 100 7 7 0
 10.84708611079099 10 6 0 14 19 100 7 7 0
 10.83111448943547 11 7 0 34 47 100 7 7 0
 10.80330043543 14 10 0 16 28 100 7 7 0
 10.7385649040391 13 9 0 9 14 100 7 7 0
 10.60706856914016 19 14 0 24 8 100 7 7 0
 10.37211931959784 21 17 0 4 14 100 7 7 0
 10.50051387113371 27 20 1 20 17 100 50 50 1
 9.859721698337209 58 48 1 36 31 61 90 51 43190
 9.631436141488321 18 14 1 9 3 97 56 53 5
 9.331900723072659 29 23 1 40 14 66 91 57 8471
 9.501945481125322 87 62 1 14 25 59 96 54 1992
 9.530668474955572 56 41 1 13 25 59 97 56 602
 9.571989963812154 104 64 1 4 14 56 94 50 539
 9.728032470282875 106 70 1 26 8 50 96 46 23151
 10.83123929538701 31 23 1 19 19 54 97 51 7967
 10.06619068350043 201 201 1 30 8 94 73 67 4403
 10.06218089337318 201 201 1 31 17 87 74 61 1190
 10.83674833441778 27 11 0 36 28 100 7 7 0
 10.63974276662341 21 12 0 3 0 100 7 7 0
 10.42021569183158 37 20 1 17 56 96 54 50 18
 10.05394517811833 76 57 1 41 11 64 70 34 58
 10.75627499254059 75 58 1 14 28 73 77 50 268
 10.04938769765348 110 44 1 23 11 53 94 47 2785
 10.36316310990987 95 89 1 29 47 66 89 54 1983
 10.17728890826309 155 93 1 27 6 70 81 51 210
 10.18927034080348 103 80 1 29 47 59 90 49 756
 10.066442639534 77 95 1 17 8 59 90 49 78
 10.04257879689998 78 71 1 23 31 63 97 60 259
 9.990545621095695 44 30 1 7 19 67 84 51 132
 10.58984782971059 29 17 1 40 58 57 77 34 548
 10.08969013991712 113 201 1 4 22 61 89 50 228
 10.25922383173176 108 131 1 33 3 71 93 64 81
 10.3640426813574 99 44 1 21 36 70 96 66 1004
 10.37008326916749 201 110 1 39 31 81 70 51 325
 10.16136549789011 201 201 1 14 22 61 86 47 185
 10.02641403123524 201 201 1 31 6 86 70 56 598
 10.10262291233239 201 201 1 16 25 56 87 43 597
 10.19279453510235 201 201 1 30 11 94 60 54 338
 9.925952883547335 201 201 1 26 28 91 70 61 33
 10.11029673577682 201 201 1 21 14 71 79 50 4407
 9.982468025438807 201 201 1 36 22 96 70 66 5
 9.567388670102748 201 0 0 0 0 0 0 0 0


# name: timeElapsed
# type: scalar
2989.092425823212


# name: evaluation
# type: matrix
# rows: 1
# columns: 3
 0.725 0.8333333333333334 0.6521739130434783


# name: contractionConstant
# type: scalar
0.9


# name: minStateDiff
# type: scalar
1e-07


# name: minErrorAccDiff
# type: scalar
1e-07


