# Created by Octave 3.6.2, Mon May 13 09:29:56 2013 CEST <alex@desktop>
# name: trainStats
# type: matrix
# rows: 51
# columns: 10
 11.23475295678576 12 7 0 0 0 100 7 7 0
 10.80901554147951 10 7 0 41 42 100 7 7 0
 11.81855940509396 10 7 0 26 42 100 7 7 0
 10.89595064683403 59 42 1 47 39 99 50 49 7
 10.33460420417765 18 16 0 14 36 100 7 7 0
 10.17462085732576 59 51 1 37 33 69 73 41 67
 10.09560640086553 85 64 1 6 11 71 71 43 202
 10.04060330267196 76 51 1 19 22 71 79 50 300
 10.00579251368339 45 41 1 16 33 73 87 60 12563
 9.830107536253546 135 107 1 16 17 73 86 59 801
 11.14461534446291 59 30 1 30 61 96 51 47 10
 10.9252358511317 18 9 0 44 19 100 7 7 0
 10.59523607218532 22 12 0 10 22 100 7 7 0
 10.00569780914798 22 13 0 37 36 100 7 7 0
 10.44007082810974 23 15 0 30 39 100 7 7 0
 10.59509209839131 19 9 0 41 14 100 7 7 0
 10.10158561278908 15 11 0 29 0 100 7 7 0
 10.21665113285963 13 10 0 4 17 100 7 7 0
 10.22528047793328 14 9 0 54 50 100 7 7 0
 10.51812878378903 19 13 0 16 14 100 7 7 0
 9.936369390090158 18 12 0 61 36 100 7 7 0
 10.06250186238291 24 15 0 11 17 100 7 7 0
 9.971874414182437 25 16 0 44 50 100 7 7 0
 10.01580031783855 22 14 0 9 17 100 7 7 0
 9.829890861374764 26 18 0 36 33 100 7 7 0
 9.754429916613486 27 20 0 23 53 100 7 7 0
 9.750708235663703 28 20 0 26 19 100 7 7 0
 9.617035222525011 29 21 0 14 17 100 7 7 0
 9.551682881872193 31 24 0 3 33 100 7 7 0
 9.502438406304128 37 28 0 37 22 100 7 7 0
 9.309219051819134 38 43 0 0 33 100 7 7 0
 9.150833543459854 40 41 0 6 14 100 7 7 0
 9.024995561205975 41 33 0 9 14 100 7 7 0
 8.900270424018101 41 32 0 6 8 100 7 7 0
 8.762218302877192 40 30 0 6 6 100 7 7 0
 8.617311823179076 37 28 0 9 11 100 7 7 0
 8.476140026533319 31 23 1 11 6 91 57 49 7
 8.357378932956417 29 23 1 10 11 84 67 51 52
 8.258381174547635 82 52 1 31 6 54 80 34 39
 7.889708996624389 60 37 1 16 50 84 69 53 529
 7.796351506026838 158 92 1 19 11 73 91 64 104
 7.681814794038573 111 83 1 9 19 77 84 61 35
 7.416673774735925 201 201 1 33 58 94 80 74 18
 7.822908490851256 201 153 1 21 22 79 73 51 96
 8.911944870362174 201 201 1 23 39 97 73 70 10750
 8.914278835911864 201 201 1 39 28 99 56 54 2
 8.881006879013993 201 201 1 13 36 96 71 67 2
 9.938942037382558 201 201 1 60 33 97 59 56 26
 8.62669638553832 201 201 1 19 22 100 63 63 1
 9.431408486467618 201 201 1 39 28 90 64 54 11
 9.379839708506625 201 0 0 0 0 0 0 0 0


# name: timeElapsed
# type: scalar
2520.719027996063


# name: evaluation
# type: matrix
# rows: 1
# columns: 3
 0.8333333333333334 0.8769230769230769 0.8260869565217391


# name: contractionConstant
# type: scalar
2


# name: minStateDiff
# type: scalar
1e-07


# name: minErrorAccDiff
# type: scalar
1e-07


