# Created by Octave 3.6.2, Mon May 13 17:50:57 2013 CEST <alex@desktop>
# name: trainStats
# type: matrix
# rows: 51
# columns: 10
 11.23185519939581 11 7 0 0 0 100 7 7 0
 10.76225376695371 46 39 0 37 33 100 7 7 0
 10.82216224572657 52 46 1 33 42 84 77 61 117
 12.54890757791181 132 98 1 29 47 93 79 71 67
 11.14488968367393 201 201 0 20 22 100 7 7 0
 10.89456389797485 101 65 0 37 47 100 7 7 0
 10.91517532088289 23 15 0 46 31 100 7 7 0
 10.65294552071857 71 52 0 34 28 100 7 7 0
 10.58104978238811 40 31 0 39 56 100 7 7 0
 10.52808037926559 32 25 0 30 22 100 7 7 0
 10.32993706691167 24 21 0 31 53 100 7 7 0
 10.21522854197145 25 18 0 3 14 100 7 7 0
 10.16013342650903 43 21 0 27 25 100 7 7 0
 10.08934785473425 27 21 0 33 42 100 7 7 0
 10.08885482439169 34 25 1 13 17 96 63 59 15
 10.14242199585626 22 20 1 16 50 91 51 43 44
 10.2655948484184 21 21 1 1 14 91 57 49 20
 10.55379971790422 22 28 1 20 19 97 63 60 4
 10.81970227099112 33 31 1 13 3 96 57 53 5
 10.95515789700109 31 31 1 11 3 96 56 51 10
 10.90437448430764 23 19 1 23 44 97 66 63 8
 10.5951700282618 23 23 1 14 3 87 63 50 190
 10.50201408868526 23 19 1 19 50 81 76 57 233
 11.01208431067029 18 15 1 20 25 90 60 50 35
 10.72421970538557 14 12 1 19 14 79 73 51 58
 10.53008102330229 15 12 1 21 11 83 74 57 50
 10.32553786913753 18 14 1 13 28 80 70 50 10979
 10.37259251293518 18 14 1 27 25 84 63 47 85
 10.24758702972224 18 14 1 13 22 79 71 50 167
 10.20947560339199 19 15 1 23 36 81 79 60 104
 10.28325875074912 21 17 1 24 31 76 64 40 107
 10.16749015917238 22 18 1 20 28 73 80 53 320848
 10.15976688912655 29 24 1 39 17 60 79 39 399
 10.19738751052337 81 73 1 16 47 70 87 57 345
 10.3042090670145 75 58 1 21 25 76 84 60 746
 10.26521118732969 34 26 1 19 17 66 80 46 799
 10.19217722645743 60 24 1 14 36 64 77 41 2624
 10.2425763277089 31 27 1 17 17 71 79 50 1506
 10.19561857841587 37 24 1 17 17 69 89 57 14199
 10.19269049238608 118 75 1 20 3 69 91 60 17967
 10.27269522264042 24 23 1 11 33 70 70 40 396890
 10.26793655361837 23 24 1 24 3 79 80 59 62832
 10.24475008272224 201 201 1 14 17 63 74 37 163766
 10.22768085347961 22 14 1 19 0 67 76 43 123338
 10.1796099930772 23 23 1 20 11 63 83 46 15559
 10.12661773160219 25 28 1 21 6 84 73 57 601356
 10.177524946654 20 16 1 21 28 74 77 51 29410
 10.15174507726613 23 18 1 11 19 74 87 61 562149
 10.15767685124546 201 52 1 40 19 63 91 54 27290
 10.06928340286781 201 180 1 17 25 66 96 61 17567
 10.067312629282 201 0 0 0 0 0 0 0 0


# name: timeElapsed
# type: scalar
2024.466943979263


# name: evaluation
# type: matrix
# rows: 1
# columns: 3
 0.6416666666666667 0.703125 0.6521739130434783


# name: contractionConstant
# type: scalar
0.5


# name: minStateDiff
# type: scalar
1e-07


# name: minErrorAccDiff
# type: scalar
1e-07


