# Created by Octave 3.6.2, Mon May 13 14:07:06 2013 CEST <alex@desktop>
# name: trainStats
# type: matrix
# rows: 51
# columns: 10
 10.92507387366738 9 6 0 0 0 100 7 7 0
 10.90637511108461 13 8 0 50 42 100 7 7 0
 11.63987805357069 31 25 0 17 33 100 7 7 0
 10.73542324069792 201 201 0 44 8 100 7 7 0
 11.67889413290187 18 12 0 37 78 100 7 7 0
 10.79297775848691 30 20 0 20 17 100 7 7 0
 10.88544674790728 56 38 0 27 28 100 7 7 0
 10.82648353898768 201 201 0 20 33 100 7 7 0
 10.75473927181425 201 201 0 33 17 100 7 7 0
 10.88894970805809 52 41 0 41 44 100 7 7 0
 10.7868593658758 71 54 0 23 31 100 7 7 0
 10.71198640357449 133 120 0 26 14 100 7 7 0
 10.67763870548849 94 76 0 30 47 100 7 7 0
 10.5780801674146 39 32 0 3 14 100 7 7 0
 10.7674166433382 26 23 0 30 19 100 7 7 0
 10.30358805514001 49 43 0 13 72 100 7 7 0
 10.3825562341445 31 27 0 7 14 100 7 7 0
 10.95538705218435 17 16 0 6 14 100 7 7 0
 11.33370902843216 16 12 1 30 0 100 41 41 0
 10.75538190128145 14 12 1 11 0 100 54 54 0
 11.03199857329981 15 11 1 14 0 100 57 57 0
 10.98802160688328 12 8 0 33 11 100 7 7 0
 10.83231131218484 11 6 1 11 17 97 64 61 4
 10.93476635176669 12 7 1 23 75 87 67 54 4
 10.86788201230883 12 7 1 13 3 81 60 41 14
 10.88313408149969 12 8 1 9 25 81 66 47 346
 10.82716498683151 14 9 1 16 14 74 63 37 3835
 10.76372610493731 63 57 1 16 25 86 77 63 686
 10.33310590120283 201 201 1 40 8 63 87 50 39954
 10.16954813849795 57 49 1 7 22 59 77 36 6916
 9.630622512147852 24 19 1 33 25 74 81 56 820
 9.471007187120584 30 23 1 9 8 64 89 53 3366
 9.322119731240894 76 39 1 19 3 56 100 56 2321
 9.27758518587191 201 201 1 39 31 84 59 43 239
 9.289958258479473 43 34 1 29 14 81 77 59 255
 9.098420196417408 45 34 1 24 42 67 83 50 1538
 8.846327315016554 89 59 1 14 3 53 96 49 7999
 8.787128786501091 201 201 1 11 22 61 97 59 8535
 9.038918931115216 158 108 1 20 8 54 96 50 148941
 10.39303205505182 131 201 1 27 61 84 64 49 424
 9.882872291275634 201 135 1 6 6 69 87 56 282
 9.998850201635266 99 188 1 20 17 66 93 59 738
 9.938376017407888 52 57 1 14 42 61 86 47 277
 9.522721170213966 40 25 1 20 17 63 94 57 954
 10.01886854871574 41 46 1 13 25 73 86 59 1118
 9.996986355180592 69 29 1 24 22 60 91 51 251
 9.487127001448281 201 142 1 21 22 70 86 56 297
 9.696403924752712 143 101 1 13 6 64 84 49 401
 9.695061260407634 201 201 1 31 36 83 61 44 1370
 9.474447375378194 133 118 1 13 8 71 93 64 923
 9.954011049520831 42 0 0 0 0 0 0 0 0


# name: timeElapsed
# type: scalar
2843.646880865097


# name: evaluation
# type: matrix
# rows: 1
# columns: 3
 0.7833333333333333 0.9574468085106383 0.6521739130434783


# name: contractionConstant
# type: scalar
0.5


# name: minStateDiff
# type: scalar
1e-07


# name: minErrorAccDiff
# type: scalar
1e-07


