# Created by Octave 3.6.2, Mon May 13 21:57:41 2013 CEST <alex@desktop>
# name: trainStats
# type: matrix
# rows: 51
# columns: 10
 11.09495813122482 10 6 0 0 0 100 7 7 0
 10.79825788765153 14 10 0 31 53 100 7 7 0
 11.18733859288374 9 6 0 31 28 100 7 7 0
 12.02420328269578 34 28 1 37 69 99 50 49 1
 10.92989599451202 21 16 0 23 14 100 7 7 0
 10.93549698084477 32 25 0 21 50 100 7 7 0
 10.83359127789016 110 97 0 13 8 100 7 7 0
 10.40750054772993 75 63 0 29 14 100 7 7 0
 9.721607523353722 68 40 1 20 28 100 53 53 2
 11.73847639130112 20 15 1 46 19 97 70 67 67141
 9.562668254901562 28 19 0 27 47 100 7 7 0
 9.647305564980998 24 19 1 46 17 97 70 67 30210
 9.442830785755294 24 17 0 34 58 100 7 7 0
 9.082507136245773 22 15 0 4 14 100 7 7 0
 9.703090650233161 22 19 1 63 25 97 51 49 5686265388
 8.994418862111946 22 14 0 7 25 100 7 7 0
 9.223022676600351 26 23 0 51 22 100 7 7 0
 9.087692907253876 28 24 0 9 6 100 7 7 0
 9.016811548044432 28 22 0 21 3 100 7 7 0
 8.932958794338438 33 26 0 21 31 100 7 7 0
 8.848888439575212 38 29 0 3 22 100 7 7 0
 8.786099287205023 38 32 0 11 8 100 7 7 0
 8.743966266741914 45 39 1 26 58 70 94 64 5556
 8.673310070690761 33 23 0 9 22 100 7 7 0
 8.63256331378394 34 20 1 11 14 89 57 46 17
 8.580348725150486 43 16 1 34 0 61 94 56 6080
 8.506391042204621 27 16 1 11 3 99 37 36 0
 8.460552414457592 24 15 1 26 6 99 59 57 2
 8.430588579478108 24 16 0 0 11 100 7 7 0
 8.401949753700368 24 16 0 17 0 100 7 7 0
 8.425698039316627 24 17 0 9 31 100 7 7 0
 8.419073939236899 24 18 0 9 17 100 7 7 0
 8.403552680177247 26 18 0 16 11 100 7 7 0
 8.389240617523159 25 19 0 4 19 100 7 7 0
 8.737404511024691 30 22 0 14 19 100 17 17 0
 8.404769353019924 31 26 1 1 31 97 47 44 1
 8.327886323635479 43 33 1 10 11 97 50 47 1
 8.585551461399028 41 40 1 20 56 96 36 31 129
 9.676761607522172 42 31 1 33 25 83 59 41 1840
 10.67954981681832 59 50 1 4 6 89 53 41 376
 11.54249905567471 57 49 1 19 0 87 80 67 27794
 12.0185546912067 34 24 1 13 0 79 83 61 413871
 11.78023519258678 25 15 1 7 3 79 70 49 7423
 11.52759597530377 17 9 1 10 0 80 64 44 3624
 11.42164297134194 12 5 1 36 0 64 87 51 77
 11.33799312808442 15 7 1 13 31 69 86 54 364
 11.24646088773214 12 6 1 43 17 84 83 67 6111
 11.1492419697565 12 5 1 20 19 50 90 40 4739
 11.06263517593572 19 15 1 36 22 63 89 51 5.30475060478543e+16
 10.95249299593103 16 16 1 10 14 64 94 59 390227726102
 10.87782248952304 13 0 0 0 0 0 0 0 0


# name: timeElapsed
# type: scalar
1275.429002046585


# name: evaluation
# type: matrix
# rows: 1
# columns: 3
 0.7583333333333333 0.9 0.6521739130434783


# name: contractionConstant
# type: scalar
0.9


# name: minStateDiff
# type: scalar
1e-07


# name: minErrorAccDiff
# type: scalar
1e-07


