# Created by Octave 3.6.2, Mon May 13 11:37:51 2013 CEST <alex@desktop>
# name: packedGnn
# type: scalar struct
# ndims: 2
 1 1
# length: 10
# name: transitionNet
# type: scalar struct
# ndims: 2
 1 1
# length: 15
# name: weights1
# type: matrix
# rows: 5
# columns: 7
 0.003548067719051889 -0.1149657394541179 0.003985279604753672 0.09739538110484897 -0.04614459815254783 0.09780942487357905 0.1026190626781984
 0.01919050558556493 0.03098500033787374 0.00249308652436836 -0.004058872613074374 0.01765888262123297 0.1211526423047573 0.1009143601470241
 -0.09483988362187475 -0.08923486261908624 -0.01403406101998696 -0.0063483842514752 -0.04516480507598074 -0.07797111192391694 0.08239784839760644
 0.09516854545381329 -0.00571022409225995 0.02720078286544736 -0.1032637837938048 0.0546293120414541 -0.03506097763085948 0.07384101343499647
 -0.06607814148886069 -0.05496128438594493 0.03272622269335831 -0.06921062098102478 0.05665398234987057 0.0701789382709733 0.004405833451013391


# name: bias1
# type: matrix
# rows: 5
# columns: 1
 -0.09428621405017255
 0.08443253817230581
 -0.1169393341635044
 0.0766221099377741
 -0.1110306459305378


# name: weights2
# type: matrix
# rows: 5
# columns: 5
 -0.01007106489232877 -0.1618328402438185 0.0006307866786245212 -0.0214683533279779 -0.0171099793415571
 -0.03417363709127091 0.05055089197832682 0.07672201620982914 0.04346907548460947 -0.03802343785576625
 0.0914237816510779 0.1465798483748328 -0.1060492893331001 -0.1318695149476245 0.009041658786397696
 0.06717296186185155 0.1387071399033571 -0.07196126376980062 -0.1200173849105846 0.005141739313956524
 0.08768131450634038 0.1428951759729117 -0.134095441849315 0.150153900461779 0.1339481923024569


# name: bias2
# type: matrix
# rows: 5
# columns: 1
 0.01972357613280347
 0.08798995138139865
 0.04571433672692201
 -0.1352606505135757
 0.1320750770143628


# name: nInputLines
# type: scalar
7


# name: nHiddenNeurons
# type: scalar
5


# name: nOutputNeurons
# type: scalar
5


# name: nWeights
# type: scalar
70


# name: outputFun
# type: sq_string
# elements: 1
# length: 6
tansig


# name: activation1
# type: matrix
# rows: 0
# columns: 0


# name: activationderivative1
# type: matrix
# rows: 0
# columns: 0


# name: activation2ndderivative1
# type: matrix
# rows: 0
# columns: 0


# name: activation2
# type: matrix
# rows: 0
# columns: 0


# name: activationderivative2
# type: matrix
# rows: 0
# columns: 0


# name: activation2ndderivative2
# type: matrix
# rows: 0
# columns: 0




# name: outputNet
# type: scalar struct
# ndims: 2
 1 1
# length: 15
# name: weights1
# type: matrix
# rows: 5
# columns: 5
 0.03259362282159149 0.01366403799550445 0.0321201704950566 -0.02086075663852708 0.02174536526961188
 0.006118880312092652 0.02939031842950686 -0.007128912584213602 0.02055421769072491 -0.01272551458638281
 0.03271556748099626 -0.01559785559347871 -0.009331338083280278 0.02109498584988568 -0.02923125764565627
 0.01662042174509981 0.01550741462187958 -0.02052347793295881 0.03007072372085352 -0.02424349840045612
 -0.008274311860147158 0.01361896395939258 0.02906762899044235 -0.02694313986126381 -0.01702292518182069


# name: bias1
# type: matrix
# rows: 5
# columns: 1
 0.07971109372949674
 -0.07689343416960524
 0.07527153666565056
 -0.08909446549145889
 -0.07805365010145066


# name: weights2
# type: matrix
# rows: 1
# columns: 5
 0.06556352550690636 0.03758225481243779 -0.09289730124388579 0.1214183034206495 -0.00760715625399631


# name: bias2
# type: scalar
-0.1106275103257088


# name: nInputLines
# type: scalar
5


# name: nHiddenNeurons
# type: scalar
5


# name: nOutputNeurons
# type: scalar
1


# name: nWeights
# type: scalar
36


# name: outputFun
# type: sq_string
# elements: 1
# length: 6
tansig


# name: activation1
# type: matrix
# rows: 0
# columns: 0


# name: activationderivative1
# type: matrix
# rows: 0
# columns: 0


# name: activation2ndderivative1
# type: matrix
# rows: 0
# columns: 0


# name: activation2
# type: matrix
# rows: 0
# columns: 0


# name: activationderivative2
# type: matrix
# rows: 0
# columns: 0


# name: activation2ndderivative2
# type: matrix
# rows: 0
# columns: 0




# name: maxIndegree
# type: scalar
5


# name: stateSize
# type: scalar
5


# name: nodeLabelSize
# type: scalar
1


# name: edgeLabelSize
# type: scalar
1


# name: minStateDiff
# type: scalar
1e-08


# name: minErrorAccDiff
# type: scalar
1e-08


# name: contractionConstant
# type: scalar
0.9


# name: nWeights
# type: scalar
106




# name: graph
# type: scalar struct
# ndims: 2
 1 1
# length: 9
# name: nodeLabels
# type: matrix
# rows: 120
# columns: 1
 1.048929770537382
 7.888906265966011
 0.2215989725562787
 10.20849994266422
 10.13468457375922
 2.336445809764089
 10.17537717205616
 0.05012369995334758
 6.073258850560165
 8.799123890232575
 3.144021579469149
 1.501159130007386
 7.064882002550898
 8.664600093669314
 9.502550105708172
 5.127939627309426
 1.456804831543082
 0.223714512620499
 3.443627497156921
 9.552044124941713
 0.917752117488509
 8.024872361610996
 -0.02954038878687806
 7.547287126817221
 1.088448539363567
 8.684809224474717
 4.899462316849067
 0.2651440690610654
 9.95096585541668
 7.156072924698663
 8.834108243944817
 -0.04792217104479692
 7.984388972495369
 9.854555965020092
 3.058774078553609
 1.132146333734212
 2.947126865114226
 -0.1324709848588487
 0.9427648493323002
 10.04024633069978
 9.921687504519616
 0.1345525589767738
 6.326040815192424
 -0.2746046235434426
 9.721615043779819
 1.226329324246133
 -0.03037776429299689
 3.539699647691831
 1.147784978750165
 4.055300078781296
 9.837872229782921
 4.422465108736223
 0.6867388365792525
 7.96741678670821
 1.040303317784373
 10.0626806652326
 6.242002436537303
 3.984713387458034
 -0.2495355488172864
 2.20429709693921
 9.932425010734319
 2.746492050725622
 2.093945694657084
 0.8274705336581804
 9.42080921007266
 0.01409146504778731
 5.928111901229238
 6.495126174647307
 -0.3034288080778187
 10.34266139024141
 9.872364121823088
 0.7978129995365497
 -0.07495795638897232
 7.868328095644416
 5.541126737639909
 3.116772394498277
 10.31249620323782
 1.328285054493497
 6.261974069464651
 0.008019397897647563
 10.04076053217544
 8.893851277973571
 4.297999889514814
 0.8195967173202572
 1.151504426982353
 9.961855986914291
 0.2788775926714991
 9.822936349667081
 3.176561925062086
 7.944005800429103
 2.248313903652343
 3.612684059782485
 -0.1543822986518241
 1.158047487634731
 10.50117561235053
 8.664301047204392
 0.03150308676282298
 9.705746100255782
 8.8921749295847
 -0.3122149622226275
 8.119386342135201
 0.9614307779629657
 1.155014067105251
 9.886825967840162
 0.3658863731845546
 8.112145638226687
 9.993278563009778
 0.04213190024303554
 9.141309354241717
 0.6846789290128934
 1.137990623107991
 6.095139703652558
 0.3164452696822672
 9.710850299819931
 0.5895487619436039
 0.2371257095579512
 3.966488498925612
 9.97863223773904
 3.327395096019456
 0.1747568720928153


# name: expectedOutput
# type: matrix
# rows: 120
# columns: 1
 1
 -1
 1
 -1
 1
 -1
 1
 1
 -1
 -1
 -1
 1
 -1
 -1
 1
 -1
 1
 1
 -1
 1
 1
 -1
 1
 -1
 1
 -1
 -1
 1
 1
 -1
 -1
 1
 -1
 1
 -1
 1
 -1
 1
 1
 1
 1
 1
 -1
 1
 1
 1
 1
 -1
 1
 -1
 1
 -1
 1
 -1
 1
 1
 -1
 -1
 1
 -1
 1
 -1
 -1
 1
 -1
 1
 -1
 -1
 1
 1
 1
 1
 1
 -1
 -1
 -1
 1
 1
 -1
 1
 1
 -1
 -1
 1
 1
 1
 1
 1
 -1
 -1
 -1
 -1
 1
 1
 1
 -1
 1
 1
 -1
 1
 -1
 1
 1
 1
 1
 -1
 1
 1
 -1
 1
 1
 -1
 1
 1
 1
 -1
 -1
 1
 -1
 1


