# Created by Octave 3.6.2, Mon May 13 17:17:12 2013 CEST <alex@desktop>
# name: trainStats
# type: matrix
# rows: 51
# columns: 10
 11.23185519938549 11 7 0 0 0 100 7 7 0
 10.76225376723741 49 39 0 37 33 100 7 7 0
 10.82216224559512 51 46 0 31 42 100 7 7 0
 12.73989270565928 31 24 0 34 47 100 7 7 0
 11.45860045127763 85 62 0 13 22 100 7 7 0
 11.11050224505181 201 201 0 41 47 100 7 7 0
 10.88474594778073 40 26 0 33 22 100 7 7 0
 10.68134069724453 71 51 0 9 28 100 7 7 0
 10.58637623657201 50 70 0 33 14 100 7 7 0
 10.83407591134086 72 201 0 17 44 100 7 7 0
 10.75140958097144 201 36 0 29 11 100 7 7 0
 11.08453070346805 201 109 0 30 50 100 7 7 0
 10.67893664268616 201 62 0 17 3 100 7 7 0
 10.49294447425701 201 201 0 23 14 100 7 7 0
 10.28626594276795 201 201 0 21 19 100 7 7 0
 10.40500708494084 201 201 1 34 25 93 64 57 21
 10.46977851411513 201 53 0 26 22 100 7 7 0
 10.15946491486145 201 201 0 30 22 100 7 7 0
 10.28026286792372 201 201 0 24 19 100 7 7 0
 10.13305509801852 201 201 0 29 19 100 7 7 0
 10.12180997061648 201 126 0 27 33 100 7 7 0
 10.20559075031928 201 156 0 24 19 100 7 7 0
 10.35640113199583 201 201 0 37 42 100 7 7 0
 10.1664855522781 201 201 0 21 11 100 7 7 0
 10.37178635902157 201 109 0 34 28 100 7 7 0
 10.18902317951494 201 201 0 20 17 100 7 7 0
 10.39375112679377 201 76 0 30 22 100 7 7 0
 11.09130785178271 201 53 0 24 36 100 7 7 0
 11.25620927746529 201 35 1 23 6 99 51 50 1
 11.47699957075924 201 35 1 34 17 89 76 64 110
 11.49277465127471 201 201 1 17 3 86 61 47 351
 11.11826903499232 201 201 1 37 14 89 60 49 319
 10.79131807164806 201 201 1 7 6 87 70 57 290
 10.7866241881618 201 201 1 11 17 87 61 49 1834
 10.78960882587367 201 102 1 31 25 63 90 53 1688
 10.53760865634677 201 146 1 13 6 53 93 46 1966
 10.38431873961022 201 106 1 7 19 63 81 44 1302
 10.23649009898269 201 201 1 34 17 93 64 57 279
 10.13835582355404 201 119 1 19 19 51 86 37 201
 10.04827397804325 201 70 1 17 33 71 66 37 471
 10.03565764175658 201 68 1 13 11 77 66 43 157
 9.952068542037349 201 81 1 13 14 76 80 56 59
 9.887958697922 201 201 1 21 39 83 76 59 700
 9.884045045401763 201 61 1 17 8 69 86 54 535
 9.966673537750008 201 201 1 13 17 74 94 69 1136
 10.07605981309671 201 53 1 20 44 73 87 60 298
 10.05140254932001 201 201 1 20 28 69 84 53 4764
 9.93465900717638 201 97 1 16 8 64 90 54 16538
 9.894702163746322 201 201 1 26 19 91 64 56 1351
 9.949948266797133 201 201 1 13 39 70 96 66 835
 9.894049780019719 201 0 0 0 0 0 0 0 0


# name: timeElapsed
# type: scalar
5718.097906827927


# name: evaluation
# type: matrix
# rows: 1
# columns: 3
 0.6916666666666667 0.7758620689655172 0.6521739130434783


# name: contractionConstant
# type: scalar
0.9


# name: minStateDiff
# type: scalar
1e-07


# name: minErrorAccDiff
# type: scalar
1e-07


