# Created by Octave 3.6.2, Mon May 13 20:59:35 2013 CEST <alex@desktop>
# name: trainStats
# type: matrix
# rows: 51
# columns: 10
 10.8906397469529 9 5 0 0 0 100 7 7 0
 11.0604216410425 18 13 0 51 92 100 7 7 0
 10.85944014447182 201 201 0 24 3 100 7 7 0
 10.80736729259027 201 201 1 33 53 77 71 49 45
 10.82446405216954 201 16 0 23 22 100 7 7 0
 10.81265068864882 201 21 0 13 67 100 7 7 0
 10.88722796203292 201 19 0 30 31 100 7 7 0
 10.72033896572094 201 43 0 33 8 100 7 7 0
 10.49584353756764 201 44 1 27 28 94 66 60 60
 11.10475540044039 201 59 0 29 50 100 7 7 0
 10.43094021416265 201 201 0 24 6 100 7 7 0
 10.55798006479757 201 201 0 34 39 100 7 7 0
 10.48746620077854 201 53 1 26 3 99 47 46 8
 10.4130150308701 201 63 0 24 8 100 7 7 0
 10.31671300723498 201 109 1 23 33 87 79 66 20
 10.33006546180866 201 40 1 10 14 84 77 61 15
 10.12116770062913 201 129 1 14 6 76 79 54 57
 10.00996211758638 63 43 1 11 19 90 79 69 772
 9.847395244747949 107 57 1 13 17 80 84 64 8381
 9.657212513905799 196 131 1 14 3 69 80 49 1499
 9.421913184429654 145 96 1 10 8 76 77 53 619
 9.021245719863167 98 51 1 19 11 66 83 49 6601
 9.20125834441496 201 47 1 17 53 57 84 41 349
 9.092914769781146 61 53 1 29 11 77 79 56 231
 8.869429309315111 201 201 1 30 44 79 73 51 73
 8.908659806070407 89 48 1 24 22 64 84 49 135
 8.91406710932006 201 45 1 16 39 74 71 46 462
 8.81736675020532 201 131 1 19 11 74 74 49 48
 8.861730361088718 201 201 1 24 8 86 67 53 46
 8.554394939700295 201 45 1 20 19 74 71 46 212
 8.828002050774009 201 61 1 26 28 56 83 39 281
 8.04058296081964 201 201 1 27 25 64 84 49 99
 7.954926607483316 201 76 1 17 22 70 89 59 332
 7.773697790642857 201 181 1 13 6 81 71 53 66
 7.932207048683797 201 201 1 26 33 90 51 41 106
 8.303602096497574 201 201 1 29 14 87 64 51 468
 8.366427989364087 201 201 1 17 22 93 63 56 20
 8.940142089763278 201 201 1 34 22 70 76 46 88
 8.010945238345444 201 201 1 11 25 77 80 57 53
 8.520779619788943 201 201 1 40 36 87 59 46 503
 7.820190941784368 201 201 1 16 25 76 81 57 384
 8.041964595733775 201 201 1 26 33 89 73 61 596
 8.056023297831398 201 113 1 13 3 70 89 59 1030
 7.960186054448292 201 201 1 19 42 89 76 64 572
 8.197518158771384 201 44 1 11 22 67 90 57 2244
 8.179606600257355 201 201 1 20 22 71 86 57 14548
 8.276628793818425 201 91 1 21 0 69 90 59 4968
 8.446127054986391 201 201 1 27 31 87 69 56 635
 9.852610761361294 201 32 1 19 11 54 91 46 89340
 11.08433926550823 201 201 1 29 8 84 59 43 55
 10.28331920745219 201 0 0 0 0 0 0 0 0


# name: timeElapsed
# type: scalar
5513.214843034744


# name: evaluation
# type: matrix
# rows: 1
# columns: 3
 0.875 0.8648648648648649 0.927536231884058


# name: contractionConstant
# type: scalar
0.5


# name: minStateDiff
# type: scalar
1e-07


# name: minErrorAccDiff
# type: scalar
1e-07


