# Created by Octave 3.6.2, Mon May 13 19:27:41 2013 CEST <alex@desktop>
# name: trainStats
# type: matrix
# rows: 51
# columns: 10
 10.89063974697155 9 5 0 0 0 100 7 7 0
 11.06042164101127 18 13 0 51 92 100 7 7 0
 10.85770132939904 201 201 0 30 3 100 7 7 0
 10.77499057178888 29 21 0 23 39 100 7 7 0
 10.93859237660609 54 44 0 21 44 100 7 7 0
 10.85215835939471 12 8 0 26 17 100 7 7 0
 11.22767218127328 13 8 0 23 75 100 7 7 0
 10.92521622197321 11 7 0 43 17 100 7 7 0
 10.82178727964276 12 7 0 24 33 100 7 7 0
 10.9207007567243 15 10 0 50 61 100 7 7 0
 10.77087677782411 16 10 0 11 11 100 7 7 0
 10.59045822016744 16 11 0 36 19 100 7 7 0
 10.36702691169633 21 16 0 10 3 100 7 7 0
 10.25929429738768 201 201 1 29 19 99 60 59 1
 10.57610024907717 201 20 0 16 78 100 7 7 0
 10.39025420586084 201 19 0 34 17 100 7 7 0
 10.50410141089666 201 201 1 21 28 100 60 60 0
 10.49935439766216 201 201 1 27 58 97 49 46 3
 10.51693817734441 201 201 1 26 11 99 60 59 1
 10.48535361626383 201 201 1 41 8 99 56 54 3
 10.4245727588052 201 201 0 9 33 100 7 7 0
 10.34195998425532 201 201 0 33 0 100 7 7 0
 10.38773008862818 201 201 1 10 31 99 64 63 0
 10.26796762607955 201 201 1 46 0 99 54 53 1
 10.14667820570968 201 201 0 26 56 100 7 7 0
 10.14704569304849 201 201 0 29 22 100 7 7 0
 10.14218219220654 201 201 1 19 8 99 56 54 1
 10.11470099888866 201 201 1 31 22 93 64 57 3
 10.08385138443559 201 201 1 21 11 99 56 54 3
 10.21092209670901 201 201 1 21 19 99 56 54 0
 10.21269168098981 201 201 1 39 14 84 66 50 2306
 10.1937508289288 200 122 1 20 11 99 40 39 1
 10.15081836975478 29 20 0 1 11 100 7 7 0
 10.07421106172315 19 14 0 4 6 100 7 7 0
 9.994512846565085 23 17 0 9 25 100 7 7 0
 9.926417008123142 25 20 0 7 8 100 7 7 0
 9.842905442464744 24 21 0 10 8 100 7 7 0
 9.761876585953239 25 21 0 14 6 100 7 7 0
 9.693632161859993 24 19 0 3 8 100 7 7 0
 9.668928345127563 20 17 0 10 58 100 7 7 0
 9.677071024735243 23 17 0 10 25 100 7 7 0
 9.596613399776514 22 15 0 16 14 100 7 7 0
 9.52750423639019 21 15 1 10 14 97 57 54 0
 9.443166120310611 19 14 1 10 0 94 54 49 2
 9.369422421657221 18 13 1 26 0 93 73 66 14
 9.254826474515752 18 13 1 6 31 81 67 49 10
 9.095870411294154 25 19 1 19 22 73 69 41 117
 9.03000633224554 30 23 1 13 47 79 67 46 484
 9.029335355243477 39 28 1 11 28 69 63 31 116
 8.899234103156141 42 28 1 13 42 61 77 39 484
 8.901500801482712 142 0 0 0 0 0 0 0 0


# name: timeElapsed
# type: scalar
2667.563673973083


# name: evaluation
# type: matrix
# rows: 1
# columns: 3
 0.75 0.8823529411764706 0.6521739130434783


# name: contractionConstant
# type: scalar
0.9


# name: minStateDiff
# type: scalar
1e-07


# name: minErrorAccDiff
# type: scalar
1e-07


