# Created by Octave 3.6.2, Mon May 13 11:37:51 2013 CEST <alex@desktop>
# name: trainStats
# type: matrix
# rows: 51
# columns: 10
 11.23475295678152 12 7 0 0 0 100 7 7 0
 10.8090155414805 10 7 1 43 42 84 59 43 331
 11.98724376461002 8 4 0 34 50 100 7 7 0
 11.08087283875065 34 26 1 29 44 47 99 46 3207
 10.84934281967423 201 201 1 21 25 97 50 47 25
 10.89326267103224 21 13 1 33 50 51 100 51 1378
 11.42618781628563 13 7 1 34 47 99 49 47 5
 10.79491944818275 30 24 1 26 31 60 99 59 3833
 10.74698026983464 37 26 1 6 19 63 97 60 4309
 10.79865161101039 45 33 1 26 61 83 81 64 6977
 10.84090427759663 201 198 1 29 33 96 53 49 103882
 10.74752749399345 201 201 1 20 36 89 67 56 1303
 10.74775819453279 39 26 1 13 31 76 84 60 56311858
 10.71251264238209 33 23 1 23 0 69 96 64 4644114336
 10.67348451668008 31 20 1 21 33 66 83 49 1164301974
 10.69526713787951 36 28 1 30 19 66 89 54 33720228406624
 10.80173765889474 201 189 1 11 28 70 70 40 2839636993804
 12.38569466614637 19 11 1 31 36 71 76 47 92764117323
 11.55602443458628 12 7 1 17 0 99 49 47 1757483
 10.85356948834444 18 5 0 31 6 100 7 7 0
 10.83913851406761 11 5 0 21 86 100 7 7 0
 10.80447632391699 12 6 0 6 6 100 7 7 0
 10.79241650892975 119 75 1 17 72 79 77 56 45663
 10.7171938872976 201 18 1 11 17 86 59 44 6295
 10.79148965475566 201 23 1 39 19 70 80 50 168184
 10.79455677670341 51 39 1 21 33 50 97 47 4017
 10.72700010498352 201 130 1 17 36 47 89 36 78762
 10.65143571808223 201 114 1 14 8 59 93 51 197249
 10.57776420246128 201 201 1 16 22 51 90 41 155231
 10.55877483333921 201 113 1 9 25 60 96 56 11519
 10.58994615299433 201 201 1 27 14 83 64 47 12905
 10.30908941417028 159 130 1 21 19 64 90 54 113435
 10.89714491508225 117 116 1 39 22 77 77 54 102
 10.66345547189583 138 201 1 33 0 59 94 53 5073
 10.60797103542231 201 201 1 39 0 80 64 44 66
 10.28293187006589 111 93 1 30 36 63 91 54 30
 10.55850928626331 157 201 1 40 22 77 57 34 611
 10.38764207133762 62 51 1 27 50 56 80 36 243
 10.51688751283293 50 201 1 30 11 73 67 40 4654
 10.41984141435288 49 82 1 27 3 70 69 39 765
 10.42518574728569 57 60 1 7 39 63 73 36 624
 10.47766109095301 45 32 1 13 31 89 71 60 362
 10.66512021961231 78 86 1 17 17 86 74 60 80
 10.75789470707326 31 20 1 10 58 89 59 47 234
 10.76713970803951 18 10 1 3 17 90 51 41 226
 10.75051528667885 20 19 1 14 22 79 53 31 817
 10.72142239644405 30 14 1 7 0 93 61 54 201
 10.65591421088285 18 9 1 13 6 94 70 64 482981
 10.53118376532221 76 93 1 10 14 91 67 59 86
 10.42694961330964 20 16 1 20 0 59 80 39 32721
 10.38525962163361 30 0 0 0 0 0 0 0 0


# name: timeElapsed
# type: scalar
3099.986624956131


# name: evaluation
# type: matrix
# rows: 1
# columns: 3
 0.6083333333333333 0.6410256410256411 0.7246376811594203


# name: contractionConstant
# type: scalar
0.5


# name: minStateDiff
# type: scalar
1e-07


# name: minErrorAccDiff
# type: scalar
1e-07


