# Created by Octave 3.6.2, Mon May 13 14:06:06 2013 CEST <alex@desktop>
# name: packedGnn
# type: scalar struct
# ndims: 2
 1 1
# length: 10
# name: transitionNet
# type: scalar struct
# ndims: 2
 1 1
# length: 15
# name: weights1
# type: matrix
# rows: 5
# columns: 7
 0.01730472887705495 -0.06913382572956071 -0.103703159333712 0.01790104407175644 0.03793024032124234 -0.0411043104973768 -0.01764536250355674
 0.1122522529274576 -0.1053457358764141 0.08101133181195996 -0.0178836967270959 0.02297904324465322 -0.06735918158853986 -0.002943249614455787
 0.03416844037627959 0.01598641571674383 0.1140883715924933 0.09556420844899735 -0.0707131440577294 -0.05815833410056949 -0.1124763609036613
 0.006556165123921792 0.1140803246414568 -0.115458748922176 0.04902096191387842 -0.09786965254301329 -0.02657457694654726 0.08678760338125829
 -0.006386709845480523 0.08536644507395436 -0.0730226618819297 -0.1164447798715519 0.0006506455516633869 -0.0590782184173607 0.03798960274735547


# name: bias1
# type: matrix
# rows: 5
# columns: 1
 0.02253869125273494
 0.04200389352857234
 0.0717728999987583
 -0.01764342576163315
 0.06229369475522534


# name: weights2
# type: matrix
# rows: 5
# columns: 5
 -0.03568579410246973 -0.0956041138231814 0.1619962938376375 0.04571207275116373 0.1290052735679285
 0.03551965217189268 0.07113764315589606 0.1105996460628354 -0.1548786330770108 0.09469025167104854
 0.01610097061225272 0.06932634260548427 -0.03992924448344257 0.04145036701829467 0.07525359617025658
 0.1293338997003134 -0.03488736630983815 0.01866148599859933 -0.07220528945610218 -0.08188921533216315
 -0.03948147834250609 0.1208948878160158 0.1110820777021819 -0.0581764746896585 -0.08137772188566038


# name: bias2
# type: matrix
# rows: 5
# columns: 1
 0.1331039420818114
 0.01009147398517455
 -0.01196343654470838
 -0.1064708162770416
 -0.1162612581306394


# name: nInputLines
# type: scalar
7


# name: nHiddenNeurons
# type: scalar
5


# name: nOutputNeurons
# type: scalar
5


# name: nWeights
# type: scalar
70


# name: outputFun
# type: sq_string
# elements: 1
# length: 6
tansig


# name: activation1
# type: matrix
# rows: 0
# columns: 0


# name: activationderivative1
# type: matrix
# rows: 0
# columns: 0


# name: activation2ndderivative1
# type: matrix
# rows: 0
# columns: 0


# name: activation2
# type: matrix
# rows: 0
# columns: 0


# name: activationderivative2
# type: matrix
# rows: 0
# columns: 0


# name: activation2ndderivative2
# type: matrix
# rows: 0
# columns: 0




# name: outputNet
# type: scalar struct
# ndims: 2
 1 1
# length: 15
# name: weights1
# type: matrix
# rows: 5
# columns: 5
 -0.002301115950426765 0.01595300982157681 -0.03290233289031502 -0.02205181092038082 0.01633587838459963
 -0.007020428961068954 -0.0122247789134413 -0.01286323504687648 -0.01852238673003827 -0.0178089435629261
 0.03254501899743623 0.004299271539676967 -0.03268909616905642 -0.01600679539851551 0.01286879593111017
 -0.02888701389204152 0.01877653221926846 0.02786583740273867 0.01355004561019418 0.01593207920104197
 -0.03301745319203073 -0.02460362976143448 -0.01020506911303063 -0.02064699100214702 0.004795517722283845


# name: bias1
# type: matrix
# rows: 5
# columns: 1
 0.01170584076890924
 -0.001886687915290989
 -0.1606247382618205
 0.02699792982785802
 -0.09979507436173202


# name: weights2
# type: matrix
# rows: 1
# columns: 5
 0.0476633204655329 -0.06107732376540007 -0.04006459017739148 -0.05580391012349841 -0.06354943084445587


# name: bias2
# type: scalar
-0.02579881756606089


# name: nInputLines
# type: scalar
5


# name: nHiddenNeurons
# type: scalar
5


# name: nOutputNeurons
# type: scalar
1


# name: nWeights
# type: scalar
36


# name: outputFun
# type: sq_string
# elements: 1
# length: 6
tansig


# name: activation1
# type: matrix
# rows: 0
# columns: 0


# name: activationderivative1
# type: matrix
# rows: 0
# columns: 0


# name: activation2ndderivative1
# type: matrix
# rows: 0
# columns: 0


# name: activation2
# type: matrix
# rows: 0
# columns: 0


# name: activationderivative2
# type: matrix
# rows: 0
# columns: 0


# name: activation2ndderivative2
# type: matrix
# rows: 0
# columns: 0




# name: maxIndegree
# type: scalar
5


# name: stateSize
# type: scalar
5


# name: nodeLabelSize
# type: scalar
1


# name: edgeLabelSize
# type: scalar
1


# name: minStateDiff
# type: scalar
1e-08


# name: minErrorAccDiff
# type: scalar
1e-08


# name: contractionConstant
# type: scalar
0.9


# name: nWeights
# type: scalar
106




# name: graph
# type: scalar struct
# ndims: 2
 1 1
# length: 9
# name: nodeLabels
# type: matrix
# rows: 120
# columns: 1
 1
 8
 0
 10
 10
 2
 10
 0
 6
 9
 3
 1
 7
 9
 10
 5
 1
 0
 3
 10
 1
 8
 0
 8
 1
 9
 5
 0
 10
 7
 9
 0
 8
 10
 3
 1
 3
 0
 1
 10
 10
 0
 6
 0
 10
 1
 0
 4
 1
 4
 10
 5
 0
 8
 1
 10
 6
 4
 0
 3
 10
 3
 2
 1
 9
 0
 6
 7
 0
 10
 10
 1
 0
 8
 5
 3
 10
 1
 6
 0
 10
 9
 4
 1
 1
 10
 0
 10
 3
 8
 2
 4
 0
 1
 10
 9
 0
 10
 9
 0
 8
 1
 1
 10
 0
 8
 10
 0
 9
 1
 1
 6
 0
 10
 1
 0
 4
 10
 4
 0


# name: expectedOutput
# type: matrix
# rows: 120
# columns: 1
 1
 -1
 1
 -1
 1
 -1
 1
 1
 -1
 -1
 -1
 1
 -1
 -1
 1
 -1
 1
 1
 -1
 1
 1
 -1
 1
 -1
 1
 -1
 -1
 1
 1
 -1
 -1
 1
 -1
 1
 -1
 1
 -1
 1
 1
 1
 1
 1
 -1
 1
 1
 1
 1
 -1
 1
 -1
 1
 -1
 1
 -1
 1
 1
 -1
 -1
 1
 -1
 1
 -1
 -1
 1
 -1
 1
 -1
 -1
 1
 1
 1
 1
 1
 -1
 -1
 -1
 1
 1
 -1
 1
 1
 -1
 -1
 1
 1
 1
 1
 1
 -1
 -1
 -1
 -1
 1
 1
 1
 -1
 1
 1
 -1
 1
 -1
 1
 1
 1
 1
 -1
 1
 1
 -1
 1
 1
 -1
 1
 1
 1
 -1
 -1
 1
 -1
 1


