# Created by Octave 3.6.2, Mon May 13 10:11:20 2013 CEST <alex@desktop>
# name: trainStats
# type: matrix
# rows: 51
# columns: 10
 10.83272237310292 15 9 0 0 0 100 7 7 0
 10.78915282169521 16 12 0 60 50 100 7 7 0
 10.99824065557723 21 17 1 16 36 69 79 47 41
 11.29318830752286 201 201 1 41 44 100 46 46 1
 10.88005812206327 152 128 0 27 0 100 7 7 0
 10.96012862915007 29 19 1 51 89 84 77 61 216
 10.87642579579102 63 43 1 19 0 77 74 51 44
 10.83394492742437 36 22 1 21 56 53 100 53 15384
 10.7646263676789 19 14 1 10 8 53 90 43 458
 10.63217397462313 22 17 1 26 36 57 87 44 7099
 10.44846482302527 21 16 1 10 11 54 89 43 4785
 10.2507528505924 31 23 1 13 6 63 86 49 7151
 10.00051676759276 29 24 1 17 8 86 70 56 2710
 10.76683856482373 29 24 0 27 69 100 7 7 0
 10.63036064704081 33 27 1 7 0 97 53 50 8575
 10.86059626566861 43 36 1 23 19 76 71 47 172773
 11.00532332219053 29 25 1 29 22 87 94 81 121310
 10.85320593316136 30 26 1 1 64 84 76 60 662143
 10.87763684718615 34 27 0 47 14 100 7 7 0
 10.80742799836261 16 11 1 13 50 94 53 47 5647624
 10.70021136527019 24 22 1 17 14 81 74 56 673625066
 10.55618870483888 27 23 1 16 31 71 81 53 1049639943
 10.43225914772773 94 86 1 37 14 99 60 59 38012023
 10.330100973145 194 189 0 10 11 100 7 7 0
 10.28327229526129 201 201 0 6 61 100 7 7 0
 11.35993902868007 201 201 0 34 11 100 7 7 0
 10.09383884876179 201 178 0 17 39 100 7 7 0
 10.04546652704046 201 112 0 10 22 100 7 7 0
 10.65322753117531 201 201 0 10 17 100 7 7 0
 10.6575184807552 201 201 0 16 14 100 7 7 0
 10.59150663813436 201 201 0 20 8 100 7 7 0
 10.48412433290995 201 201 0 16 8 100 7 7 0
 10.24622033844791 201 201 0 4 11 100 7 7 0
 10.52571387649383 201 201 0 7 19 100 7 7 0
 10.86007013315408 198 180 0 40 3 100 7 7 0
 10.44263104827125 201 178 0 6 33 100 7 7 0
 10.66200475025734 201 201 0 7 3 100 7 7 0
 10.75033053956981 135 130 0 53 78 100 7 7 0
 10.97172460336694 114 71 0 14 3 100 7 7 0
 10.96443681127496 70 52 0 44 8 100 7 7 0
 10.67357230653703 201 94 0 27 3 100 7 7 0
 10.80566768289253 74 53 0 9 81 100 7 7 0
 10.81504043453254 57 50 0 24 3 100 7 7 0
 10.74403438166169 89 101 0 10 11 100 7 7 0
 10.71684941925706 121 124 0 30 36 100 7 7 0
 10.74313883508873 158 201 1 36 0 100 63 63 1
 10.73789443392893 201 201 0 27 53 100 7 7 0
 10.74023263627319 139 96 0 23 6 100 7 7 0
 10.70689894816231 201 72 0 34 50 100 7 7 0
 10.74630613485334 137 201 0 24 19 100 7 7 0
 10.72711517815321 55 0 0 0 0 0 0 0 0


# name: timeElapsed
# type: scalar
3691.101646900177


# name: evaluation
# type: matrix
# rows: 1
# columns: 3
 0.6416666666666667 0.703125 0.6521739130434783


# name: contractionConstant
# type: scalar
0.5


# name: minStateDiff
# type: scalar
1e-08


# name: minErrorAccDiff
# type: scalar
1e-08


