# Created by Octave 3.6.2, Mon May 13 10:11:20 2013 CEST <alex@desktop>
# name: packedGnn
# type: scalar struct
# ndims: 2
 1 1
# length: 10
# name: transitionNet
# type: scalar struct
# ndims: 2
 1 1
# length: 15
# name: weights1
# type: matrix
# rows: 5
# columns: 7
 -0.04502093684062843 -0.09488803954157994 0.05925305254737864 0.1154261926861713 0.03728712259479122 0.08858498364583803 0.05546592556595431
 -0.06044531788314135 0.07005466788332679 0.07137679130803867 -0.04984784221542983 0.03368869524772905 0.005645204346570454 -0.06372781019167605
 0.03387795081620668 0.006874222047583589 -0.0039392710995131 -0.05389600924322498 0.04949061398798402 0.04256660642796142 0.09841305724267102
 -0.03837949912348719 -0.11356827818574 0.009691077885525923 -0.08351070371201443 0.08241101685635124 0.05335821363533497 0.03446095027639734
 0.06759569297129703 0.1100907386782891 0.08961003240370985 -0.04942625333031646 0.1106067191594662 0.1080169066925502 0.09138486163075299


# name: bias1
# type: matrix
# rows: 5
# columns: 1
 0.04697662948826198
 -0.02841553657510938
 0.1084059885829236
 -0.01672823267367983
 -0.07448438110464541


# name: weights2
# type: matrix
# rows: 5
# columns: 5
 -0.160467848137891 -0.1049078741177539 -0.1298106189449344 0.0399071146637154 0.04716679114932839
 -0.1124226739361131 0.07915595037117214 0.1483233691842024 -0.1257643184091015 -0.14927401079515
 -0.03831790813454303 0.04278622076106767 0.1563468830888883 0.1510377674353736 0.0972889322759211
 -0.1223978399736465 0.1432761875739725 -0.1341104430581979 0.0008557476408527961 -0.006774056258342727
 -0.09316668133197294 -0.067095322047359 0.0223365347988009 -0.08835302355265993 -0.1294078992575643


# name: bias2
# type: matrix
# rows: 5
# columns: 1
 -0.006598277488286064
 -0.01200736730255989
 -0.132183954492207
 -0.09570674520514845
 -0.04669226747549876


# name: nInputLines
# type: scalar
7


# name: nHiddenNeurons
# type: scalar
5


# name: nOutputNeurons
# type: scalar
5


# name: nWeights
# type: scalar
70


# name: outputFun
# type: sq_string
# elements: 1
# length: 6
tansig


# name: activation1
# type: matrix
# rows: 0
# columns: 0


# name: activationderivative1
# type: matrix
# rows: 0
# columns: 0


# name: activation2ndderivative1
# type: matrix
# rows: 0
# columns: 0


# name: activation2
# type: matrix
# rows: 0
# columns: 0


# name: activationderivative2
# type: matrix
# rows: 0
# columns: 0


# name: activation2ndderivative2
# type: matrix
# rows: 0
# columns: 0




# name: outputNet
# type: scalar struct
# ndims: 2
 1 1
# length: 15
# name: weights1
# type: matrix
# rows: 5
# columns: 5
 -0.009269357765296386 0.0252007843181838 -0.01045111859692113 -0.01956404087026153 -0.00352987135144838
 -0.02266160737147623 0.002686025263133929 0.03019217321947427 0.01452500719733846 -0.005372856290766311
 -0.004172325695936377 0.01642525117262602 -0.002389131171908817 -0.009080629388367885 0.01661037185002282
 -0.002775223412336177 -0.03300811482135756 0.0289841848468735 0.01440466987532677 0.02519900800360755
 0.01516113802353241 0.01928303076441563 0.02784587679829114 -0.005029676991391041 -0.01888246519762428


# name: bias1
# type: matrix
# rows: 5
# columns: 1
 -0.0009087125481713939
 0.1638741223931947
 0.042625379849584
 0.1282864965508844
 -0.1275703724314121


# name: weights2
# type: matrix
# rows: 1
# columns: 5
 -0.1213446777884507 0.1262461195485014 -0.018110127941093 -0.006697895893641133 0.01711559461602004


# name: bias2
# type: scalar
0.1492767402250672


# name: nInputLines
# type: scalar
5


# name: nHiddenNeurons
# type: scalar
5


# name: nOutputNeurons
# type: scalar
1


# name: nWeights
# type: scalar
36


# name: outputFun
# type: sq_string
# elements: 1
# length: 6
tansig


# name: activation1
# type: matrix
# rows: 0
# columns: 0


# name: activationderivative1
# type: matrix
# rows: 0
# columns: 0


# name: activation2ndderivative1
# type: matrix
# rows: 0
# columns: 0


# name: activation2
# type: matrix
# rows: 0
# columns: 0


# name: activationderivative2
# type: matrix
# rows: 0
# columns: 0


# name: activation2ndderivative2
# type: matrix
# rows: 0
# columns: 0




# name: maxIndegree
# type: scalar
5


# name: stateSize
# type: scalar
5


# name: nodeLabelSize
# type: scalar
1


# name: edgeLabelSize
# type: scalar
1


# name: minStateDiff
# type: scalar
1e-08


# name: minErrorAccDiff
# type: scalar
1e-08


# name: contractionConstant
# type: scalar
0.9


# name: nWeights
# type: scalar
106




# name: graph
# type: scalar struct
# ndims: 2
 1 1
# length: 9
# name: nodeLabels
# type: matrix
# rows: 120
# columns: 1
 1
 8
 0
 10
 10
 2
 10
 0
 6
 9
 3
 1
 7
 9
 10
 5
 1
 0
 3
 10
 1
 8
 0
 8
 1
 9
 5
 0
 10
 7
 9
 0
 8
 10
 3
 1
 3
 0
 1
 10
 10
 0
 6
 0
 10
 1
 0
 4
 1
 4
 10
 5
 0
 8
 1
 10
 6
 4
 0
 3
 10
 3
 2
 1
 9
 0
 6
 7
 0
 10
 10
 1
 0
 8
 5
 3
 10
 1
 6
 0
 10
 9
 4
 1
 1
 10
 0
 10
 3
 8
 2
 4
 0
 1
 10
 9
 0
 10
 9
 0
 8
 1
 1
 10
 0
 8
 10
 0
 9
 1
 1
 6
 0
 10
 1
 0
 4
 10
 4
 0


# name: expectedOutput
# type: matrix
# rows: 120
# columns: 1
 1
 -1
 1
 -1
 1
 -1
 1
 1
 -1
 -1
 -1
 1
 -1
 -1
 1
 -1
 1
 1
 -1
 1
 1
 -1
 1
 -1
 1
 -1
 -1
 1
 1
 -1
 -1
 1
 -1
 1
 -1
 1
 -1
 1
 1
 1
 1
 1
 -1
 1
 1
 1
 1
 -1
 1
 -1
 1
 -1
 1
 -1
 1
 1
 -1
 -1
 1
 -1
 1
 -1
 -1
 1
 -1
 1
 -1
 -1
 1
 1
 1
 1
 1
 -1
 -1
 -1
 1
 1
 -1
 1
 1
 -1
 -1
 1
 1
 1
 1
 1
 -1
 -1
 -1
 -1
 1
 1
 1
 -1
 1
 1
 -1
 1
 -1
 1
 1
 1
 1
 -1
 1
 1
 -1
 1
 1
 -1
 1
 1
 1
 -1
 -1
 1
 -1
 1


