# Created by Octave 3.6.2, Mon May 13 01:27:10 2013 CEST <alex@desktop>
# name: trainStats
# type: matrix
# rows: 51
# columns: 10
 10.8883353653075 10 7 0 0 0 100 7 7 0
 10.86788475969861 18 12 0 53 64 100 7 7 0
 11.3028794258889 16 11 0 23 28 100 7 7 0
 10.82094647180547 22 16 1 29 36 74 93 67 1034
 10.87503740626464 37 26 1 27 53 46 96 41 36965
 10.85620502194996 147 90 1 26 31 56 96 51 590
 10.81280185700067 21 12 1 26 44 96 47 43 18
 10.97298309398274 22 13 0 31 33 100 7 7 0
 10.74857471202937 37 25 0 13 61 100 7 7 0
 10.87739402388691 201 201 1 44 22 89 63 51 22
 10.70203761990703 60 40 0 21 36 100 7 7 0
 10.66779594552806 201 201 0 43 0 100 7 7 0
 10.82513436238839 201 201 0 14 22 100 7 7 0
 10.59941370384715 201 201 0 20 61 100 7 7 0
 10.52288181976944 201 201 0 39 3 100 7 7 0
 10.57272435953478 201 201 0 11 39 100 7 7 0
 10.61541692668581 201 201 0 20 8 100 7 7 0
 10.7553830086563 201 160 0 11 8 100 7 7 0
 10.58786043199706 201 201 0 6 6 100 7 7 0
 10.69193345272478 201 24 0 34 58 100 7 7 0
 10.77040093296163 201 33 0 6 14 100 7 7 0
 10.68219762721136 201 47 0 20 44 100 7 7 0
 10.67792089589328 201 29 0 19 33 100 7 7 0
 10.95519401920146 201 9 0 23 6 100 7 7 0
 10.95450355168404 201 25 0 23 3 100 7 7 0
 10.99616673086543 201 201 0 34 0 100 7 7 0
 10.83823408716012 201 196 0 43 22 100 7 7 0
 10.84434909300854 201 201 0 16 0 100 7 7 0
 10.66748082667202 201 201 0 37 56 100 7 7 0
 10.59523621642518 201 201 0 21 6 100 7 7 0
 10.65344836873198 201 43 0 26 11 100 7 7 0
 10.73185009869105 201 67 0 9 22 100 7 7 0
 10.80331097648199 201 71 0 13 14 100 17 17 0
 10.79766243591287 201 46 0 21 39 100 17 17 0
 10.7421631134713 201 74 0 11 17 100 17 17 0
 10.77145240747603 201 164 0 9 11 100 17 17 0
 10.8000334559543 201 135 0 20 19 100 17 17 0
 10.71209983041784 201 201 0 27 31 100 17 17 0
 10.75225379001231 201 65 0 17 11 100 17 17 0
 10.74881750703171 201 83 0 31 39 100 17 17 0
 10.71640439667082 201 35 0 11 17 100 17 17 0
 10.73421329099855 201 93 0 31 17 100 17 17 0
 10.67208720064459 201 88 0 20 31 100 17 17 0
 10.62665935789538 201 102 0 13 17 100 17 17 0
 10.65759625203277 201 145 0 40 14 100 17 17 0
 10.65273385169414 201 126 0 4 8 100 17 17 0
 10.67136485520078 201 201 0 19 53 100 27 27 0
 10.67235246437999 201 104 0 14 3 100 27 27 0
 10.68435126554247 201 103 0 14 3 100 27 27 0
 10.81085729991596 201 191 0 17 22 100 17 17 0
 10.62233241801284 201 0 0 0 0 0 0 0 0


# name: timeElapsed
# type: scalar
4762.000658988953


# name: evaluation
# type: matrix
# rows: 1
# columns: 3
 0.5666666666666667 0.5714285714285714 0.9855072463768116


# name: contractionConstant
# type: scalar
0.9


# name: minStateDiff
# type: scalar
1e-08


# name: minErrorAccDiff
# type: scalar
1e-08


