# Created by Octave 3.6.2, Mon May 13 06:51:31 2013 CEST <alex@desktop>
# name: trainStats
# type: matrix
# rows: 51
# columns: 10
 10.96061062316322 11 6 0 0 0 100 7 7 0
 10.89320488659991 21 16 0 51 56 100 7 7 0
 11.13816024322244 43 33 1 19 28 54 100 54 906
 10.82496240505675 201 18 1 37 42 93 64 57 10
 10.77353505612518 201 144 1 17 25 94 54 49 29
 10.42419935410839 43 39 1 19 56 96 50 46 10
 10.04021259718754 60 51 1 21 14 97 43 40 4
 9.812448071967038 145 167 0 20 25 100 7 7 0
 10.0677015621869 201 201 1 54 22 97 49 46 10
 9.886156476914893 201 201 0 17 53 100 7 7 0
 9.184242006632189 201 201 0 23 0 100 7 7 0
 9.451552879713207 81 96 0 56 69 100 7 7 0
 8.98302042936961 201 117 0 21 0 100 7 7 0
 9.974482893808014 201 26 0 21 69 100 7 7 0
 9.354998476358096 201 184 0 53 14 100 7 7 0
 9.285281506043429 201 42 0 21 39 100 7 7 0
 10.0314727169597 201 34 0 47 36 100 7 7 0
 9.336609918706678 201 37 0 4 25 100 7 7 0
 9.51184320029401 201 26 0 14 8 100 7 7 0
 9.915074320696759 201 26 0 11 8 100 7 7 0
 9.871736785738172 201 21 0 26 11 100 7 7 0
 10.20336596389984 201 201 0 16 11 100 7 7 0
 10.20077041517769 201 14 0 24 8 100 7 7 0
 9.755797060932849 201 21 0 30 36 100 7 7 0
 9.651884678613575 201 17 0 40 3 100 7 7 0
 9.438503499598053 201 16 0 14 28 100 7 7 0
 9.426608434822219 201 18 0 40 22 100 7 7 0
 9.073761410149954 201 201 0 21 19 100 7 7 0
 9.183115096513497 201 201 0 7 17 100 7 7 0
 9.51868273272297 201 20 0 44 14 100 7 7 0
 9.317118163513314 201 18 0 16 11 100 7 7 0
 9.084942785109552 201 21 0 67 47 100 7 7 0
 9.366356712706155 201 201 0 9 22 100 7 7 0
 8.941354568934207 201 201 0 44 8 100 7 7 0
 9.21577090689604 201 18 0 4 6 100 7 7 0
 8.95628156352149 201 201 0 16 17 100 7 7 0
 9.051761587299895 201 18 0 14 14 100 7 7 0
 8.741653447064426 201 18 0 27 22 100 7 7 0
 8.840689314916309 201 17 0 40 53 100 7 7 0
 8.967877455413579 201 201 0 36 11 100 7 7 0
 8.66764990072609 201 18 0 44 53 100 7 7 0
 8.7525461413226 201 201 0 34 0 100 7 7 0
 8.67515483418866 201 18 0 21 44 100 7 7 0
 8.729649493473577 201 16 0 7 6 100 7 7 0
 8.617113433013502 201 14 0 33 22 100 7 7 0
 8.625588764339064 201 17 0 24 17 100 7 7 0
 8.495518376888731 201 16 0 33 22 100 7 7 0
 8.571812306087887 201 18 0 26 11 100 7 7 0
 8.847076941535912 201 18 0 11 56 100 7 7 0
 8.807811795309721 201 20 0 21 0 100 7 7 0
 8.562126005471383 201 0 0 0 0 0 0 0 0


# name: timeElapsed
# type: scalar
5045.934598922729


# name: evaluation
# type: matrix
# rows: 1
# columns: 3
 0.7666666666666667 0.9183673469387755 0.6521739130434783


# name: contractionConstant
# type: scalar
0.5


# name: minStateDiff
# type: scalar
1e-08


# name: minErrorAccDiff
# type: scalar
1e-08


