# Created by Octave 3.6.2, Mon May 13 18:06:59 2013 CEST <alex@desktop>
# name: trainStats
# type: matrix
# rows: 51
# columns: 10
 11.53914470014702 11 7 0 0 0 100 7 7 0
 10.94636640992617 19 14 0 46 44 100 7 7 0
 11.24760693068962 17 12 0 30 39 100 7 7 0
 11.1673059966886 201 201 0 36 50 100 7 7 0
 10.82716269091508 21 15 0 23 22 100 7 7 0
 11.14285562792283 19 16 1 29 64 99 54 53 3
 10.69216712209034 59 49 1 41 22 70 84 54 475
 10.84131398969308 42 33 1 14 64 86 73 59 31
 10.49116365824492 39 33 1 24 14 53 97 50 2289
 10.46348825215407 31 22 1 14 22 79 71 50 13
 10.11407059156752 139 112 1 26 14 63 97 60 14556
 9.853504694526004 33 24 1 11 8 50 99 49 1514
 9.444558573300476 153 58 1 14 39 51 100 51 8210
 12.76534683332583 52 39 1 50 31 79 56 34 271415
 9.315611835889108 59 64 1 20 44 49 100 49 51387
 9.597762908442256 201 201 1 7 3 41 100 41 9774
 9.966567604142558 201 134 1 13 39 37 94 31 2035
 11.67063101221367 201 201 1 29 14 81 71 53 3845
 11.19982418451611 201 201 1 31 36 54 99 53 1585
 10.40063461453093 201 201 1 24 14 84 60 44 4881
 10.74711130096265 201 201 1 21 3 89 59 47 4961
 11.27445761573728 201 201 1 39 0 57 99 56 8043
 10.90332085103599 201 201 1 16 0 73 70 43 922
 10.27596140647893 201 201 1 20 17 63 93 56 1630
 9.720979215522961 201 201 1 23 69 60 77 37 6273
 10.55883503104637 201 201 1 26 19 83 66 49 199
 10.2800993986175 201 201 1 14 14 51 97 49 10496
 10.3668686137875 201 125 1 9 3 49 97 46 1918
 10.34263202137856 192 201 1 9 31 46 100 46 3143
 10.40784670740814 201 135 1 9 39 44 100 44 17116
 10.5584812372284 201 201 1 29 17 76 81 57 523
 10.66456505198563 201 201 1 23 44 51 96 47 3576
 10.88716353755808 106 85 1 19 11 60 90 50 596
 10.56346329204981 201 201 1 16 44 54 99 53 2489
 10.59243088818866 201 201 1 13 11 51 90 41 1658
 10.76909571554119 136 94 1 21 33 51 97 49 4556
 10.9262260074765 57 43 1 14 25 51 97 49 20361
 10.85230125088156 77 54 1 9 14 56 99 54 31280
 10.86648093958511 68 59 1 20 0 59 93 51 5735
 10.89598768468416 52 37 1 14 14 69 93 61 10086
 10.97162852506572 78 68 1 36 3 67 89 56 25087
 10.96310131613887 53 42 1 13 6 43 96 39 1264194
 11.13670964891362 53 57 1 27 14 63 97 60 407754
 10.84128702992269 201 17 1 21 22 67 87 54 11630
 10.83961586785895 52 12 1 34 3 64 89 53 3639533
 10.63669406397387 201 201 1 36 17 91 54 46 183
 10.6182350272132 37 32 1 11 8 61 87 49 48012
 10.58335145269464 25 21 1 31 17 69 77 46 275116
 10.32048170939764 201 201 1 20 22 93 71 64 2025
 10.1690085521748 201 201 1 43 17 87 49 36 962
 10.19885344223493 201 0 0 0 0 0 0 0 0


# name: timeElapsed
# type: scalar
4417.81249499321


# name: evaluation
# type: matrix
# rows: 1
# columns: 3
 0.7916666666666666 0.9782608695652174 0.6521739130434783


# name: contractionConstant
# type: scalar
0.5


# name: minStateDiff
# type: scalar
1e-08


# name: minErrorAccDiff
# type: scalar
1e-08


