# Created by Octave 3.6.2, Mon May 13 03:17:49 2013 CEST <alex@desktop>
# name: packedGnn
# type: scalar struct
# ndims: 2
 1 1
# length: 10
# name: transitionNet
# type: scalar struct
# ndims: 2
 1 1
# length: 15
# name: weights1
# type: matrix
# rows: 5
# columns: 7
 -0.08542559613955568 -0.0262159001076523 0.07360681429130633 -0.1113006249341954 0.01434393207590529 -0.1154583372470309 0.02417089499277145
 -0.02956487737443524 -0.07185158768411036 -0.03002630130210419 0.07687275863167772 -0.1030732523040872 0.004601334124374801 -0.04983915988164846
 0.1031299778049694 0.02688985801620861 -0.01674809282634075 -0.05483739090565524 0.08850004658763205 -0.1248446740483443 0.0770247028921156
 -0.1024562366427979 0.01552709559415097 -0.06023248517289974 0.1083143548110004 0.08271260850705206 0.05683859048549506 0.05835933557699027
 -0.008127841068867339 -0.08911046607059202 0.05970836293721019 0.02803848567192346 0.0003419031051610788 -0.07492750496109794 -0.0876358568553174


# name: bias1
# type: matrix
# rows: 5
# columns: 1
 -0.1238588706711895
 0.01226004818861595
 0.1183172168627661
 -0.0277055735703952
 -0.05280638595606364


# name: weights2
# type: matrix
# rows: 5
# columns: 5
 -0.06982896499807721 0.1104329263901977 0.07025918243211449 -0.0797217011202232 0.1481559847438335
 -0.06733689096420249 0.09727415243800708 -0.04815776855656667 -0.1234165286955753 0.1547497818305833
 -0.1341483205976284 0.1526309675011327 0.05432546341269821 -0.1442089137924741 0.1177206468637206
 -0.03329587592176869 -0.05412883721316932 -0.1170386454275021 -0.151008054023813 -0.0765854453068982
 -0.06237888272715966 -0.0685118381054385 -0.1010296953911751 -0.1094519367496588 0.0122070658164524


# name: bias2
# type: matrix
# rows: 5
# columns: 1
 0.1174785708090396
 0.1073516732334294
 -0.06718552129992274
 0.103170971874181
 0.09556266757570782


# name: nInputLines
# type: scalar
7


# name: nHiddenNeurons
# type: scalar
5


# name: nOutputNeurons
# type: scalar
5


# name: nWeights
# type: scalar
70


# name: outputFun
# type: sq_string
# elements: 1
# length: 6
tansig


# name: activation1
# type: matrix
# rows: 0
# columns: 0


# name: activationderivative1
# type: matrix
# rows: 0
# columns: 0


# name: activation2ndderivative1
# type: matrix
# rows: 0
# columns: 0


# name: activation2
# type: matrix
# rows: 0
# columns: 0


# name: activationderivative2
# type: matrix
# rows: 0
# columns: 0


# name: activation2ndderivative2
# type: matrix
# rows: 0
# columns: 0




# name: outputNet
# type: scalar struct
# ndims: 2
 1 1
# length: 15
# name: weights1
# type: matrix
# rows: 5
# columns: 5
 0.01019671267893992 -0.01365293310410119 -0.01814668823039727 -0.01828791099597588 -0.003187856211286103
 0.004060885598392719 -0.00125117048521897 -0.02148008602848166 0.01601795521781001 0.01975510875588576
 0.002378614222077362 0.02154046196668987 0.01360303008911373 -0.01543729966020078 0.01329738270477749
 0.007121463138617901 0.0111391091394998 -0.01712537705907224 0.02361578556531535 0.01411309781904633
 0.01852877444291236 -0.01655038916168841 0.0007407427194063028 0.01023407493544752 0.004299957932392439


# name: bias1
# type: matrix
# rows: 5
# columns: 1
 0.08929854829522428
 0.1110481609679779
 0.03382083918718756
 -0.03058306626999672
 0.1416191044861036


# name: weights2
# type: matrix
# rows: 1
# columns: 5
 -0.1523476181404376 -0.116827928293363 0.02916359138682734 -0.008294629149732946 -0.1087554991663966


# name: bias2
# type: scalar
0.09279516141066187


# name: nInputLines
# type: scalar
5


# name: nHiddenNeurons
# type: scalar
5


# name: nOutputNeurons
# type: scalar
1


# name: nWeights
# type: scalar
36


# name: outputFun
# type: sq_string
# elements: 1
# length: 6
tansig


# name: activation1
# type: matrix
# rows: 0
# columns: 0


# name: activationderivative1
# type: matrix
# rows: 0
# columns: 0


# name: activation2ndderivative1
# type: matrix
# rows: 0
# columns: 0


# name: activation2
# type: matrix
# rows: 0
# columns: 0


# name: activationderivative2
# type: matrix
# rows: 0
# columns: 0


# name: activation2ndderivative2
# type: matrix
# rows: 0
# columns: 0




# name: maxIndegree
# type: scalar
5


# name: stateSize
# type: scalar
5


# name: nodeLabelSize
# type: scalar
1


# name: edgeLabelSize
# type: scalar
1


# name: minStateDiff
# type: scalar
1e-08


# name: minErrorAccDiff
# type: scalar
1e-08


# name: contractionConstant
# type: scalar
0.9


# name: nWeights
# type: scalar
106




# name: graph
# type: scalar struct
# ndims: 2
 1 1
# length: 9
# name: nodeLabels
# type: matrix
# rows: 120
# columns: 1
 1
 8
 0
 10
 10
 2
 10
 0
 6
 9
 3
 1
 7
 9
 10
 5
 1
 0
 3
 10
 1
 8
 0
 8
 1
 9
 5
 0
 10
 7
 9
 0
 8
 10
 3
 1
 3
 0
 1
 10
 10
 0
 6
 0
 10
 1
 0
 4
 1
 4
 10
 5
 0
 8
 1
 10
 6
 4
 0
 3
 10
 3
 2
 1
 9
 0
 6
 7
 0
 10
 10
 1
 0
 8
 5
 3
 10
 1
 6
 0
 10
 9
 4
 1
 1
 10
 0
 10
 3
 8
 2
 4
 0
 1
 10
 9
 0
 10
 9
 0
 8
 1
 1
 10
 0
 8
 10
 0
 9
 1
 1
 6
 0
 10
 1
 0
 4
 10
 4
 0


# name: expectedOutput
# type: matrix
# rows: 120
# columns: 1
 1
 -1
 1
 -1
 1
 -1
 1
 1
 -1
 -1
 -1
 1
 -1
 -1
 1
 -1
 1
 1
 -1
 1
 1
 -1
 1
 -1
 1
 -1
 -1
 1
 1
 -1
 -1
 1
 -1
 1
 -1
 1
 -1
 1
 1
 1
 1
 1
 -1
 1
 1
 1
 1
 -1
 1
 -1
 1
 -1
 1
 -1
 1
 1
 -1
 -1
 1
 -1
 1
 -1
 -1
 1
 -1
 1
 -1
 -1
 1
 1
 1
 1
 1
 -1
 -1
 -1
 1
 1
 -1
 1
 1
 -1
 -1
 1
 1
 1
 1
 1
 -1
 -1
 -1
 -1
 1
 1
 1
 -1
 1
 1
 -1
 1
 -1
 1
 1
 1
 1
 -1
 1
 1
 -1
 1
 1
 -1
 1
 1
 1
 -1
 -1
 1
 -1
 1


