# Created by Octave 3.6.2, Mon May 13 02:12:17 2013 CEST <alex@desktop>
# name: trainStats
# type: matrix
# rows: 51
# columns: 10
 10.88833536530699 10 7 0 0 0 100 7 7 0
 10.8678847596969 18 12 0 53 64 100 7 7 0
 11.30287942588832 16 11 0 23 28 100 7 7 0
 10.82094647180978 22 16 0 37 36 100 7 7 0
 10.88485322810532 19 14 0 13 39 100 7 7 0
 10.81718630211694 31 23 0 37 19 100 7 7 0
 10.67909279103878 27 20 0 7 19 100 7 7 0
 10.56186699677068 32 24 0 24 22 100 7 7 0
 10.25586916216074 51 44 0 27 39 100 7 7 0
 11.03584300960594 201 201 1 30 53 89 71 60 377
 10.72530408800007 201 201 1 19 22 96 51 47 10
 10.55532653645925 201 201 1 33 6 100 40 40 1
 10.24690820665062 201 201 1 23 28 90 60 50 11
 10.06831592027245 51 36 1 19 22 91 71 63 10
 9.810866340365648 41 30 0 9 11 100 7 7 0
 10.07694220195952 74 42 1 69 53 100 56 56 0
 9.610967849762146 35 39 1 14 28 99 61 60 4
 9.41851147951213 32 38 0 31 8 100 7 7 0
 9.297348106519671 36 34 0 10 28 100 7 7 0
 9.219670059648067 31 31 0 30 39 100 7 7 0
 9.151898811032966 44 42 0 23 8 100 7 7 0
 8.938737013206612 30 22 0 13 31 100 7 7 0
 8.716563501520113 32 25 0 10 11 100 7 7 0
 8.9035371348516 37 34 0 34 44 100 7 7 0
 9.846980279116034 40 32 0 27 14 100 7 7 0
 8.845125880613232 35 31 0 56 83 100 7 7 0
 8.862496585939407 43 36 0 20 6 100 7 7 0
 8.654916585446703 39 34 0 54 58 100 7 7 0
 8.73628185525374 46 38 0 20 6 100 7 7 0
 8.664636807460315 46 38 0 49 33 100 7 7 0
 8.761768396323863 54 45 0 13 3 100 7 7 0
 8.846738511239296 63 54 0 19 25 100 7 7 0
 9.057804986605436 79 97 0 17 8 100 7 7 0
 9.355417313487372 170 158 0 7 6 100 7 7 0
 10.46590551800438 201 184 0 27 17 100 7 7 0
 11.09889762468539 201 72 0 39 3 100 7 7 0
 10.23331492610201 201 201 0 30 8 100 7 7 0
 9.947604336658557 201 201 0 33 64 100 7 7 0
 10.55360308727937 201 201 0 44 6 100 7 7 0
 10.04251996760041 201 201 0 27 39 100 7 7 0
 9.765144241470685 201 201 0 20 22 100 7 7 0
 9.588032963185366 201 201 0 27 8 100 7 7 0
 9.456876588633849 201 201 0 43 6 100 7 7 0
 9.407486041600206 129 150 0 6 25 100 7 7 0
 9.327157184912743 113 89 0 11 0 100 7 7 0
 9.211596599322061 146 101 0 17 0 100 7 7 0
 9.102567173399104 128 99 0 7 39 100 7 7 0
 9.063245265383367 112 85 0 4 11 100 7 7 0
 9.014268016541608 101 81 0 11 56 100 7 7 0
 8.955406093761042 89 70 0 0 6 100 7 7 0
 8.879051400598366 74 0 0 0 0 0 0 0 0


# name: timeElapsed
# type: scalar
2707.922533035278


# name: evaluation
# type: matrix
# rows: 1
# columns: 3
 0.7666666666666667 0.9183673469387755 0.6521739130434783


# name: contractionConstant
# type: scalar
2


# name: minStateDiff
# type: scalar
1e-08


# name: minErrorAccDiff
# type: scalar
1e-08


