# Created by Octave 3.6.2, Mon May 13 14:06:06 2013 CEST <alex@desktop>
# name: trainStats
# type: matrix
# rows: 51
# columns: 10
 10.97485726897737 11 7 0 0 0 100 7 7 0
 10.78518609851096 12 10 0 43 53 100 7 7 0
 12.17253499267563 19 15 1 30 33 60 84 44 1460
 10.71345127613981 28 21 1 24 33 44 99 43 16506
 11.15313058922337 22 15 1 41 33 89 71 60 1084
 10.72647939229096 44 34 1 21 61 57 97 54 204011
 10.58092963237698 34 24 1 17 17 66 93 59 2912
 10.55501847903672 28 20 1 41 44 86 60 46 1081
 10.26252692252878 201 201 1 21 19 56 97 53 195
 10.18293625020276 31 22 1 29 33 73 81 54 135
 10.01629608378545 99 76 1 23 33 70 81 51 737
 10.03149580339638 108 169 1 7 19 81 71 53 67
 9.98054359300469 49 38 1 31 19 73 71 44 223
 10.26334221201793 201 201 1 13 6 73 83 56 1300
 9.852163235460612 201 201 1 17 42 70 93 63 1133
 10.28608592828982 201 201 1 44 39 73 76 49 521
 9.747755219436993 124 64 1 7 17 57 97 54 747
 9.780742468817344 201 111 1 21 25 57 99 56 1954
 11.31011761913971 201 201 1 39 28 94 50 44 147
 10.33100534120975 201 201 1 36 8 99 54 53 0
 10.29080843641244 201 201 1 29 6 99 46 44 0
 10.14689894619338 201 201 1 34 11 90 64 54 1011
 10.38718733992286 201 201 1 24 19 89 70 59 8955
 9.763891860113203 68 73 1 26 31 67 99 66 4159
 9.963539713764419 91 103 1 27 44 56 93 49 4158
 9.348265055167627 201 201 1 9 11 76 89 64 888
 9.914143894857286 201 201 1 29 17 84 66 50 87
 10.22832720164428 201 201 1 29 8 80 54 34 1929
 10.5785737811911 201 201 1 17 33 79 64 43 34335
 10.05928971039706 201 201 1 51 6 86 73 59 12089
 10.21917732351821 201 201 1 16 33 86 70 56 395
 10.30078611064647 201 201 1 17 6 81 64 46 6753
 10.06204915799157 201 201 1 13 22 83 63 46 1362
 10.18047425170979 201 201 1 33 8 53 97 50 126962
 9.898072713826545 201 201 1 16 14 59 93 51 1447
 9.859497105094771 201 201 1 33 14 71 64 36 401
 10.21957416349833 201 201 1 29 11 77 63 40 229
 9.908113964815856 201 115 1 16 25 47 84 31 35507
 9.87002949455951 201 201 1 16 11 81 73 54 767
 10.23214934322053 201 201 1 11 11 87 76 63 401
 9.596269000967844 201 74 1 26 11 40 93 33 3534
 9.883857864095903 201 108 1 9 25 57 80 37 1329
 9.725973143302923 201 201 1 23 47 87 80 67 470
 9.602408516681084 201 201 1 36 8 81 59 40 163
 10.06470329666922 201 201 1 23 6 87 56 43 61
 9.450082076042998 201 201 1 31 42 49 96 44 3049
 9.680625630307391 201 46 1 11 19 53 94 47 2492
 9.282550052389523 201 38 1 13 58 50 94 44 1605
 9.712351029219608 201 201 1 27 25 89 69 57 570
 9.711836091685219 201 64 1 13 44 59 96 54 1799
 9.363104108113701 201 0 0 0 0 0 0 0 0


# name: timeElapsed
# type: scalar
5528.841524124146


# name: evaluation
# type: matrix
# rows: 1
# columns: 3
 0.7166666666666667 0.7272727272727273 0.8115942028985508


# name: contractionConstant
# type: scalar
0.5


# name: minStateDiff
# type: scalar
1e-08


# name: minErrorAccDiff
# type: scalar
1e-08


