# Created by Octave 3.6.2, Mon May 13 09:09:49 2013 CEST <alex@desktop>
# name: trainStats
# type: matrix
# rows: 51
# columns: 10
 10.83272237310279 14 9 0 0 0 100 7 7 0
 10.78915282169616 16 12 0 60 50 100 7 7 0
 10.99824065545172 20 17 0 14 36 100 7 7 0
 11.40038616762738 29 24 0 43 44 100 7 7 0
 10.87480780834422 33 25 1 11 14 96 56 51 2
 10.94304246796878 67 58 1 41 58 46 100 46 852
 10.83961762941856 31 23 1 19 14 100 59 59 3
 10.82656058107143 201 201 1 37 50 57 90 47 987
 10.72946864589007 201 114 1 10 19 64 77 41 830
 10.55513494277022 201 201 1 13 28 64 83 47 371
 10.48563823132884 201 129 1 37 8 89 54 43 25
 9.885897659858394 201 58 0 20 3 100 7 7 0
 9.935242710137024 201 201 1 39 36 96 63 59 62
 9.860959054792346 141 142 0 24 42 100 7 7 0
 9.636697554676871 201 201 0 31 25 100 7 7 0
 9.401633733506573 201 80 0 16 11 100 7 7 0
 9.664914466875018 201 201 0 39 36 100 7 7 0
 9.719751392976999 201 201 0 11 3 100 7 7 0
 10.18738589741459 70 52 0 19 19 100 7 7 0
 10.61077576034233 42 27 0 14 47 100 7 7 0
 11.04408533874654 33 28 0 7 6 100 7 7 0
 11.16589178838815 38 34 0 7 14 100 7 7 0
 10.77241217822306 62 56 0 21 14 100 7 7 0
 10.19357917902129 101 72 0 21 17 100 7 7 0
 9.653098210798795 160 125 0 3 33 100 7 7 0
 9.415055507815293 132 107 0 33 14 100 7 7 0
 9.577973471217261 201 201 0 10 56 100 7 7 0
 9.260363579438543 201 201 0 31 22 100 7 7 0
 9.027972512791491 172 166 0 10 19 100 7 7 0
 8.75702374050363 63 87 1 20 14 77 70 47 4691062345733
 8.543260472982041 61 31 1 26 22 57 89 46 78688493757947
 9.396828149115501 34 21 1 23 22 61 80 41 9818905542920
 8.276150174241812 32 32 1 31 22 84 77 61 5315886089155
 8.073015277677591 33 29 1 3 36 73 86 59 13536259094784
 8.111921247963597 34 31 1 6 14 81 77 59 80794135561154
 8.296253729924908 39 35 1 7 14 84 79 63 49518674472341
 8.175200480193121 38 39 1 21 6 81 80 61 1615280505405
 9.129490493566868 29 23 1 47 47 84 73 57 7926422133308
 8.151184859344909 28 21 1 9 3 84 56 40 23763040618230
 7.475050546512605 32 26 1 11 31 79 77 56 207435506414125
 7.292560441637399 34 32 1 37 50 81 83 64 1774962916709631
 7.363232791285816 39 32 1 6 8 69 77 46 591758894249593
 7.472226740736683 42 36 1 3 11 67 71 39 423507608227363
 7.711310773441591 54 40 1 10 11 70 70 40 829516624891512
 8.219401642288194 58 44 1 16 17 79 74 53 2429950860207010
 8.21868339864343 37 32 1 41 53 90 54 44 3.832030395570046e+16
 7.485211795683238 38 31 1 13 11 73 64 37 4.895202334686938e+18
 6.655867227845441 53 43 1 27 14 77 70 47 62
 8.244139527083316 121 87 1 10 33 77 77 54 288
 9.19660459616321 201 201 1 16 6 87 66 53 12901
 9.906803868937216 201 0 0 0 0 0 0 0 0


# name: timeElapsed
# type: scalar
3002.36963391304


# name: evaluation
# type: matrix
# rows: 1
# columns: 3
 0.8916666666666667 0.9 0.9130434782608695


# name: contractionConstant
# type: scalar
2


# name: minStateDiff
# type: scalar
1e-08


# name: minErrorAccDiff
# type: scalar
1e-08


