# Created by Octave 3.6.2, Mon May 13 05:27:25 2013 CEST <alex@desktop>
# name: trainStats
# type: matrix
# rows: 51
# columns: 10
 10.96061062316113 11 6 0 0 0 100 7 7 0
 10.89320488660425 21 16 0 51 56 100 7 7 0
 11.13816024317448 41 33 0 33 28 100 7 7 0
 10.78217329602785 19 15 0 41 42 100 7 7 0
 10.99450366918152 23 18 0 17 31 100 7 7 0
 10.96031375079603 20 14 0 20 53 100 7 7 0
 11.02425405507278 13 8 0 29 33 100 7 7 0
 10.92434525500695 16 10 0 30 25 100 7 7 0
 10.87312923104317 27 17 0 13 11 100 7 7 0
 10.84671347717898 26 15 0 27 44 100 7 7 0
 10.84266336140037 201 122 0 30 11 100 7 7 0
 10.7842072387598 21 9 0 29 22 100 7 7 0
 10.69991019310415 27 15 0 9 28 100 7 7 0
 10.55817046823276 143 122 0 21 31 100 7 7 0
 10.49204653169978 50 31 1 20 14 87 59 46 52
 10.35046183259135 54 24 0 19 17 100 7 7 0
 10.48530530176497 47 37 0 9 36 100 7 7 0
 10.53868039615824 29 24 0 7 14 100 7 7 0
 10.64196904044996 24 17 0 27 19 100 7 7 0
 10.47439653653647 25 21 0 19 17 100 7 7 0
 10.53858082983277 26 21 0 27 28 100 7 7 0
 10.4533791768616 33 27 0 9 42 100 7 7 0
 10.53323225360307 46 41 0 24 14 100 7 7 0
 10.39541824738391 26 20 0 43 42 100 7 7 0
 10.43416103582016 151 129 0 3 31 100 7 7 0
 10.36213544988187 201 201 0 27 31 100 7 7 0
 10.48532130818883 51 41 0 30 47 100 7 7 0
 10.3623088277848 50 47 0 30 17 100 7 7 0
 10.40275613463639 59 49 0 16 19 100 7 7 0
 10.42306321681757 102 99 0 29 44 100 7 7 0
 10.34203719449981 201 201 0 24 25 100 7 7 0
 10.33585758444865 187 201 0 16 19 100 7 7 0
 10.30166222013322 201 201 0 37 22 100 7 7 0
 10.26581883863708 201 201 0 17 14 100 7 7 0
 10.32087150982525 201 201 0 33 22 100 7 7 0
 10.2372750086185 201 201 0 33 17 100 7 7 0
 10.26685106566323 201 201 0 29 25 100 7 7 0
 10.20013120814555 201 201 0 33 6 100 7 7 0
 10.1098084402986 201 201 0 17 14 100 7 7 0
 10.02026127223373 201 201 1 14 17 100 61 61 0
 9.927754623835607 201 201 0 43 17 100 7 7 0
 9.914411876025733 201 201 0 21 28 100 7 7 0
 9.883722839084225 201 201 0 19 3 100 7 7 0
 9.837690544564261 201 201 0 34 11 100 7 7 0
 9.786674659910018 201 201 1 17 11 93 50 43 30
 9.715689793197209 201 201 0 39 17 100 7 7 0
 9.671095876948193 201 201 0 6 11 100 7 7 0
 9.624464036379734 201 165 1 33 6 100 50 50 88
 9.526045719554595 201 201 1 9 8 99 50 49 2
 9.463982102311824 201 201 0 6 36 100 7 7 0
 9.393701505119941 201 0 0 0 0 0 0 0 0


# name: timeElapsed
# type: scalar
3296.035529851913


# name: evaluation
# type: matrix
# rows: 1
# columns: 3
 0.7333333333333333 0.7466666666666667 0.8115942028985508


# name: contractionConstant
# type: scalar
2


# name: minStateDiff
# type: scalar
1e-08


# name: minErrorAccDiff
# type: scalar
1e-08


