# Created by Octave 3.6.2, Mon May 13 04:32:29 2013 CEST <alex@desktop>
# name: trainStats
# type: matrix
# rows: 51
# columns: 10
 10.96061062316141 11 6 0 0 0 100 7 7 0
 10.89320488660171 21 16 0 51 56 100 7 7 0
 11.13816024319453 43 33 1 21 28 59 94 53 160
 10.8047825501539 201 17 0 41 33 100 7 7 0
 10.78511641778609 41 30 0 17 31 100 7 7 0
 10.35526303036712 126 96 0 21 39 100 7 7 0
 10.00125430059994 201 201 1 31 17 100 63 63 1
 10.05195954307368 201 201 0 40 33 100 7 7 0
 9.545311539172165 201 89 0 21 22 100 7 7 0
 11.109003994061 201 201 0 49 47 100 7 7 0
 10.47310974553701 201 138 0 19 44 100 7 7 0
 9.693219237923755 201 116 0 37 25 100 7 7 0
 10.89040729847933 201 114 0 43 47 100 7 7 0
 9.972933224303176 201 135 0 23 3 100 7 7 0
 10.1166572545213 201 201 0 24 50 100 7 7 0
 9.850079735479149 201 201 0 23 8 100 7 7 0
 9.592516673204203 201 201 0 4 19 100 7 7 0
 10.14518594522993 201 86 0 16 17 100 7 7 0
 10.02673546812627 201 98 0 19 14 100 7 7 0
 10.15741537476418 201 168 0 27 17 100 7 7 0
 9.505097513941896 201 62 0 9 22 100 7 7 0
 9.341895941242802 201 129 0 56 53 100 7 7 0
 9.15356974368677 201 66 0 9 19 100 7 7 0
 8.846854414502218 201 77 0 13 11 100 7 7 0
 8.682617656980231 201 95 0 23 28 100 7 7 0
 8.575528397208497 201 201 0 13 8 100 7 7 0
 8.295563554239068 201 201 0 20 14 100 7 7 0
 8.270126668305574 201 201 0 34 17 100 7 7 0
 8.181909020858136 118 130 0 13 11 100 7 7 0
 8.21258307591051 68 62 0 11 6 100 7 7 0
 8.115202893817903 48 43 0 13 17 100 7 7 0
 8.136148249861236 40 45 0 16 3 100 7 7 0
 8.868364801178506 50 49 1 10 22 100 57 57 1
 10.18731618152366 92 69 1 37 28 87 63 50 54
 10.19065595261521 60 57 1 9 19 87 69 56 27
 10.05846440501063 65 67 1 7 8 83 67 50 1557
 10.33905869821764 85 50 1 4 28 90 60 50 203
 10.32776353105954 110 109 1 29 14 80 61 41 196
 10.81000745635078 201 201 1 23 31 89 66 54 12103
 11.02970740911612 201 201 1 29 8 91 46 37 27
 10.78063688214032 201 201 1 31 3 89 63 51 165
 10.87261165095878 201 201 1 23 3 89 70 59 706
 10.43844614618119 201 201 1 36 19 84 80 64 414
 9.922000291477724 201 201 1 10 17 66 93 59 524
 9.934225433560561 201 201 1 27 17 87 61 49 106
 9.843981156992125 201 201 1 11 11 66 93 59 1781
 9.88899910829655 201 201 1 26 25 93 57 50 1926
 9.989179237182425 201 201 1 26 22 87 69 56 305
 10.06328175521671 201 201 1 26 11 90 61 51 5378
 9.474529566307869 201 201 1 31 19 94 37 31 20
 9.46952655864002 201 0 0 0 0 0 0 0 0


# name: timeElapsed
# type: scalar
4480.022288799286


# name: evaluation
# type: matrix
# rows: 1
# columns: 3
 0.7833333333333333 0.9574468085106383 0.6521739130434783


# name: contractionConstant
# type: scalar
0.9


# name: minStateDiff
# type: scalar
1e-08


# name: minErrorAccDiff
# type: scalar
1e-08


