# Created by Octave 3.6.2, Mon May 13 03:17:49 2013 CEST <alex@desktop>
# name: trainStats
# type: matrix
# rows: 51
# columns: 10
 10.88833536530687 10 7 0 0 0 100 7 7 0
 10.86788475969535 18 12 0 53 64 100 7 7 0
 11.30287942587375 15 11 1 20 28 67 84 51 335
 10.83856161095643 16 11 0 39 39 100 7 7 0
 10.93279474794575 22 17 1 26 47 56 99 54 31037
 10.97029593351311 21 14 1 41 53 57 100 57 1107
 10.81786330327104 42 31 1 17 14 50 96 46 8554
 11.12348628447571 27 20 0 40 75 100 7 7 0
 10.82884943666948 42 29 1 11 0 49 97 46 21730
 10.83423545324562 40 27 1 56 61 53 99 51 192290
 10.81063776432738 39 25 1 9 14 47 99 46 38295
 10.79584110637809 31 21 1 36 19 70 86 56 15493
 10.78974329803337 29 18 0 24 17 100 7 7 0
 10.79546150348931 61 44 0 19 50 100 7 7 0
 10.76292299284463 42 29 0 13 19 100 7 7 0
 10.7752683203349 35 26 0 23 56 100 7 7 0
 10.7346779719101 45 34 1 20 3 93 66 59 19
 10.66974618768707 84 63 1 27 19 74 77 51 740
 10.61732806724421 50 41 1 19 19 47 96 43 11622
 10.48842180032252 52 49 1 10 6 40 93 33 20765
 10.40509483680439 120 99 1 14 11 46 97 43 4683
 10.31147852948591 201 201 1 14 8 41 100 41 39357
 10.18283882439166 201 201 1 4 0 49 96 44 9014
 10.08668023779152 201 201 1 24 17 81 76 57 507
 11.20660430351543 201 201 1 24 56 63 83 46 2147
 11.18899845350297 83 67 1 30 0 77 73 50 577
 10.73656973500003 201 201 1 30 19 81 73 54 377
 10.45137709080543 201 201 1 37 14 93 63 56 27
 10.27981363771279 201 201 1 17 19 87 71 59 18
 10.26556909068286 201 201 1 17 0 83 60 43 141
 10.32523260712429 201 201 1 34 17 86 53 39 1301
 10.30467507352031 201 201 1 21 36 86 50 36 118
 10.38671811109998 201 201 1 29 17 74 77 51 471
 10.19595522790762 201 201 1 39 11 87 59 46 148
 10.01394009498076 201 201 1 36 31 91 50 41 72
 10.36420138638606 201 201 1 33 44 90 51 41 355
 10.33438919965718 201 201 1 19 19 96 63 59 38
 10.40483721766395 201 201 1 41 17 96 53 49 0
 10.29146774852802 201 201 1 24 25 86 54 40 855
 10.21850835321844 201 201 1 44 8 90 50 40 475
 10.23954210001157 201 201 1 23 14 93 59 51 72
 10.04601414475816 201 201 1 33 39 90 59 49 1208
 10.11427039132683 201 201 1 30 33 91 67 59 1474
 10.01512416012189 201 201 1 30 14 90 61 51 495
 9.958147214757039 201 201 1 23 31 70 80 50 5394
 10.08309684698433 201 201 1 30 31 90 63 53 48
 10.01648065551641 201 201 1 23 39 86 69 54 156
 9.950841401767644 201 201 1 19 31 84 66 50 126
 9.868381619507593 201 201 1 17 22 86 67 53 69
 10.01314062009913 201 201 1 41 28 87 57 44 24
 9.962611978852703 201 0 0 0 0 0 0 0 0


# name: timeElapsed
# type: scalar
3931.877605199814


# name: evaluation
# type: matrix
# rows: 1
# columns: 3
 0.6666666666666666 0.7636363636363637 0.6086956521739131


# name: contractionConstant
# type: scalar
0.5


# name: minStateDiff
# type: scalar
1e-08


# name: minErrorAccDiff
# type: scalar
1e-08


