# Created by Octave 3.6.2, Mon May 13 06:51:31 2013 CEST <alex@desktop>
# name: packedGnn
# type: scalar struct
# ndims: 2
 1 1
# length: 10
# name: transitionNet
# type: scalar struct
# ndims: 2
 1 1
# length: 15
# name: weights1
# type: matrix
# rows: 5
# columns: 7
 -0.004733520306279701 0.04043890899708222 0.05048122069171049 0.1232866136959695 0.02689754370106812 0.02578514276585941 -0.07326100384064481
 -0.05660233616195152 0.09067706888743901 -0.1158577919921697 0.09297595390267413 0.06248181943376482 -0.0887444465262784 0.09539416809356621
 -0.08006631702701565 0.0657754637560804 0.02844580040182676 -0.1220140368951554 0.08721263889221109 -0.06802169383968733 0.05137840817168751
 -0.02128948974224391 -0.01082906714606101 0.01436782878822651 -0.07375667106384066 0.07968086395788257 -0.09863566968060249 -0.06918002259487739
 -0.07941700160579086 -0.02474131492164429 -0.004344431688940373 0.05203207207217952 0.096175458692904 -0.08637286888233602 -0.100742689826743


# name: bias1
# type: matrix
# rows: 5
# columns: 1
 0.002199325533212754
 0.04255617329775865
 0.05148035575803908
 0.004067563683220421
 0.1153746803728255


# name: weights2
# type: matrix
# rows: 5
# columns: 5
 0.1352739845411608 0.04975727294010687 0.07789106731003022 0.1030071912029641 -0.133997061411228
 0.08064273293538131 -0.1044806670398783 0.1340715767561343 0.1228115922144607 0.1135263520377083
 0.1580244662870182 0.1240193333885748 0.1216458993578018 0.07188372277028827 -0.03021735832518814
 0.1004532536130883 -0.01126888522716498 -0.04475236465264363 -0.032754894012226 -0.09627617257483813
 0.001218064440314063 0.01447438864860484 -0.04596366282551565 -0.05159539767134652 -0.06818791021971347


# name: bias2
# type: matrix
# rows: 5
# columns: 1
 -0.00746805852660487
 0.0520983569773296
 -0.05482980400424466
 -0.06708544498872802
 -0.1386075792565405


# name: nInputLines
# type: scalar
7


# name: nHiddenNeurons
# type: scalar
5


# name: nOutputNeurons
# type: scalar
5


# name: nWeights
# type: scalar
70


# name: outputFun
# type: sq_string
# elements: 1
# length: 6
tansig


# name: activation1
# type: matrix
# rows: 0
# columns: 0


# name: activationderivative1
# type: matrix
# rows: 0
# columns: 0


# name: activation2ndderivative1
# type: matrix
# rows: 0
# columns: 0


# name: activation2
# type: matrix
# rows: 0
# columns: 0


# name: activationderivative2
# type: matrix
# rows: 0
# columns: 0


# name: activation2ndderivative2
# type: matrix
# rows: 0
# columns: 0




# name: outputNet
# type: scalar struct
# ndims: 2
 1 1
# length: 15
# name: weights1
# type: matrix
# rows: 5
# columns: 5
 0.01186750198517699 0.00436008703984824 0.01995610800912454 -0.01080778272633589 -0.02930118303227084
 -0.03166039662022412 -0.03131814209369065 0.01045364319964922 0.01505299254267145 0.007360302138241815
 -0.01712250958379087 0.01226448159916713 0.01624302286305252 0.006436515278194992 0.01189359482375456
 -0.02751799896185995 0.02711251643446528 0.01721013492853462 0.03189777905243687 0.0003460102565565689
 -0.004512427391315569 -0.03144044255587795 -0.03138376934652519 -0.01768675353917224 0.02668956821204146


# name: bias1
# type: matrix
# rows: 5
# columns: 1
 -0.03429290264198742
 -0.1513884742766005
 -0.05389425442230853
 0.1492586809821167
 -0.01894474719764266


# name: weights2
# type: matrix
# rows: 1
# columns: 5
 0.1266604891680517 -0.0311736349373498 -0.1517265437378506 -0.04526178511919848 0.1093692575363207


# name: bias2
# type: scalar
-0.006223002279999594


# name: nInputLines
# type: scalar
5


# name: nHiddenNeurons
# type: scalar
5


# name: nOutputNeurons
# type: scalar
1


# name: nWeights
# type: scalar
36


# name: outputFun
# type: sq_string
# elements: 1
# length: 6
tansig


# name: activation1
# type: matrix
# rows: 0
# columns: 0


# name: activationderivative1
# type: matrix
# rows: 0
# columns: 0


# name: activation2ndderivative1
# type: matrix
# rows: 0
# columns: 0


# name: activation2
# type: matrix
# rows: 0
# columns: 0


# name: activationderivative2
# type: matrix
# rows: 0
# columns: 0


# name: activation2ndderivative2
# type: matrix
# rows: 0
# columns: 0




# name: maxIndegree
# type: scalar
5


# name: stateSize
# type: scalar
5


# name: nodeLabelSize
# type: scalar
1


# name: edgeLabelSize
# type: scalar
1


# name: minStateDiff
# type: scalar
1e-08


# name: minErrorAccDiff
# type: scalar
1e-08


# name: contractionConstant
# type: scalar
0.9


# name: nWeights
# type: scalar
106




# name: graph
# type: scalar struct
# ndims: 2
 1 1
# length: 9
# name: nodeLabels
# type: matrix
# rows: 120
# columns: 1
 1
 8
 0
 10
 10
 2
 10
 0
 6
 9
 3
 1
 7
 9
 10
 5
 1
 0
 3
 10
 1
 8
 0
 8
 1
 9
 5
 0
 10
 7
 9
 0
 8
 10
 3
 1
 3
 0
 1
 10
 10
 0
 6
 0
 10
 1
 0
 4
 1
 4
 10
 5
 0
 8
 1
 10
 6
 4
 0
 3
 10
 3
 2
 1
 9
 0
 6
 7
 0
 10
 10
 1
 0
 8
 5
 3
 10
 1
 6
 0
 10
 9
 4
 1
 1
 10
 0
 10
 3
 8
 2
 4
 0
 1
 10
 9
 0
 10
 9
 0
 8
 1
 1
 10
 0
 8
 10
 0
 9
 1
 1
 6
 0
 10
 1
 0
 4
 10
 4
 0


# name: expectedOutput
# type: matrix
# rows: 120
# columns: 1
 1
 -1
 1
 -1
 1
 -1
 1
 1
 -1
 -1
 -1
 1
 -1
 -1
 1
 -1
 1
 1
 -1
 1
 1
 -1
 1
 -1
 1
 -1
 -1
 1
 1
 -1
 -1
 1
 -1
 1
 -1
 1
 -1
 1
 1
 1
 1
 1
 -1
 1
 1
 1
 1
 -1
 1
 -1
 1
 -1
 1
 -1
 1
 1
 -1
 -1
 1
 -1
 1
 -1
 -1
 1
 -1
 1
 -1
 -1
 1
 1
 1
 1
 1
 -1
 -1
 -1
 1
 1
 -1
 1
 1
 -1
 -1
 1
 1
 1
 1
 1
 -1
 -1
 -1
 -1
 1
 1
 1
 -1
 1
 1
 -1
 1
 -1
 1
 1
 1
 1
 -1
 1
 1
 -1
 1
 1
 -1
 1
 1
 1
 -1
 -1
 1
 -1
 1


