# Created by Octave 3.6.2, Mon May 13 12:33:58 2013 CEST <alex@desktop>
# name: trainStats
# type: matrix
# rows: 51
# columns: 10
 10.97485726897712 11 7 0 0 0 100 7 7 0
 10.78518609851982 13 10 0 43 53 100 7 7 0
 12.17253499266605 19 15 0 30 33 100 7 7 0
 10.76958095986794 201 201 1 27 36 94 66 60 17
 10.51887744602493 31 26 0 13 31 100 7 7 0
 10.12429064124138 201 201 0 31 8 100 7 7 0
 10.77725594896017 125 116 0 24 67 100 7 7 0
 9.976743375900416 27 23 0 26 0 100 7 7 0
 9.838263908456408 29 24 0 21 39 100 7 7 0
 9.202565336016047 84 94 0 24 14 100 7 7 0
 9.858919318268333 201 201 0 43 58 100 7 7 0
 9.166949570822387 201 188 0 17 28 100 7 7 0
 9.698345822633021 70 52 0 60 67 100 7 7 0
 9.140429541906178 49 39 0 20 31 100 7 7 0
 8.877787794784137 64 47 0 37 36 100 7 7 0
 9.090062706529478 35 27 0 34 17 100 7 7 0
 8.790329419044301 36 28 0 30 19 100 7 7 0
 8.888735775365243 35 27 0 30 14 100 7 7 0
 8.724672677838246 34 23 0 4 3 100 7 7 0
 8.717015110484603 32 23 0 13 6 100 7 7 0
 8.656333294168192 28 21 0 26 42 100 7 7 0
 8.912011158446969 24 19 0 19 25 100 7 7 0
 8.733037521903022 19 15 0 1 3 100 7 7 0
 8.611003177288039 18 15 0 39 19 100 7 7 0
 8.946984039176135 31 35 0 1 17 100 17 17 0
 9.302361297768412 31 25 0 0 6 100 7 7 0
 9.138839755962103 33 21 0 10 25 100 7 7 0
 8.928414740540113 35 21 0 17 31 100 7 7 0
 8.742048000535723 32 21 0 16 6 100 17 17 0
 8.929435217462744 31 18 0 46 25 100 7 7 0
 8.634166645067433 30 19 0 1 25 100 17 17 0
 8.581814453686224 34 20 0 6 11 100 17 17 0
 8.528369939998239 34 19 0 4 19 100 17 17 0
 8.656667914188096 37 25 0 31 36 100 17 17 0
 8.51841853096189 31 18 0 10 42 100 17 17 0
 8.558582834841076 30 18 0 26 22 100 17 17 0
 8.490296172416055 25 16 0 3 0 100 17 17 0
 8.475477189461095 23 14 0 7 17 100 17 17 0
 8.453447094256404 26 14 0 3 3 100 17 17 0
 8.43873684823639 30 15 0 13 31 100 17 17 0
 8.562323160542359 88 38 0 13 11 100 17 17 0
 8.455118524017999 147 56 0 1 39 100 17 17 0
 8.487083195481127 70 44 0 11 39 100 7 7 0
 8.958971285164564 201 34 0 33 22 100 7 7 0
 9.696236929447167 201 75 0 21 3 100 7 7 0
 10.00699236236671 201 92 0 39 3 100 7 7 0
 10.03546043550174 95 107 0 11 11 100 7 7 0
 9.792484942248066 201 54 0 17 6 100 7 7 0
 9.883289052280233 201 124 0 9 8 100 7 7 0
 9.5680460579235 201 63 0 13 3 100 7 7 0
 9.467345438287042 201 0 0 0 0 0 0 0 0


# name: timeElapsed
# type: scalar
2614.811159133911


# name: evaluation
# type: matrix
# rows: 1
# columns: 3
 0.7833333333333333 0.9574468085106383 0.6521739130434783


# name: contractionConstant
# type: scalar
2


# name: minStateDiff
# type: scalar
1e-08


# name: minErrorAccDiff
# type: scalar
1e-08


