# Created by Octave 3.6.2, Mon May 13 08:19:46 2013 CEST <alex@desktop>
# name: trainStats
# type: matrix
# rows: 51
# columns: 10
 10.83272237310281 14 9 0 0 0 100 7 7 0
 10.78915282167631 16 12 0 60 50 100 7 7 0
 10.99824065560142 21 17 0 14 36 100 7 7 0
 11.40038616760753 29 24 1 49 44 60 89 49 605
 10.85029411103748 30 24 1 14 3 74 84 59 5082
 10.83387848069137 201 201 1 43 75 100 41 41 0
 10.73446517808027 201 201 1 20 8 99 61 60 7
 10.60893155293233 201 201 1 34 36 81 71 53 87
 10.2154596170464 201 201 1 14 11 51 99 50 1007
 9.811446276498177 201 201 1 16 25 54 94 49 1147
 10.68257430615211 201 201 1 37 58 93 67 60 6
 10.12221765438687 201 201 1 21 28 74 89 63 265
 10.17309257675415 201 201 1 21 28 83 83 66 122
 9.859842510051005 201 88 1 44 11 100 51 51 2
 9.452970154704353 201 201 1 24 36 87 64 51 588
 9.426942480394644 201 72 1 24 6 59 84 43 222
 9.978916313465779 201 57 1 13 31 69 83 51 210
 10.07650848781949 201 63 1 19 0 60 84 44 6830
 10.32539125527239 201 56 1 11 67 64 99 63 7507
 9.737313994380859 201 36 1 20 3 76 89 64 2482
 9.367430789025656 201 201 1 33 72 96 66 61 72
 9.018336048997329 201 201 1 31 3 89 67 56 318
 9.288769571390546 201 54 1 20 25 61 90 51 2835
 9.999915747250489 201 41 1 11 6 66 94 60 3432
 10.10625275069262 201 201 1 13 14 64 94 59 12042
 10.49340268673802 201 201 1 21 8 87 73 60 64
 9.511275720217222 201 201 1 33 36 97 57 54 0
 9.427200703159055 201 201 1 31 25 96 66 61 81
 9.432387072776592 201 201 1 36 11 97 69 66 0
 9.768678905807208 201 201 1 13 58 100 59 59 0
 10.59155416525616 201 201 1 29 28 99 44 43 3
 10.86636698967511 201 201 1 30 6 100 33 33 0
 10.59988642181003 201 201 1 30 14 99 51 50 3
 9.506326542681306 201 201 1 40 42 100 50 50 0
 9.082959664599755 201 201 1 30 28 83 70 53 156
 9.074590536609174 201 201 1 19 0 86 67 53 564
 9.229318844309521 201 201 1 31 6 91 63 54 192
 9.409009414976355 201 201 1 23 6 100 50 50 2424
 9.434598224313985 201 201 1 40 11 100 57 57 0
 9.433290848371845 201 201 1 26 3 100 46 46 0
 10.00690513701464 201 201 1 27 72 100 56 56 0
 10.0160729851964 201 201 1 16 3 100 54 54 0
 10.4166247850775 201 201 1 36 17 100 41 41 0
 10.18408517560736 201 201 1 31 22 100 49 49 0
 10.21591249651681 201 201 1 6 0 100 46 46 0
 10.06437740013587 201 201 1 17 22 100 50 50 0
 9.538185618805191 201 201 1 33 31 100 49 49 0
 9.234711954850923 201 201 1 26 42 100 67 67 0
 9.174297794551064 201 201 1 14 11 100 63 63 0
 9.057334071142732 201 201 1 11 11 100 63 63 0
 9.1936395772402 201 0 0 0 0 0 0 0 0


# name: timeElapsed
# type: scalar
5294.846913099289


# name: evaluation
# type: matrix
# rows: 1
# columns: 3
 0.7416666666666667 0.8653846153846154 0.6521739130434783


# name: contractionConstant
# type: scalar
0.9


# name: minStateDiff
# type: scalar
1e-08


# name: minErrorAccDiff
# type: scalar
1e-08


