# Created by Octave 3.6.2, Mon May 13 16:53:21 2013 CEST <alex@desktop>
# name: trainStats
# type: matrix
# rows: 51
# columns: 10
 11.53914470014703 11 7 0 0 0 100 7 7 0
 10.94636640993512 18 14 0 46 44 100 7 7 0
 11.24760693068313 17 12 0 30 39 100 7 7 0
 11.36146463399359 201 201 0 27 50 100 7 7 0
 10.95274679425072 100 77 0 23 11 100 7 7 0
 10.88478132093021 201 154 0 30 44 100 7 7 0
 10.75375193734287 201 201 0 11 25 100 7 7 0
 10.48142247893819 164 108 0 11 25 100 7 7 0
 10.15600891766915 94 71 0 6 8 100 7 7 0
 9.931435441481915 20 16 0 26 36 100 7 7 0
 9.748548347706357 201 201 0 19 17 100 7 7 0
 9.103140898210057 22 16 0 33 25 100 7 7 0
 11.25877980671238 52 55 0 47 44 100 7 7 0
 8.929750456310494 201 201 0 21 28 100 7 7 0
 8.653283312434668 201 201 0 27 33 100 7 7 0
 8.95845068957887 201 201 1 47 19 100 49 49 5
 8.394051347600564 201 201 1 10 17 100 69 69 0
 8.334563849351682 201 201 1 57 42 100 59 59 0
 8.203392132684137 201 201 1 10 36 99 60 59 4
 8.402927414749087 201 201 1 27 0 90 64 54 20
 7.90441717655779 201 201 1 20 8 97 59 56 9
 8.222992067169283 201 201 1 34 17 96 54 50 4
 7.803002335057231 201 201 1 9 17 99 46 44 22
 8.316083804626972 201 160 1 36 19 94 67 61 18
 9.626225180785202 40 31 1 11 19 99 57 56 5
 10.47820982605736 29 26 1 19 14 100 53 53 0
 11.63423973160717 43 35 0 44 36 100 7 7 0
 11.02233863433257 38 32 1 14 6 97 59 56 16
 11.34835753130667 43 38 0 26 33 100 7 7 0
 11.25259229991813 38 33 1 29 6 99 56 54 2
 11.11315001269782 33 29 1 37 28 100 47 47 1
 10.77568113381353 37 28 1 11 0 100 57 57 1
 10.52493285257114 30 27 1 31 39 100 56 56 1
 10.53266762740537 27 24 1 19 0 97 57 54 5
 10.87647041921426 29 24 1 21 31 99 59 57 9
 11.57953339120593 40 30 1 33 14 97 60 57 3
 12.64112624293989 52 40 1 43 22 100 60 60 10
 12.27330213605647 61 47 1 6 44 94 59 53 17
 11.91306697530888 89 70 1 21 6 84 80 64 35
 11.47434638893121 121 91 1 6 14 74 87 61 17
 11.04621249164215 201 201 1 13 6 94 60 54 11
 10.80835286953046 201 201 1 16 17 70 74 44 34
 11.00056786647474 183 109 1 24 33 59 90 49 393
 10.8221510332512 201 86 1 19 28 59 89 47 4041
 10.81212318814828 201 201 1 19 50 90 69 59 38
 10.59804832291729 201 201 1 11 0 83 73 56 39
 10.38696503878997 201 201 1 26 6 94 60 54 13
 10.17846293142884 201 201 1 13 14 99 54 53 7
 9.947750321309281 201 201 1 9 0 99 53 51 1
 9.690829178789379 201 201 0 33 0 100 7 7 0
 9.294968046638028 201 0 0 0 0 0 0 0 0


# name: timeElapsed
# type: scalar
4226.011677026749


# name: evaluation
# type: matrix
# rows: 1
# columns: 3
 0.7916666666666666 0.9782608695652174 0.6521739130434783


# name: contractionConstant
# type: scalar
2


# name: minStateDiff
# type: scalar
1e-08


# name: minErrorAccDiff
# type: scalar
1e-08


