# Created by Octave 3.6.2, Mon May 13 11:50:23 2013 CEST <alex@desktop>
# name: trainStats
# type: matrix
# rows: 51
# columns: 10
 10.97485726897704 11 7 0 0 0 100 7 7 0
 10.78518609851964 13 10 0 43 53 100 7 7 0
 12.17253499271919 19 15 1 31 33 91 51 43 57
 10.74437758656689 201 201 1 31 31 54 91 46 8407
 10.4865303696673 21 19 1 20 36 59 94 53 677
 10.34663671011397 53 47 1 26 25 59 83 41 485
 9.924286979697003 72 63 1 20 50 54 93 47 854
 11.76200207356999 201 157 1 43 39 91 64 56 8
 10.62076360430351 201 201 1 13 36 83 71 54 362
 10.78594237930123 201 94 1 37 39 67 81 49 116
 10.62131395588441 201 201 1 16 22 63 79 41 93
 10.28326010888198 201 201 1 30 36 86 69 54 523
 10.85857560161346 201 103 1 31 31 64 81 46 410
 10.78164810188686 201 201 1 14 17 54 83 37 9405
 10.79493433356769 201 201 1 10 19 50 96 46 3302
 10.71206118245238 201 201 1 37 17 81 61 43 334
 10.96089459616005 201 201 1 23 56 73 73 46 29463
 10.75184867046784 201 201 1 14 33 86 71 57 95
 10.80002491081091 201 201 1 50 14 76 77 53 147
 10.70060188135746 201 201 1 9 6 43 96 39 3915
 10.97780128554152 201 201 1 30 81 76 71 47 291
 10.86270117847139 201 201 1 26 3 83 56 39 32573
 10.95904122643623 201 201 1 26 39 61 97 59 1393
 10.7751798943641 201 201 1 17 14 69 97 66 822
 10.95123066575901 201 201 1 27 28 54 96 50 2788
 10.98232047819726 201 95 1 20 17 49 99 47 52918
 11.10532125690585 201 201 1 31 28 80 77 57 2397
 10.78946373700532 201 46 1 9 17 41 100 41 3082
 10.81283256051294 201 30 1 26 8 59 100 59 11062
 10.8431847127338 201 18 1 9 6 54 99 53 4974
 10.76157531989535 201 41 1 23 58 73 97 70 47721
 10.80159569730454 201 54 1 13 14 56 97 53 59992
 10.72304722504247 201 69 1 14 42 46 100 46 270664
 10.83754927351909 201 22 1 19 28 47 97 44 703573
 10.79840919234386 201 24 1 17 17 51 99 50 1001050
 10.77044231751125 201 19 1 31 14 66 93 59 133378
 10.77125979861889 201 32 1 20 42 67 96 63 161960
 10.70588532924679 201 38 1 20 8 50 99 49 767976
 10.77710602686983 201 39 1 6 44 53 97 50 1103026
 10.75725425641268 201 201 1 29 3 79 71 50 42863
 10.64166684005842 201 22 1 14 22 50 100 50 333000
 10.72681855215501 201 201 1 24 0 41 100 41 5748
 10.76790448031525 201 16 1 6 25 51 99 50 934145
 10.68537701459699 201 32 1 20 0 63 94 57 1391099
 10.66571647880886 201 201 1 17 11 84 70 54 1606
 10.78024515575015 201 22 1 26 25 61 96 57 798281
 10.81555382975734 201 44 1 17 19 53 97 50 3550344
 10.75623502464628 201 29 1 16 0 60 96 56 16030
 10.70897389982406 201 201 1 30 11 83 74 57 25577
 10.75082578142469 201 29 1 17 28 60 97 57 81343
 10.47118670194769 201 0 0 0 0 0 0 0 0


# name: timeElapsed
# type: scalar
5943.038275003433


# name: evaluation
# type: matrix
# rows: 1
# columns: 3
 0.6583333333333333 0.7258064516129032 0.6521739130434783


# name: contractionConstant
# type: scalar
0.9


# name: minStateDiff
# type: scalar
1e-08


# name: minErrorAccDiff
# type: scalar
1e-08


