# Created by Octave 3.6.2, Mon May 13 18:06:59 2013 CEST <alex@desktop>
# name: packedGnn
# type: scalar struct
# ndims: 2
 1 1
# length: 10
# name: transitionNet
# type: scalar struct
# ndims: 2
 1 1
# length: 15
# name: weights1
# type: matrix
# rows: 5
# columns: 7
 -0.00693947188782422 0.03482909564480319 -0.07939349887937484 0.09899703092540083 0.05275015998909907 0.03531981461460268 0.06969517284284671
 0.0828542231302847 0.09454058198507895 0.09480104162080852 0.09364507928550386 0.01110882892799925 -0.06237043553009865 -0.08357707185077269
 -0.07384657505216942 0.1234518364418345 -0.09649261121626861 0.09085459303467902 -0.05426593927671712 0.020081483365334 0.1109451633989081
 -0.04344798440092 -0.1047568702080469 0.1178377144615857 -0.1237389961710387 0.0480092231818067 -0.05604306022589424 -0.1199996780994292
 0.08440240151165579 0.07058605909284207 0.02462548930432637 0.05596862529121646 0.04611482676859055 -0.004291884906683543 0.08497152269150321


# name: bias1
# type: matrix
# rows: 5
# columns: 1
 -0.06453205200933497
 0.003433718556150905
 0.01811807750549468
 0.05326279612947621
 -0.1099724427009725


# name: weights2
# type: matrix
# rows: 5
# columns: 5
 -0.11825310032508 -0.05242553261571675 -0.02449960114252013 0.1389717985336923 0.10495562187229
 0.08051411534434123 -0.1528910767553369 -0.09025046415490558 -0.02569296753967182 0.1665142359039765
 0.1047620632586689 -0.08869227642479248 0.05918947736709912 0.1372807869168647 0.0191200244056006
 -0.1201167819170355 -0.126343283752982 0.04915800584906216 0.1181899130704412 -0.07439053458885897
 0.09316642828424215 0.105555647946338 0.05713949498994634 0.08724402853056445 0.05300563931554732


# name: bias2
# type: matrix
# rows: 5
# columns: 1
 -0.08855550717684323
 0.03091483731305207
 0.1547597468686799
 0.1345323634816167
 -0.1075351916615184


# name: nInputLines
# type: scalar
7


# name: nHiddenNeurons
# type: scalar
5


# name: nOutputNeurons
# type: scalar
5


# name: nWeights
# type: scalar
70


# name: outputFun
# type: sq_string
# elements: 1
# length: 6
tansig


# name: activation1
# type: matrix
# rows: 0
# columns: 0


# name: activationderivative1
# type: matrix
# rows: 0
# columns: 0


# name: activation2ndderivative1
# type: matrix
# rows: 0
# columns: 0


# name: activation2
# type: matrix
# rows: 0
# columns: 0


# name: activationderivative2
# type: matrix
# rows: 0
# columns: 0


# name: activation2ndderivative2
# type: matrix
# rows: 0
# columns: 0




# name: outputNet
# type: scalar struct
# ndims: 2
 1 1
# length: 15
# name: weights1
# type: matrix
# rows: 5
# columns: 5
 -0.01713389877547087 -0.004062949519912465 -0.02571978431898431 -0.03302724013991019 0.02249274762600692
 -0.01059246140266552 0.02411960127896527 0.007141157608633135 -0.01514565978874384 -0.0008493871492650832
 0.02213695314597525 -0.03308454515058622 0.004121659620906678 0.01143558546840845 -0.02156584899631465
 0.008278120999828727 0.009247843601375183 -0.03117414411123907 -0.01073336816236047 0.004604167687008398
 -0.006215078167722202 0.004745674233461557 0.01082604704930491 -0.00504143556010603 -0.02596172477887906


# name: bias1
# type: matrix
# rows: 5
# columns: 1
 -0.09265928665005402
 0.119160895588364
 0.02702645802720864
 -0.02577373230867177
 0.05197656899286966


# name: weights2
# type: matrix
# rows: 1
# columns: 5
 0.158988079300804 -0.09459028733717217 0.01890341121651192 0.156842090358865 -0.112925973495223


# name: bias2
# type: scalar
-0.1653251027332391


# name: nInputLines
# type: scalar
5


# name: nHiddenNeurons
# type: scalar
5


# name: nOutputNeurons
# type: scalar
1


# name: nWeights
# type: scalar
36


# name: outputFun
# type: sq_string
# elements: 1
# length: 6
tansig


# name: activation1
# type: matrix
# rows: 0
# columns: 0


# name: activationderivative1
# type: matrix
# rows: 0
# columns: 0


# name: activation2ndderivative1
# type: matrix
# rows: 0
# columns: 0


# name: activation2
# type: matrix
# rows: 0
# columns: 0


# name: activationderivative2
# type: matrix
# rows: 0
# columns: 0


# name: activation2ndderivative2
# type: matrix
# rows: 0
# columns: 0




# name: maxIndegree
# type: scalar
5


# name: stateSize
# type: scalar
5


# name: nodeLabelSize
# type: scalar
1


# name: edgeLabelSize
# type: scalar
1


# name: minStateDiff
# type: scalar
1e-08


# name: minErrorAccDiff
# type: scalar
1e-08


# name: contractionConstant
# type: scalar
0.9


# name: nWeights
# type: scalar
106




# name: graph
# type: scalar struct
# ndims: 2
 1 1
# length: 9
# name: nodeLabels
# type: matrix
# rows: 120
# columns: 1
 1
 8
 0
 10
 10
 2
 10
 0
 6
 9
 3
 1
 7
 9
 10
 5
 1
 0
 3
 10
 1
 8
 0
 8
 1
 9
 5
 0
 10
 7
 9
 0
 8
 10
 3
 1
 3
 0
 1
 10
 10
 0
 6
 0
 10
 1
 0
 4
 1
 4
 10
 5
 0
 8
 1
 10
 6
 4
 0
 3
 10
 3
 2
 1
 9
 0
 6
 7
 0
 10
 10
 1
 0
 8
 5
 3
 10
 1
 6
 0
 10
 9
 4
 1
 1
 10
 0
 10
 3
 8
 2
 4
 0
 1
 10
 9
 0
 10
 9
 0
 8
 1
 1
 10
 0
 8
 10
 0
 9
 1
 1
 6
 0
 10
 1
 0
 4
 10
 4
 0


# name: expectedOutput
# type: matrix
# rows: 120
# columns: 1
 1
 -1
 1
 -1
 1
 -1
 1
 1
 -1
 -1
 -1
 1
 -1
 -1
 1
 -1
 1
 1
 -1
 1
 1
 -1
 1
 -1
 1
 -1
 -1
 1
 1
 -1
 -1
 1
 -1
 1
 -1
 1
 -1
 1
 1
 1
 1
 1
 -1
 1
 1
 1
 1
 -1
 1
 -1
 1
 -1
 1
 -1
 1
 1
 -1
 -1
 1
 -1
 1
 -1
 -1
 1
 -1
 1
 -1
 -1
 1
 1
 1
 1
 1
 -1
 -1
 -1
 1
 1
 -1
 1
 1
 -1
 -1
 1
 1
 1
 1
 1
 -1
 -1
 -1
 -1
 1
 1
 1
 -1
 1
 1
 -1
 1
 -1
 1
 1
 1
 1
 -1
 1
 1
 -1
 1
 1
 -1
 1
 1
 1
 -1
 -1
 1
 -1
 1


