# Created by Octave 3.6.2, Mon May 13 15:42:55 2013 CEST <alex@desktop>
# name: trainStats
# type: matrix
# rows: 51
# columns: 10
 11.53914470014702 11 7 0 0 0 100 7 7 0
 10.94636640992706 19 14 0 46 44 100 7 7 0
 11.24760693069215 17 12 0 30 39 100 7 7 0
 11.18614219238133 201 201 0 24 50 100 7 7 0
 11.00354474899467 201 201 0 31 14 100 7 7 0
 11.00675100300709 201 157 1 40 58 87 64 51 21
 10.85867343209966 201 201 1 27 14 61 99 60 2422
 10.76469999398685 201 200 1 7 39 54 93 47 168
 10.75958154819006 201 115 1 10 42 54 97 51 1310
 10.68577750191932 201 201 1 11 8 59 96 54 256
 10.7064852262088 82 48 1 37 28 73 76 49 81
 10.68160420434994 201 201 1 33 61 90 71 61 2053
 10.52647709518419 38 28 1 39 14 70 70 40 352
 10.49734616781823 201 201 1 17 17 83 63 46 189
 10.37177541726381 201 172 1 33 8 97 70 67 5
 10.25755428337245 201 201 1 33 44 86 79 64 302
 10.32012672087845 201 201 1 9 11 91 70 61 21
 10.29042371623475 201 201 1 51 17 81 70 51 124
 10.25863972918847 201 201 1 6 25 91 63 54 6
 10.03938277933653 201 201 1 57 25 89 51 40 20
 10.01195246732227 201 201 1 23 44 84 64 49 18
 9.724549098474652 73 50 1 37 11 67 90 57 178
 9.703241778286733 87 96 1 11 19 66 96 61 124
 9.686669431620397 91 121 1 1 8 69 90 59 83
 9.676577368462267 78 174 1 16 14 77 70 47 168
 9.687971165263717 85 201 1 7 28 84 61 46 663
 9.694758135313021 200 201 1 30 8 90 56 46 8
 9.731454263887553 201 201 1 46 8 96 56 51 0
 9.680476790372401 198 201 1 14 28 87 63 50 7
 9.64292889664655 201 201 1 36 3 96 43 39 0
 9.646107317096277 201 201 1 4 11 96 56 51 0
 10.47934065441166 201 201 1 51 17 96 41 37 0
 10.03917398206205 201 201 1 33 47 96 60 56 0
 10.47315621845334 201 201 1 39 17 86 63 49 13
 10.58455500159742 201 201 1 17 25 89 63 51 2786
 10.60612737516682 201 201 1 43 33 84 56 40 282
 10.60396594559699 201 201 1 16 25 66 83 49 354
 10.6557897435699 201 201 1 33 28 71 79 50 1098
 10.45833924243305 201 201 1 4 25 63 84 47 2583
 10.52951664889486 201 68 1 13 17 53 93 46 3426
 10.53264359962709 201 142 1 13 6 63 96 59 1220
 10.42493389857937 201 201 1 14 28 54 93 47 405
 10.47296084796627 201 201 1 31 11 84 67 51 22
 10.46800099379858 201 201 1 10 28 77 73 50 131
 10.60581351320804 201 201 1 6 8 80 77 57 441
 10.39478940537676 201 201 1 10 56 89 71 60 401
 10.28441648157494 201 201 1 44 3 83 64 47 423
 10.20781734458626 201 201 1 20 19 84 63 47 929
 10.06533595603119 201 201 1 14 17 89 59 47 193
 10.14174179628171 201 201 1 40 33 76 73 49 315
 10.48735423716417 201 0 0 0 0 0 0 0 0


# name: timeElapsed
# type: scalar
5808.719120979309


# name: evaluation
# type: matrix
# rows: 1
# columns: 3
 0.7 0.8235294117647058 0.6086956521739131


# name: contractionConstant
# type: scalar
0.9


# name: minStateDiff
# type: scalar
1e-08


# name: minErrorAccDiff
# type: scalar
1e-08


