# Created by Octave 3.6.2, Tue May 14 10:13:26 2013 CEST <alex@desktop>
# name: trainStats
# type: matrix
# rows: 51
# columns: 10
 11.15737524498526 12 7 0 0 0 100 7 7 0
 10.80511770096644 12 9 0 49 53 100 7 7 0
 11.4665551525129 15 11 0 23 28 100 7 7 0
 10.80544817724931 10 6 0 44 44 100 7 7 0
 11.55842830558165 32 25 0 31 39 100 7 7 0
 11.13862761189909 20 14 0 37 36 100 7 7 0
 10.89784576105067 15 10 0 11 11 100 7 7 0
 10.84983100409948 35 23 0 20 72 100 7 7 0
 10.77889046911456 24 13 0 17 0 100 7 7 0
 10.66587880034363 62 45 0 23 44 100 7 7 0
 10.35424403870708 83 54 0 19 3 100 7 7 0
 10.34456442983181 32 10 0 30 31 100 7 7 0
 10.57900396893667 27 13 0 34 36 100 7 7 0
 10.30274343838478 14 10 0 24 47 100 7 7 0
 10.06386771885993 17 11 0 17 8 100 7 7 0
 9.809445153828436 16 11 0 11 8 100 7 7 0
 9.706827686412414 24 12 0 10 28 100 7 7 0
 9.642006094732643 18 13 0 29 17 100 7 7 0
 9.92718352978739 80 89 0 27 36 100 7 7 0
 9.608237288500373 114 55 0 4 0 100 7 7 0
 9.814535513062426 101 54 1 23 6 97 67 64 0
 9.498691250421381 110 64 1 9 22 90 74 64 62
 9.213037776250623 80 81 1 43 28 94 63 57 6
 9.42534413081294 144 113 1 33 25 93 54 47 53
 8.993040901540104 56 47 1 20 22 91 49 40 35
 8.925324618651855 65 77 1 20 14 86 63 49 336
 8.910673834813998 90 86 0 23 11 100 7 7 0
 8.930453168162941 106 93 0 20 11 100 7 7 0
 8.960982637134084 201 201 0 7 11 100 7 7 0
 8.983458633271518 201 201 0 9 8 100 7 7 0
 9.063128295951087 201 201 0 23 6 100 7 7 0
 8.997760273975944 201 201 0 4 14 100 7 7 0
 9.052541176208393 201 201 0 9 19 100 7 7 0
 9.626204789114198 201 108 0 34 14 100 7 7 0
 9.549543461184298 201 201 1 6 58 99 39 37 7
 10.39330713298953 201 199 1 60 31 91 56 47 35
 9.479145793320086 201 201 1 10 17 84 73 57 19
 9.351651188708765 201 201 1 40 31 96 53 49 5
 9.384408802975548 201 201 1 4 3 96 66 61 26
 9.192529424595852 201 201 1 20 25 97 71 69 75
 9.017062203570024 201 201 1 33 14 97 67 64 420
 8.853718558867708 201 171 1 34 33 70 83 53 60
 8.070259925021576 201 201 1 21 0 50 93 43 2513
 8.487646261061906 201 64 1 21 22 63 90 53 419
 8.391410489997504 201 65 1 17 25 73 84 57 111
 8.76068289621198 163 94 1 13 22 64 93 57 291
 8.662032783147815 161 130 1 13 0 67 87 54 82
 8.622997999025676 201 201 1 36 36 77 81 59 693
 8.461281997509158 187 160 1 11 3 77 81 59 432
 7.919118182069656 201 162 1 19 11 61 87 49 100
 7.946132662811487 201 0 0 0 0 0 0 0 0


# name: timeElapsed
# type: scalar
3956.228812217712


# name: evaluation
# type: matrix
# rows: 1
# columns: 3
 0.8 0.9591836734693877 0.6811594202898551


# name: contractionConstant
# type: scalar
0.8


# name: minStateDiff
# type: scalar
1e-07


# name: minErrorAccDiff
# type: scalar
1e-07


