# Created by Octave 3.6.2, Tue May 14 16:19:30 2013 CEST <alex@desktop>
# name: trainStats
# type: matrix
# rows: 51
# columns: 10
 10.94289258385902 15 9 0 0 0 100 7 7 0
 10.84352790839974 22 14 0 50 50 100 7 7 0
 11.30453349175036 201 201 0 23 36 100 7 7 0
 10.74440434486395 201 201 0 33 28 100 7 7 0
 10.44292268693538 201 201 0 24 31 100 7 7 0
 11.69290723712522 201 41 1 31 64 93 64 57 1694
 10.2817417690026 201 44 1 27 17 89 67 56 43
 10.15600106339255 201 201 1 23 58 89 76 64 206
 10.83930076488693 201 201 1 20 3 94 71 66 35
 10.84350539221339 201 76 1 33 19 86 60 46 67
 10.50758552402187 201 60 1 29 56 70 91 61 209
 10.47253846765727 201 201 1 29 28 87 70 57 454
 10.83334913669308 201 201 1 34 36 99 60 59 192
 10.61654838800534 201 45 1 17 33 61 97 59 787
 10.88471497781428 201 201 1 19 17 51 99 50 5532
 10.71487126027354 201 201 1 49 22 94 47 41 899
 10.62242028749698 201 147 1 11 25 51 96 47 1649
 11.01396161316953 201 85 1 16 25 66 94 60 1150
 10.96876452196969 201 60 1 16 14 56 94 50 3160
 10.90850087468784 201 201 1 20 28 63 94 57 3394
 10.91496489049383 201 201 1 36 44 86 63 49 190
 10.81480944874446 201 145 1 19 36 73 84 57 178
 10.968456849039 201 201 1 36 25 91 67 59 78
 10.85411991571886 201 63 1 26 19 70 81 51 167
 10.79011158323157 95 37 0 26 19 100 7 7 0
 10.79319805752298 201 201 1 17 36 86 67 53 100
 10.81386724400871 201 201 1 33 28 64 90 54 168
 10.83919257327814 201 201 1 4 67 59 86 44 99
 10.72605624223297 201 201 1 30 11 77 77 54 83
 10.3418732788971 201 201 1 29 42 66 83 49 195
 10.26683359954342 201 201 1 4 0 74 77 51 457
 10.16148487097757 201 148 1 17 3 84 67 51 74
 10.15148195795001 201 201 1 30 25 97 51 49 13
 10.40834930203154 201 201 0 26 25 100 7 7 0
 10.25939310318202 201 201 1 57 25 100 56 56 0
 10.44085057403676 201 201 1 11 3 99 51 50 15
 10.25035899758628 201 201 1 24 6 100 50 50 0
 10.12315475512413 201 201 1 31 17 100 50 50 0
 10.06505679765648 201 201 0 30 42 100 7 7 0
 9.984758745103122 201 201 0 10 14 100 7 7 0
 9.946643717149977 201 201 0 27 17 100 7 7 0
 10.0622767567123 96 62 0 3 19 100 7 7 0
 10.20144298460465 35 24 0 7 3 100 7 7 0
 10.27089488694945 49 28 0 21 33 100 7 7 0
 10.82206953074694 62 42 0 50 39 100 7 7 0
 10.22016475516987 52 30 0 27 33 100 7 7 0
 10.63592657087299 87 59 1 51 36 99 46 44 7
 10.18487958327687 49 31 0 27 33 100 7 7 0
 10.29681166239101 67 39 1 49 8 100 50 50 0
 10.12889426825638 54 32 0 26 33 100 7 7 0
 10.12538256731307 60 0 0 0 0 0 0 0 0


# name: timeElapsed
# type: scalar
5430.735547780991


# name: evaluation
# type: matrix
# rows: 1
# columns: 3
 0.5916666666666667 0.6351351351351351 0.6811594202898551


# name: contractionConstant
# type: scalar
0.8


# name: minStateDiff
# type: scalar
1e-07


# name: minErrorAccDiff
# type: scalar
1e-07


