# Created by Octave 3.6.2, Tue May 14 06:56:21 2013 CEST <alex@desktop>
# name: trainStats
# type: matrix
# rows: 51
# columns: 10
 11.26644880323682 12 7 0 0 0 100 7 7 0
 10.81774067976742 14 10 0 39 53 100 7 7 0
 10.44296738772958 137 124 0 24 39 100 7 7 0
 10.9755561026251 201 201 0 27 36 100 7 7 0
 10.79736264734534 201 201 1 31 25 81 66 47 105
 10.79183769702674 201 33 1 26 36 54 94 49 1444
 10.92152792666769 201 201 1 19 36 83 59 41 579
 10.82545470618522 201 176 1 36 42 69 93 61 1282
 10.73676601184248 201 62 1 17 33 87 67 54 45
 10.9044746759571 201 81 1 29 53 99 46 44 1
 10.61117948527079 201 95 1 40 19 57 100 57 12475
 10.58011555650541 201 201 1 19 28 90 64 54 389
 10.68414730793213 201 201 1 41 31 97 44 41 4
 10.66259637595224 201 201 1 10 28 87 71 59 193
 10.57199766692351 201 42 1 50 14 60 99 59 18958
 10.27013220975927 201 201 1 10 39 54 100 54 7836
 10.32804062373253 201 201 1 27 6 70 97 67 959
 10.18317733112319 201 201 1 29 72 87 70 57 40
 10.16410330992391 201 201 1 26 3 60 96 56 2039
 10.05244926129021 201 201 1 27 3 87 77 64 88
 9.736865476328969 201 84 1 30 19 57 97 54 408
 9.679152555275673 201 201 1 33 33 84 60 44 582
 9.645003619234474 201 201 1 7 25 79 61 40 238
 9.274564340473269 201 201 1 23 14 83 64 47 213
 9.050554598720369 201 201 1 41 33 90 86 76 3450
 9.201487962860838 201 63 1 16 36 74 90 64 391
 9.510027009671498 201 201 1 53 17 87 51 39 87
 9.202759836390101 201 201 1 21 39 83 80 63 42
 9.019290301313372 201 58 1 16 8 67 96 63 804
 9.013827551198638 201 201 1 34 17 84 54 39 159
 9.061048554115827 201 201 1 30 17 87 76 63 250
 9.132141960404686 201 201 1 20 28 81 64 46 66
 9.165167381599327 201 201 1 16 8 87 70 57 503
 9.044540585837067 125 201 1 16 22 80 71 51 133
 8.989034849833095 201 201 1 4 3 73 81 54 148
 9.156611865955682 201 201 1 26 36 53 93 46 2144
 9.350809081719174 201 113 1 27 8 59 94 53 630
 9.229674884226155 201 201 1 21 39 81 60 41 37
 9.140470568409199 201 100 1 27 36 67 81 49 155
 9.153590613215897 201 86 1 10 19 67 87 54 1791
 9.410296119525471 201 201 1 40 22 90 64 54 133
 9.245431355044113 201 201 1 9 22 80 66 46 412
 8.609630530683917 201 117 1 37 31 59 97 56 89
 9.044763756143031 201 201 1 21 22 83 70 53 318
 8.806251651491934 201 201 1 19 53 89 54 43 111
 8.793474841973655 201 201 1 1 0 89 51 40 20
 9.256357635192838 201 201 1 64 28 90 61 51 4
 9.406981632276876 201 201 1 10 39 89 64 53 27
 9.314436145400855 201 201 1 53 17 89 64 53 10
 9.220965702349364 201 201 1 14 14 94 69 63 26
 9.502743802910643 201 0 0 0 0 0 0 0 0


# name: timeElapsed
# type: scalar
6299.374127864838


# name: evaluation
# type: matrix
# rows: 1
# columns: 3
 0.7833333333333333 0.8307692307692308 0.7826086956521739


# name: contractionConstant
# type: scalar
0.9


# name: minStateDiff
# type: scalar
1e-07


# name: minErrorAccDiff
# type: scalar
1e-07


