# Created by Octave 3.6.2, Tue May 14 02:47:16 2013 CEST <alex@desktop>
# name: trainStats
# type: matrix
# rows: 51
# columns: 10
 10.85513476642542 11 6 0 0 0 100 7 7 0
 11.06961107611387 20 13 0 57 61 100 7 7 0
 11.16120356913982 11 8 0 19 28 100 7 7 0
 10.91313442666772 14 9 0 50 64 100 7 7 0
 10.91243619465795 12 8 0 10 31 100 7 7 0
 10.83591796872521 78 51 0 60 28 100 7 7 0
 10.78045744346082 28 18 0 19 22 100 7 7 0
 10.66146691414314 36 28 0 40 36 100 7 7 0
 10.53810589905738 14 9 0 7 3 100 7 7 0
 10.3804316575482 16 12 0 10 33 100 7 7 0
 10.23416698582402 24 18 0 21 44 100 7 7 0
 10.24719346805944 44 37 0 27 36 100 7 7 0
 10.00115076088371 25 21 0 10 39 100 7 7 0
 10.07453460760966 43 40 0 14 8 100 7 7 0
 10.1042496001742 201 201 0 10 36 100 7 7 0
 10.12062415807321 201 201 0 34 0 100 7 7 0
 10.28613980175238 201 60 1 34 67 96 57 53 79
 9.987338793723557 201 174 0 11 8 100 7 7 0
 9.97773898261088 201 201 0 13 17 100 7 7 0
 9.891683022909874 201 48 0 17 8 100 7 7 0
 9.930015646618516 201 201 0 33 11 100 7 7 0
 9.835307579173897 201 201 0 13 33 100 7 7 0
 9.486381794649327 201 79 0 24 22 100 7 7 0
 10.00393626945059 201 201 1 29 14 97 56 53 10
 9.387401756766293 201 201 1 33 25 100 61 61 0
 9.538475122695898 201 80 0 19 25 100 7 7 0
 9.458752637161988 201 90 1 13 33 99 64 63 46
 9.401969525068802 201 201 0 39 3 100 7 7 0
 9.356242133977847 201 201 0 6 6 100 7 7 0
 9.228219476305302 201 201 0 7 28 100 7 7 0
 9.39091686792371 201 201 1 10 8 97 47 44 1
 9.005429608290697 201 201 1 4 25 94 51 46 12
 9.150143552946959 201 201 1 9 28 96 56 51 6
 9.255747154392393 201 33 1 49 8 90 71 61 46
 9.374215906321313 201 48 1 17 39 53 86 39 23984
 9.301871745959229 201 41 1 16 8 67 70 37 334
 8.966608095817344 201 201 1 14 19 70 81 51 446
 9.064356801780461 201 201 1 29 42 83 60 43 48
 9.102700046534089 201 201 1 13 14 84 56 40 112
 8.819065612042767 201 201 1 40 39 69 77 46 340
 9.041431429568938 201 201 1 7 17 70 81 51 116
 8.64725579399518 201 69 1 3 22 70 79 49 180
 8.599537432597337 201 112 1 13 6 64 81 46 236
 8.614644354929517 201 201 1 23 14 77 77 54 38
 8.477623353921839 201 84 1 11 6 57 80 37 591
 8.865256242391549 201 201 1 10 28 61 86 47 2252
 8.641991867802062 201 158 1 19 11 74 89 63 198
 9.287604970188612 201 24 1 31 39 91 69 60 236
 8.246279192116734 201 201 1 39 39 86 57 43 26
 8.597883623332164 201 97 1 19 36 64 86 50 3088
 8.978194273055594 201 0 0 0 0 0 0 0 0


# name: timeElapsed
# type: scalar
5060.81568980217


# name: evaluation
# type: matrix
# rows: 1
# columns: 3
 0.8083333333333333 0.7804878048780488 0.927536231884058


# name: contractionConstant
# type: scalar
0.9


# name: minStateDiff
# type: scalar
1e-07


# name: minErrorAccDiff
# type: scalar
1e-07


