# Created by Octave 3.6.2, Tue May 14 11:17:27 2013 CEST <alex@desktop>
# name: trainStats
# type: matrix
# rows: 51
# columns: 10
 11.06837758766349 10 6 0 0 0 100 7 7 0
 10.81913181488646 12 9 0 39 53 100 7 7 0
 12.3479733716841 10 6 0 44 36 100 7 7 0
 11.09966311136206 21 15 0 31 31 100 7 7 0
 10.79330052147651 14 9 0 30 36 100 7 7 0
 10.78043725023726 13 8 0 13 19 100 7 7 0
 10.93256989742411 13 10 0 21 67 100 7 7 0
 10.94549554489812 16 13 0 49 31 100 7 7 0
 10.58503339513425 16 12 0 24 39 100 7 7 0
 10.55300408917173 14 10 0 11 44 100 7 7 0
 10.67862880552969 13 9 0 34 44 100 7 7 0
 10.29310087263975 14 10 0 13 6 100 7 7 0
 10.471041611587 12 8 0 6 19 100 7 7 0
 10.51141913861182 12 9 1 10 64 94 64 59 76
 10.78454174617145 13 10 1 26 31 89 64 53 700
 10.55863918600083 14 10 1 13 0 94 63 57 27715
 10.82937228715833 13 10 1 29 97 87 71 59 298700
 10.89753304890382 12 10 1 13 0 77 67 44 6164673
 10.90530017628287 12 10 1 9 14 67 83 50 258588119
 10.9227958999831 11 9 1 20 75 77 71 49 72294931200
 10.89690986538413 10 8 1 34 0 64 79 43 16699551960666
 10.90352878295878 10 7 1 24 44 87 66 53 2599968289340743
 10.94028340155608 11 8 1 19 0 73 80 53 56151902173625
 11.01191546153656 18 12 1 1 8 73 81 54 383133628486540
 11.23951888429321 79 85 1 46 22 71 74 46 4.733484725572658e+17
 11.03862080021969 103 94 1 14 3 87 66 53 12664
 11.13797576417506 102 80 1 33 25 73 87 60 2552793849564034
 10.95295247834196 201 201 1 7 6 81 73 54 150214425934086
 10.83758271772845 201 133 1 20 17 46 93 39 14650848332531
 10.71866846752107 122 100 1 17 8 54 97 51 136066858494
 10.56097698997629 102 97 1 20 0 66 94 60 28273705293
 10.33024090047651 101 86 1 9 0 69 90 59 21475323771
 10.05920677743361 48 38 1 4 0 67 90 57 2573738768392
 9.794016521647892 31 24 1 16 0 57 97 54 655959606928695
 9.664887062833635 36 29 1 6 47 54 91 46 763771631630
 9.735638833838745 54 45 1 31 14 59 93 51 24507580594807
 9.338458227679276 41 35 1 6 44 54 91 46 1434907117978
 9.377537998073965 42 36 1 29 0 60 91 51 15648586221869
 9.205470091891272 37 31 1 7 53 56 87 43 8479236833976
 9.217528786234434 35 29 1 7 14 57 90 47 44479562609569
 9.34403598988172 201 59 1 33 14 59 96 54 922121575716
 9.611914263089441 201 51 1 26 33 56 91 47 1543266924
 9.530963375075498 201 37 1 16 17 67 94 61 61448987
 9.67535901551917 201 201 1 34 28 89 61 50 379
 9.691170854174075 201 201 1 9 47 93 57 50 5
 9.945410819517315 201 184 1 37 0 69 79 47 52228360695
 9.690597802836249 201 201 1 26 56 71 91 63 64490
 9.837500955860637 201 183 1 1 3 66 83 49 27276882922
 10.49236918384294 201 84 1 16 19 60 80 40 111225214678746
 9.890972536877138 201 201 1 40 19 91 60 51 10406
 9.903300321111466 201 0 0 0 0 0 0 0 0


# name: timeElapsed
# type: scalar
2741.362198829651


# name: evaluation
# type: matrix
# rows: 1
# columns: 3
 0.7583333333333333 0.9 0.6521739130434783


# name: contractionConstant
# type: scalar
0.9


# name: minStateDiff
# type: scalar
1e-07


# name: minErrorAccDiff
# type: scalar
1e-07


