# Created by Octave 3.6.2, Tue May 14 07:49:45 2013 CEST <alex@desktop>
# name: trainStats
# type: matrix
# rows: 51
# columns: 10
 11.26644880323681 12 7 0 0 0 100 7 7 0
 10.81774067975976 14 10 0 39 53 100 7 7 0
 10.44296738326525 148 124 0 24 39 100 7 7 0
 10.904870591391 201 201 1 30 33 100 57 57 1
 10.22259644722141 36 24 0 36 42 100 7 7 0
 10.18158000391142 201 201 0 20 31 100 7 7 0
 9.65799030223709 39 33 0 11 11 100 7 7 0
 9.330662837529319 40 25 1 51 56 93 49 41 9
 10.09419134490785 28 19 0 29 36 100 7 7 0
 9.609106182831841 39 27 1 24 11 97 54 51 9
 8.747020636831472 26 17 0 13 56 100 7 7 0
 9.954576798806894 26 22 0 60 25 100 7 7 0
 8.708201118995479 29 19 0 9 56 100 7 7 0
 8.51902610408249 27 18 0 36 3 100 7 7 0
 8.597698526552868 37 24 0 23 14 100 7 7 0
 9.403448337654714 40 29 0 49 67 100 7 7 0
 8.512884682287993 41 25 0 11 8 100 7 7 0
 8.916153129358838 45 29 0 56 19 100 7 7 0
 8.509001778131765 45 29 0 4 11 100 7 7 0
 8.710593521150383 65 39 0 56 17 100 7 7 0
 8.693692748450172 48 32 0 1 6 100 7 7 0
 8.858457459125178 99 72 0 14 8 100 7 7 0
 9.119341921131328 44 33 0 16 0 100 7 7 0
 9.324291569007894 63 47 0 9 6 100 7 7 0
 9.348687369581308 69 53 0 16 11 100 7 7 0
 8.999253089696627 99 59 0 7 8 100 7 7 0
 8.765827956033467 58 48 0 13 0 100 7 7 0
 8.379435983580143 55 41 0 31 14 100 7 7 0
 8.600827894880512 201 201 0 24 56 100 7 7 0
 8.283040068180993 201 201 0 4 6 100 7 7 0
 8.165677791543231 201 46 0 13 42 100 7 7 0
 7.95070604189666 45 33 0 16 11 100 7 7 0
 8.023326220443735 45 30 0 21 47 100 7 7 0
 7.812651806633891 52 43 0 9 11 100 7 7 0
 7.802521696423513 36 28 0 6 33 100 7 7 0
 8.104997282320753 201 201 0 44 19 100 7 7 0
 7.942091955382861 63 64 0 4 25 100 7 7 0
 7.982517818733702 201 115 0 9 25 100 7 7 0
 8.300631452408204 201 48 1 21 39 99 60 59 4
 9.607754512903915 150 61 1 26 11 100 49 49 0
 10.16099941340842 39 24 1 17 0 90 63 53 25
 8.569431117999178 179 96 1 23 11 91 69 60 23
 9.680332798067269 70 90 1 19 0 96 76 71 4
 8.486965939538406 109 70 1 23 67 87 67 54 41
 8.354141135548199 195 142 1 36 0 94 46 40 34
 9.083044008112552 78 64 1 30 61 100 56 56 24
 8.622436381615282 96 76 1 24 0 96 56 51 18
 7.964233310630198 201 148 1 40 33 87 57 44 187
 8.112264194145249 105 94 1 14 8 100 56 56 88
 7.655380690506702 190 149 1 39 53 93 71 64 37
 7.699215595775724 201 0 0 0 0 0 0 0 0


# name: timeElapsed
# type: scalar
3204.132622003555


# name: evaluation
# type: matrix
# rows: 1
# columns: 3
 0.9 0.8701298701298701 0.9710144927536232


# name: contractionConstant
# type: scalar
0.8


# name: minStateDiff
# type: scalar
1e-07


# name: minErrorAccDiff
# type: scalar
1e-07


