# Created by Octave 3.6.2, Tue May 14 12:06:25 2013 CEST <alex@desktop>
# name: trainStats
# type: matrix
# rows: 51
# columns: 10
 11.06837758766339 10 6 0 0 0 100 7 7 0
 10.81913181502176 13 9 0 39 53 100 7 7 0
 12.34797337168556 10 6 0 44 36 100 7 7 0
 11.09966311138727 21 15 1 33 31 97 61 59 15
 10.79326843376672 14 9 0 29 36 100 7 7 0
 10.76012042142301 13 8 0 1 28 100 7 7 0
 10.74657239954192 11 8 0 19 28 100 7 7 0
 11.89642825233387 11 8 0 66 72 100 7 7 0
 10.89522902184158 10 7 0 3 6 100 7 7 0
 10.84832829096072 10 7 0 37 17 100 7 7 0
 10.90224347829273 10 6 0 31 81 100 7 7 0
 10.74388617324299 12 8 0 16 14 100 7 7 0
 10.77863520881148 12 8 0 26 47 100 7 7 0
 10.72833344822262 14 11 0 17 53 100 7 7 0
 10.7108479127652 15 10 0 1 36 100 7 7 0
 10.73303174112101 14 10 0 19 14 100 7 7 0
 10.69935895513728 13 9 0 1 14 100 7 7 0
 10.73063336516306 12 8 0 17 11 100 7 7 0
 10.71279980649376 11 7 0 0 11 100 7 7 0
 10.77276599701993 10 7 0 1 67 100 7 7 0
 10.84268909242262 9 6 0 9 19 100 7 7 0
 10.8745435162868 12 6 0 13 6 100 7 7 0
 10.85967774657473 9 6 0 19 72 100 17 17 0
 10.96603876327651 12 8 0 3 3 100 27 27 0
 11.11082222678402 19 12 0 21 17 100 27 27 0
 11.12372167787385 21 13 0 0 6 100 27 27 0
 11.28259683941677 25 21 0 37 19 100 17 17 0
 11.36072560329871 21 18 0 16 0 100 27 27 0
 11.26205900715472 18 13 0 7 19 100 17 17 0
 11.09105466048261 15 11 0 7 11 100 17 17 0
 10.92538214660113 24 18 0 13 11 100 7 7 0
 10.99521702495654 201 201 1 29 22 81 53 34 2749
 10.89768704185539 201 198 1 46 3 49 100 49 259154
 10.83301031641615 165 116 1 26 36 59 90 49 794047829
 10.77475266415406 201 201 1 11 3 84 77 61 226
 10.6369591130071 201 201 1 41 19 96 51 47 0
 10.89751511297394 201 201 1 27 8 80 77 57 1924
 10.78338279071692 201 201 1 40 14 83 66 49 10197
 10.8283227388974 201 201 1 21 8 79 64 43 32293
 10.78151798806185 201 201 1 30 11 79 57 36 16944
 10.86387913689471 201 201 1 44 33 94 51 46 10
 10.86063103020707 201 201 1 16 19 87 63 50 47393
 10.83382704062137 201 201 1 43 8 83 59 41 24219
 10.86539625016997 201 201 1 17 50 83 73 56 44624
 10.81569787928836 201 201 1 46 19 81 66 47 15055
 10.88235875330278 201 201 1 26 33 77 76 53 7271
 10.82740305214777 201 201 1 43 0 86 61 47 7703
 10.80002816458764 201 201 1 7 17 83 53 36 14934
 10.7489117158625 201 31 1 36 50 44 87 31 461051716183877
 10.66370757393881 46 31 1 11 0 64 79 43 925
 10.70212437881094 57 0 0 0 0 0 0 0 0


# name: timeElapsed
# type: scalar
2938.695943832397


# name: evaluation
# type: matrix
# rows: 1
# columns: 3
 0.575 0.575 1


# name: contractionConstant
# type: scalar
0.8


# name: minStateDiff
# type: scalar
1e-07


# name: minErrorAccDiff
# type: scalar
1e-07


