# Created by Octave 3.6.2, Tue May 14 12:06:25 2013 CEST <alex@desktop>
# name: packedGnn
# type: scalar struct
# ndims: 2
 1 1
# length: 10
# name: transitionNet
# type: scalar struct
# ndims: 2
 1 1
# length: 15
# name: weights1
# type: matrix
# rows: 5
# columns: 7
 -0.06052168818240077 -0.05818219109054472 -0.01410655206609469 -0.1052250820593085 0.1042703808551593 0.1188100414022751 0.00725771524462257
 -0.0513374027538933 -0.01820534653369378 -0.04736980034503492 -0.05867780638225724 0.03597183545134283 -0.07916408842767857 0.07294871591674573
 -0.07982152206180175 -0.055735280881291 -0.1177555690802514 0.01359867965913578 -0.02309602898756187 -0.09923910659632747 -0.01886080024988011
 -0.1131028020518468 0.04956766004235907 0.08227890474438881 -0.02425220331833185 -0.03020137037541153 0.09612038499736222 -0.02879724089807774
 0.006284979982842193 -0.04399526467059124 0.1139218473947818 0.02331691792601673 -0.06182776735236716 -0.04256767952022843 -0.1076203843467453


# name: bias1
# type: matrix
# rows: 5
# columns: 1
 -0.04157572776695649
 -0.03585487401999408
 0.08859413698415575
 -0.04876465122066247
 -0.05909777606513379


# name: weights2
# type: matrix
# rows: 5
# columns: 5
 0.1574674364362594 -0.06375746408420963 -0.0441274509048001 0.09560377903306527 -0.09463230437701618
 0.1606675297142867 0.05841775898194327 0.1112850116320939 -0.03819828926256802 -0.1181798043142985
 -0.01695000951380186 -0.006947593250632341 -0.02515353738231339 0.06091060784431498 -0.1467145520600627
 -0.06361812277843809 0.1561220661344275 0.04456132862544138 0.1323048154765182 0.1243019884390949
 0.0955526065453091 0.05733280666646504 0.0199935221731082 -0.02844455494097943 0.02929875240238592


# name: bias2
# type: matrix
# rows: 5
# columns: 1
 -0.1471748760628058
 0.1436738048969383
 0.1306863103224636
 -0.1505639668579371
 0.1476415267539157


# name: nInputLines
# type: scalar
7


# name: nHiddenNeurons
# type: scalar
5


# name: nOutputNeurons
# type: scalar
5


# name: nWeights
# type: scalar
70


# name: outputFun
# type: sq_string
# elements: 1
# length: 6
tansig


# name: activation1
# type: matrix
# rows: 0
# columns: 0


# name: activationderivative1
# type: matrix
# rows: 0
# columns: 0


# name: activation2ndderivative1
# type: matrix
# rows: 0
# columns: 0


# name: activation2
# type: matrix
# rows: 0
# columns: 0


# name: activationderivative2
# type: matrix
# rows: 0
# columns: 0


# name: activation2ndderivative2
# type: matrix
# rows: 0
# columns: 0




# name: outputNet
# type: scalar struct
# ndims: 2
 1 1
# length: 15
# name: weights1
# type: matrix
# rows: 5
# columns: 5
 -0.001683237562542284 -0.01437925982430424 -0.02068416232455896 0.0002483244801573914 0.01967249609952328
 -0.02071047073134934 0.01207486799845561 0.02499285763700371 -7.869409165495537e-05 -0.01119881155202127
 -0.0123860698120898 -0.006453528256424567 0.02539070561525605 0.02672539054088412 0.01438563700916433
 -0.02354138458768791 0.006574783527114758 0.02700591809101716 0.02118944154341313 0.01314491984211838
 0.0290530613143895 -0.0008223623159145155 -0.02158730935567946 -0.01314926978485787 -0.02817090375571424


# name: bias1
# type: matrix
# rows: 5
# columns: 1
 0.006321027148423937
 -0.1648514537774696
 0.105759405274823
 -0.02390131102247756
 -0.04589397435601681


# name: weights2
# type: matrix
# rows: 1
# columns: 5
 -0.106997546592323 -0.09663741370197841 -0.1382598771763888 -0.03189161755251233 -0.07032953748242531


# name: bias2
# type: scalar
-0.06122415149722188


# name: nInputLines
# type: scalar
5


# name: nHiddenNeurons
# type: scalar
5


# name: nOutputNeurons
# type: scalar
1


# name: nWeights
# type: scalar
36


# name: outputFun
# type: sq_string
# elements: 1
# length: 6
tansig


# name: activation1
# type: matrix
# rows: 0
# columns: 0


# name: activationderivative1
# type: matrix
# rows: 0
# columns: 0


# name: activation2ndderivative1
# type: matrix
# rows: 0
# columns: 0


# name: activation2
# type: matrix
# rows: 0
# columns: 0


# name: activationderivative2
# type: matrix
# rows: 0
# columns: 0


# name: activation2ndderivative2
# type: matrix
# rows: 0
# columns: 0




# name: maxIndegree
# type: scalar
5


# name: stateSize
# type: scalar
5


# name: nodeLabelSize
# type: scalar
1


# name: edgeLabelSize
# type: scalar
1


# name: minStateDiff
# type: scalar
1e-08


# name: minErrorAccDiff
# type: scalar
1e-08


# name: contractionConstant
# type: scalar
0.9


# name: nWeights
# type: scalar
106




# name: graph
# type: scalar struct
# ndims: 2
 1 1
# length: 9
# name: nodeLabels
# type: matrix
# rows: 120
# columns: 1
 1.048929770537382
 7.888906265966011
 0.2215989725562787
 10.20849994266422
 10.13468457375922
 2.336445809764089
 10.17537717205616
 0.05012369995334758
 6.073258850560165
 8.799123890232575
 3.144021579469149
 1.501159130007386
 7.064882002550898
 8.664600093669314
 9.502550105708172
 5.127939627309426
 1.456804831543082
 0.223714512620499
 3.443627497156921
 9.552044124941713
 0.917752117488509
 8.024872361610996
 -0.02954038878687806
 7.547287126817221
 1.088448539363567
 8.684809224474717
 4.899462316849067
 0.2651440690610654
 9.95096585541668
 7.156072924698663
 8.834108243944817
 -0.04792217104479692
 7.984388972495369
 9.854555965020092
 3.058774078553609
 1.132146333734212
 2.947126865114226
 -0.1324709848588487
 0.9427648493323002
 10.04024633069978
 9.921687504519616
 0.1345525589767738
 6.326040815192424
 -0.2746046235434426
 9.721615043779819
 1.226329324246133
 -0.03037776429299689
 3.539699647691831
 1.147784978750165
 4.055300078781296
 9.837872229782921
 4.422465108736223
 0.6867388365792525
 7.96741678670821
 1.040303317784373
 10.0626806652326
 6.242002436537303
 3.984713387458034
 -0.2495355488172864
 2.20429709693921
 9.932425010734319
 2.746492050725622
 2.093945694657084
 0.8274705336581804
 9.42080921007266
 0.01409146504778731
 5.928111901229238
 6.495126174647307
 -0.3034288080778187
 10.34266139024141
 9.872364121823088
 0.7978129995365497
 -0.07495795638897232
 7.868328095644416
 5.541126737639909
 3.116772394498277
 10.31249620323782
 1.328285054493497
 6.261974069464651
 0.008019397897647563
 10.04076053217544
 8.893851277973571
 4.297999889514814
 0.8195967173202572
 1.151504426982353
 9.961855986914291
 0.2788775926714991
 9.822936349667081
 3.176561925062086
 7.944005800429103
 2.248313903652343
 3.612684059782485
 -0.1543822986518241
 1.158047487634731
 10.50117561235053
 8.664301047204392
 0.03150308676282298
 9.705746100255782
 8.8921749295847
 -0.3122149622226275
 8.119386342135201
 0.9614307779629657
 1.155014067105251
 9.886825967840162
 0.3658863731845546
 8.112145638226687
 9.993278563009778
 0.04213190024303554
 9.141309354241717
 0.6846789290128934
 1.137990623107991
 6.095139703652558
 0.3164452696822672
 9.710850299819931
 0.5895487619436039
 0.2371257095579512
 3.966488498925612
 9.97863223773904
 3.327395096019456
 0.1747568720928153


# name: expectedOutput
# type: matrix
# rows: 120
# columns: 1
 1
 -1
 1
 -1
 1
 -1
 1
 1
 -1
 -1
 -1
 1
 -1
 -1
 1
 -1
 1
 1
 -1
 1
 1
 -1
 1
 -1
 1
 -1
 -1
 1
 1
 -1
 -1
 1
 -1
 1
 -1
 1
 -1
 1
 1
 1
 1
 1
 -1
 1
 1
 1
 1
 -1
 1
 -1
 1
 -1
 1
 -1
 1
 1
 -1
 -1
 1
 -1
 1
 -1
 -1
 1
 -1
 1
 -1
 -1
 1
 1
 1
 1
 1
 -1
 -1
 -1
 1
 1
 -1
 1
 1
 -1
 -1
 1
 1
 1
 1
 1
 -1
 -1
 -1
 -1
 1
 1
 1
 -1
 1
 1
 -1
 1
 -1
 1
 1
 1
 1
 -1
 1
 1
 -1
 1
 1
 -1
 1
 1
 1
 -1
 -1
 1
 -1
 1


