# Created by Octave 3.6.2, Tue May 14 13:50:06 2013 CEST <alex@desktop>
# name: trainStats
# type: matrix
# rows: 51
# columns: 10
 10.94289258386019 15 9 0 0 0 100 7 7 0
 10.84352790838418 22 14 0 50 50 100 7 7 0
 11.30765510236983 201 201 0 23 36 100 7 7 0
 10.78444267274697 49 37 0 39 33 100 7 7 0
 10.45397566335973 201 201 0 20 25 100 7 7 0
 10.32337502919921 201 201 0 23 39 100 7 7 0
 10.06943120732989 201 201 0 43 31 100 7 7 0
 10.42636471265242 201 201 1 21 42 100 66 66 4
 10.76277742030724 201 201 1 30 25 84 83 67 159
 10.58244496491936 201 162 1 13 19 63 99 61 988
 10.22534977372314 201 201 1 31 14 90 69 59 182
 10.42147418803543 201 201 1 16 67 81 66 47 262
 11.10205957722456 201 201 1 39 25 100 50 50 1
 10.31763876929476 201 201 0 29 0 100 7 7 0
 10.23941648248894 201 128 1 30 69 73 80 53 2293
 10.08183345664607 201 201 1 20 0 96 57 53 5
 9.993789472631425 201 201 1 20 14 96 47 43 15
 9.593941356640448 201 104 0 13 17 100 7 7 0
 9.507660751117156 105 70 1 43 31 63 84 47 71134
 9.432396632367286 201 201 1 21 31 87 71 59 693
 9.886332808393931 201 201 1 21 25 84 74 59 373
 9.853593719274041 201 201 1 49 22 93 46 39 31515
 9.991209413743398 201 201 1 29 31 87 59 46 84626
 10.11494952627971 201 201 1 26 6 60 90 50 46607
 10.03612323470912 201 201 1 36 33 93 64 57 2044
 10.48236806111271 201 201 1 10 0 81 73 54 99942
 10.8302534081923 201 201 1 33 14 63 87 50 507068
 10.29061983184452 201 201 1 21 8 84 67 51 196459
 10.33893218342989 201 201 1 20 6 59 93 51 2631841
 10.22884742329119 201 201 1 33 19 81 74 56 37359560
 9.950555131686908 201 201 1 16 6 83 61 44 40127882
 9.279861841207749 201 201 1 24 17 51 96 47 78790240
 9.530237432330521 201 201 1 9 17 47 94 41 3588424673
 9.697524872844708 201 201 1 10 3 54 87 41 40875402820
 9.407369512629625 201 201 1 11 14 61 83 44 4941591053
 10.88043969526997 201 201 1 34 53 83 70 53 71269376418
 9.705081908172694 201 137 1 17 39 57 97 54 24084521596
 10.8286025766727 80 66 1 20 53 66 81 47 572103090
 9.367346721774188 152 142 1 7 22 59 96 54 3573545691
 9.424618707302452 201 201 1 6 28 54 96 50 173237965278
 9.729954736025446 201 201 1 4 31 56 94 50 884230542046
 11.01872839453021 201 201 1 14 19 46 99 44 15314251271724
 11.14522931534373 201 201 1 11 42 61 96 57 44065347557558
 11.54753434390115 201 201 1 20 3 59 93 51 25560290481257
 11.62895968206906 201 201 1 26 36 66 83 49 21463578213887
 11.02283525560023 201 201 1 16 14 63 91 54 46943465992585
 11.20075722939233 201 201 1 21 28 80 76 56 19173329063178
 11.64702033036481 201 201 1 29 8 83 71 54 138513
 11.22919892645435 201 201 1 13 17 54 91 46 17109503694836
 11.07216080000055 201 196 1 17 0 61 83 44 3395787771907
 11.15022675425736 201 0 0 0 0 0 0 0 0


# name: timeElapsed
# type: scalar
6221.056351900101


# name: evaluation
# type: matrix
# rows: 1
# columns: 3
 0.7583333333333333 0.9 0.6521739130434783


# name: contractionConstant
# type: scalar
1


# name: minStateDiff
# type: scalar
1e-07


# name: minErrorAccDiff
# type: scalar
1e-07


