# Created by Octave 3.6.2, Tue May 14 01:22:56 2013 CEST <alex@desktop>
# name: trainStats
# type: matrix
# rows: 51
# columns: 10
 10.85513476642505 11 6 0 0 0 100 7 7 0
 11.06961107613827 20 13 0 57 61 100 7 7 0
 11.16120356914251 11 8 0 19 28 100 7 7 0
 10.91313442669319 14 9 0 50 64 100 7 7 0
 10.9124361948052 12 8 0 10 31 100 7 7 0
 10.83591796876807 84 51 0 60 28 100 7 7 0
 10.7804574433991 28 18 0 19 22 100 7 7 0
 10.66146691420723 38 28 0 40 36 100 7 7 0
 10.53810589915398 14 9 0 7 3 100 7 7 0
 10.38043165765299 16 12 0 10 33 100 7 7 0
 10.23416698593302 24 18 0 21 44 100 7 7 0
 10.24719346858793 43 37 0 27 36 100 7 7 0
 10.00115076188305 23 21 0 10 39 100 7 7 0
 10.07453460607971 46 40 0 14 8 100 7 7 0
 10.10425014227138 201 201 0 10 36 100 7 7 0
 10.0305190689665 201 201 1 37 0 100 53 53 0
 10.35893112086905 201 201 1 14 58 99 57 56 3
 10.21554921031766 201 36 1 39 8 94 50 44 5
 10.36568328295166 201 201 1 6 28 99 47 46 8
 10.18921069823898 201 46 1 14 8 100 46 46 1
 9.932152742949709 201 29 0 19 25 100 7 7 0
 9.9410805251896 201 201 0 10 25 100 7 7 0
 9.71426910323901 201 77 0 16 6 100 7 7 0
 9.527032398033237 201 84 0 19 3 100 7 7 0
 9.309498605268834 201 31 0 13 14 100 7 7 0
 9.299938493472641 201 201 0 37 14 100 7 7 0
 8.921850555986071 201 27 0 20 8 100 7 7 0
 8.923200128140303 201 33 0 30 25 100 7 7 0
 8.691844892921049 201 28 0 37 14 100 7 7 0
 8.787337839058827 201 24 0 39 19 100 7 7 0
 8.500119184968408 201 28 0 23 22 100 7 7 0
 8.40661232381229 201 25 0 16 14 100 7 7 0
 8.318125956263478 201 16 1 34 17 100 53 53 2
 8.298669390426571 201 16 0 19 22 100 7 7 0
 8.463061538056728 201 15 0 19 31 100 7 7 0
 8.611730220833831 201 13 1 11 6 100 47 47 0
 8.790029312960931 201 21 1 7 3 97 46 43 19
 8.556378033293521 201 17 1 56 58 83 74 57 197
 8.413778153032649 201 15 1 9 3 81 64 46 122
 8.600051867878367 201 16 1 39 33 81 59 40 1463
 8.314577019223647 201 20 1 20 11 66 97 63 1221
 8.223310853562799 201 19 1 4 22 54 91 46 1231
 8.287633949780739 201 15 1 47 3 70 83 53 1826
 7.997742795637631 201 97 1 4 6 61 93 54 488032
 7.93742130142186 201 20 1 4 3 66 93 59 1613
 7.910364907020511 201 13 1 9 6 71 93 64 753
 7.905650292291855 201 9 1 11 14 76 96 71 1900308
 8.063224195714385 201 13 1 37 8 73 81 54 4438
 7.804754302787235 201 19 1 7 42 66 90 56 5023
 7.679438996069839 201 21 1 19 28 81 86 67 15363
 7.691384501856013 201 0 0 0 0 0 0 0 0


# name: timeElapsed
# type: scalar
5052.370446920395


# name: evaluation
# type: matrix
# rows: 1
# columns: 3
 0.7833333333333333 0.9574468085106383 0.6521739130434783


# name: contractionConstant
# type: scalar
1


# name: minStateDiff
# type: scalar
1e-07


# name: minErrorAccDiff
# type: scalar
1e-07


