# Created by Octave 3.6.2, Tue May 14 14:48:59 2013 CEST <alex@desktop>
# name: trainStats
# type: matrix
# rows: 51
# columns: 10
 10.94289258389717 14 9 0 0 0 100 7 7 0
 10.84352790837414 22 14 0 50 50 100 7 7 0
 11.30787923482007 201 201 0 23 36 100 7 7 0
 10.78444267336138 50 37 0 39 33 100 7 7 0
 10.47835594387461 201 201 0 19 33 100 7 7 0
 10.92999953552184 201 201 0 39 42 100 7 7 0
 10.57397796289877 201 201 0 13 39 100 7 7 0
 10.5092156298814 201 201 0 36 44 100 7 7 0
 10.14034102528267 201 201 0 16 31 100 7 7 0
 10.16007644558738 112 77 0 20 22 100 7 7 0
 10.63802716058399 57 55 0 29 25 100 7 7 0
 10.74905461363858 42 43 0 29 14 100 7 7 0
 10.52389219173924 41 29 0 17 28 100 7 7 0
 10.18754489603437 49 34 1 19 11 97 61 59 2
 10.3237373396858 201 201 0 17 25 100 7 7 0
 10.64532468956658 201 42 1 20 50 100 59 59 0
 10.61819745113805 201 36 1 34 0 100 46 46 1
 10.61122342024458 201 38 1 13 50 100 59 59 3
 10.54821028984811 201 201 1 30 28 96 60 56 37
 10.28263685255369 201 201 1 21 42 74 71 46 171
 10.19037651861666 75 57 1 19 14 59 87 46 66
 10.24314144564163 42 32 1 13 39 54 96 50 148
 10.27030110719034 26 19 1 9 28 63 81 44 322
 10.14689015805985 20 15 1 17 33 60 93 53 984
 10.06844437724506 25 24 1 9 42 59 96 54 1262
 10.19277926932835 38 35 1 30 17 60 89 49 1305
 10.05393894251701 42 33 1 16 44 46 89 34 7620
 10.12846063355211 39 23 1 21 14 44 94 39 848
 10.5366800129704 43 39 1 19 8 61 94 56 1035294
 11.06925172264829 84 112 1 21 6 50 96 46 6726
 11.37540655814504 157 114 1 41 33 59 99 57 486342
 11.50101095237778 22 18 1 24 11 49 100 49 49258
 11.04833250241112 201 201 1 20 25 91 54 46 4716
 10.94627830319113 201 201 1 30 14 84 73 57 8664
 11.15071029223687 201 141 1 36 36 49 100 49 3072
 10.86573531751769 74 58 1 14 11 43 96 39 6070
 10.64187508606147 201 50 1 21 36 31 99 30 5098
 10.66480296248717 41 30 1 19 11 51 94 46 2355
 10.48749184149545 45 42 1 6 31 46 97 43 5262
 10.34535451677583 201 180 1 20 11 41 96 37 178716
 10.31979597299786 91 66 1 13 0 34 99 33 171449
 10.49968292161032 64 47 1 14 61 46 96 41 18397
 10.42045346627639 201 201 1 34 6 81 67 49 512
 10.70638040550377 28 23 1 33 22 47 96 43 13894
 10.6396969819378 30 21 1 1 11 51 91 43 17769
 10.76946772828191 46 20 1 34 22 61 87 49 325
 10.68584450728449 24 21 1 27 22 53 99 51 16368
 10.78009035846186 27 19 1 13 25 54 96 50 2298
 10.82945673350945 27 18 1 36 3 60 91 51 281
 10.76480801805791 23 16 1 13 8 47 100 47 109498
 10.82202407928453 17 0 0 0 0 0 0 0 0


# name: timeElapsed
# type: scalar
3532.456038951874


# name: evaluation
# type: matrix
# rows: 1
# columns: 3
 0.6416666666666667 0.703125 0.6521739130434783


# name: contractionConstant
# type: scalar
0.9


# name: minStateDiff
# type: scalar
1e-07


# name: minErrorAccDiff
# type: scalar
1e-07


