# Created by Octave 3.6.2, Tue May 14 03:55:11 2013 CEST <alex@desktop>
# name: trainStats
# type: matrix
# rows: 51
# columns: 10
 10.85513476642564 11 6 0 0 0 100 7 7 0
 11.06961107608899 20 13 0 57 61 100 7 7 0
 11.16120356913754 11 8 0 19 28 100 7 7 0
 10.91313442665343 14 9 0 50 64 100 7 7 0
 10.9124361946374 13 8 0 10 31 100 7 7 0
 10.83591796865121 70 51 0 60 28 100 7 7 0
 10.78045744338369 27 18 0 19 22 100 7 7 0
 10.66146691426191 37 28 0 40 36 100 7 7 0
 10.53810589919366 14 9 0 7 3 100 7 7 0
 10.38043165757198 16 12 0 10 33 100 7 7 0
 10.23416698583527 24 18 0 21 44 100 7 7 0
 10.24719346856731 43 37 0 27 36 100 7 7 0
 10.00115076194981 24 21 0 10 39 100 7 7 0
 10.07453460810098 47 40 0 14 8 100 7 7 0
 10.10438693722453 201 201 0 10 36 100 7 7 0
 10.12062415807321 201 201 1 36 0 99 56 54 1
 10.20580547549403 201 201 1 21 56 96 56 51 5
 10.05975214248151 201 50 0 19 6 100 7 7 0
 9.909251107792366 201 41 0 11 17 100 7 7 0
 9.668488498938157 201 50 0 10 8 100 7 7 0
 9.676433996242114 201 38 0 16 11 100 7 7 0
 9.771313914006505 201 201 0 29 36 100 7 7 0
 9.801199154756114 201 201 0 3 6 100 7 7 0
 9.576097591139558 201 55 0 34 19 100 7 7 0
 9.580792825557854 201 201 1 33 8 99 49 47 0
 9.826863812497187 201 116 0 33 11 100 7 7 0
 9.496718720140379 201 66 0 6 17 100 7 7 0
 9.400282098678765 201 75 0 29 22 100 7 7 0
 9.522587435351859 201 33 0 20 25 100 7 7 0
 9.328029391149036 201 96 1 13 11 84 60 44 1329
 9.105548508790914 201 161 1 40 11 90 69 59 45
 9.057289926258107 201 67 1 7 11 79 64 43 173
 9.12662375836368 201 201 1 13 25 71 77 49 676
 9.100046968804131 201 201 1 13 19 81 69 50 74
 9.074011993668691 201 72 1 19 8 90 76 66 1761
 8.987052687973286 201 201 1 10 22 83 70 53 131
 9.041031926816961 201 201 1 19 14 94 56 50 13
 9.054562225879543 201 201 1 14 17 91 69 60 2
 9.017422660903058 201 201 1 34 19 90 69 59 73
 8.844809914830041 201 116 1 9 14 77 83 60 314
 8.637806049833598 80 50 1 14 17 86 76 61 98
 8.631477528118666 36 31 1 17 19 86 74 60 78
 9.008844314994722 34 42 1 21 58 83 80 63 50
 8.994984898874575 201 201 1 46 36 76 69 44 102
 10.96899835216333 49 44 1 26 6 80 83 63 140
 10.09553591230835 23 19 1 21 3 99 53 51 33
 9.304358510356622 183 127 1 13 6 80 77 57 914
 9.313880292528742 28 31 1 37 81 89 61 50 16
 9.425568652811146 39 27 1 23 8 94 53 47 6
 9.106972092060877 38 46 1 20 81 80 67 47 162
 8.989442879329927 33 0 0 0 0 0 0 0 0


# name: timeElapsed
# type: scalar
4074.869160890579


# name: evaluation
# type: matrix
# rows: 1
# columns: 3
 0.7583333333333333 0.9 0.6521739130434783


# name: contractionConstant
# type: scalar
0.8


# name: minStateDiff
# type: scalar
1e-07


# name: minErrorAccDiff
# type: scalar
1e-07


