# Created by Octave 3.6.2, Tue May 14 07:49:45 2013 CEST <alex@desktop>
# name: packedGnn
# type: scalar struct
# ndims: 2
 1 1
# length: 10
# name: transitionNet
# type: scalar struct
# ndims: 2
 1 1
# length: 15
# name: weights1
# type: matrix
# rows: 5
# columns: 7
 -0.1020477880710499 -0.110833870668352 0.001499040735610913 -0.09232023536040863 0.05845075457976254 0.0516480053944775 -0.06176584416552384
 -0.03145367203963613 -0.1105973337832854 0.09335152296415858 0.1077958888058905 0.1198382852201794 -0.08726476991794381 -0.05795595852265416
 0.06387894471460176 0.1247772150544647 -0.07451797058789429 0.00903295122958736 0.005884808499037109 -0.0154839021870181 -0.01475108137164106
 0.005279582255630993 0.106820416652114 0.09593523445008681 0.04318248882477593 -0.01522740016738582 0.07779669095716543 0.05267821792667315
 -0.1202899008713719 0.1237332975812575 0.08475837163443098 -0.07844089193227695 -0.09248944559817375 -0.05802710473030732 -0.04684352988529676


# name: bias1
# type: matrix
# rows: 5
# columns: 1
 -0.00892163434082939
 0.03041750138885232
 0.01989743160295004
 0.05296517625212102
 0.04406097888374005


# name: weights2
# type: matrix
# rows: 5
# columns: 5
 0.1567589868090193 -0.079083515293377 0.1282009784229933 0.06036076099692422 0.02082262226356409
 -0.1168671478961511 -0.08309991574742549 -0.1030050207322931 0.1245443703510869 0.007236247413190029
 0.1330582697443212 0.07016416512009742 -0.1110761646378682 -0.02944557333209565 -0.1059448424050991
 -0.1349717009871235 -0.02233086616133301 0.1582379460366218 -0.06135508442208806 -0.0973832621933126
 -0.161584902522284 0.1124851950475633 -0.07893611204628764 0.1613444902876756 -0.1523056010122702


# name: bias2
# type: matrix
# rows: 5
# columns: 1
 0.06706023794806515
 -0.0193500526384386
 -0.1344681317361458
 -0.01437814727118205
 0.1659340585636794


# name: nInputLines
# type: scalar
7


# name: nHiddenNeurons
# type: scalar
5


# name: nOutputNeurons
# type: scalar
5


# name: nWeights
# type: scalar
70


# name: outputFun
# type: sq_string
# elements: 1
# length: 6
tansig


# name: activation1
# type: matrix
# rows: 0
# columns: 0


# name: activationderivative1
# type: matrix
# rows: 0
# columns: 0


# name: activation2ndderivative1
# type: matrix
# rows: 0
# columns: 0


# name: activation2
# type: matrix
# rows: 0
# columns: 0


# name: activationderivative2
# type: matrix
# rows: 0
# columns: 0


# name: activation2ndderivative2
# type: matrix
# rows: 0
# columns: 0




# name: outputNet
# type: scalar struct
# ndims: 2
 1 1
# length: 15
# name: weights1
# type: matrix
# rows: 5
# columns: 5
 -0.03307326960125624 0.02111552509896002 0.006377249151069482 0.02564539393151279 0.009553274879963648
 0.002763513798201818 0.01494389094903202 -0.01108565675472152 0.0249525681445273 -0.03327468808717912
 0.02252643847425449 -0.02339335607525863 0.01238540581156043 -0.01186795396959937 -0.01510253445013449
 0.02145587020132599 -0.0281800548376142 -0.01167170693462522 -0.01873315919420342 -0.0296650211901165
 -0.03061033630365762 -0.02819507846139991 0.01124920663320152 0.0197283259355351 0.01345519644980004


# name: bias1
# type: matrix
# rows: 5
# columns: 1
 -0.1567977918244249
 -0.165637827553181
 0.06442603553431392
 0.158629128505894
 0.03967229779881983


# name: weights2
# type: matrix
# rows: 1
# columns: 5
 -0.1665020092435109 0.06353901269254691 -0.162551742452897 -0.02188690580468168 -0.1661021480725297


# name: bias2
# type: scalar
-0.1341966813690251


# name: nInputLines
# type: scalar
5


# name: nHiddenNeurons
# type: scalar
5


# name: nOutputNeurons
# type: scalar
1


# name: nWeights
# type: scalar
36


# name: outputFun
# type: sq_string
# elements: 1
# length: 6
tansig


# name: activation1
# type: matrix
# rows: 0
# columns: 0


# name: activationderivative1
# type: matrix
# rows: 0
# columns: 0


# name: activation2ndderivative1
# type: matrix
# rows: 0
# columns: 0


# name: activation2
# type: matrix
# rows: 0
# columns: 0


# name: activationderivative2
# type: matrix
# rows: 0
# columns: 0


# name: activation2ndderivative2
# type: matrix
# rows: 0
# columns: 0




# name: maxIndegree
# type: scalar
5


# name: stateSize
# type: scalar
5


# name: nodeLabelSize
# type: scalar
1


# name: edgeLabelSize
# type: scalar
1


# name: minStateDiff
# type: scalar
1e-08


# name: minErrorAccDiff
# type: scalar
1e-08


# name: contractionConstant
# type: scalar
0.9


# name: nWeights
# type: scalar
106




# name: graph
# type: scalar struct
# ndims: 2
 1 1
# length: 9
# name: nodeLabels
# type: matrix
# rows: 120
# columns: 1
 1.048929770537382
 7.888906265966011
 0.2215989725562787
 10.20849994266422
 10.13468457375922
 2.336445809764089
 10.17537717205616
 0.05012369995334758
 6.073258850560165
 8.799123890232575
 3.144021579469149
 1.501159130007386
 7.064882002550898
 8.664600093669314
 9.502550105708172
 5.127939627309426
 1.456804831543082
 0.223714512620499
 3.443627497156921
 9.552044124941713
 0.917752117488509
 8.024872361610996
 -0.02954038878687806
 7.547287126817221
 1.088448539363567
 8.684809224474717
 4.899462316849067
 0.2651440690610654
 9.95096585541668
 7.156072924698663
 8.834108243944817
 -0.04792217104479692
 7.984388972495369
 9.854555965020092
 3.058774078553609
 1.132146333734212
 2.947126865114226
 -0.1324709848588487
 0.9427648493323002
 10.04024633069978
 9.921687504519616
 0.1345525589767738
 6.326040815192424
 -0.2746046235434426
 9.721615043779819
 1.226329324246133
 -0.03037776429299689
 3.539699647691831
 1.147784978750165
 4.055300078781296
 9.837872229782921
 4.422465108736223
 0.6867388365792525
 7.96741678670821
 1.040303317784373
 10.0626806652326
 6.242002436537303
 3.984713387458034
 -0.2495355488172864
 2.20429709693921
 9.932425010734319
 2.746492050725622
 2.093945694657084
 0.8274705336581804
 9.42080921007266
 0.01409146504778731
 5.928111901229238
 6.495126174647307
 -0.3034288080778187
 10.34266139024141
 9.872364121823088
 0.7978129995365497
 -0.07495795638897232
 7.868328095644416
 5.541126737639909
 3.116772394498277
 10.31249620323782
 1.328285054493497
 6.261974069464651
 0.008019397897647563
 10.04076053217544
 8.893851277973571
 4.297999889514814
 0.8195967173202572
 1.151504426982353
 9.961855986914291
 0.2788775926714991
 9.822936349667081
 3.176561925062086
 7.944005800429103
 2.248313903652343
 3.612684059782485
 -0.1543822986518241
 1.158047487634731
 10.50117561235053
 8.664301047204392
 0.03150308676282298
 9.705746100255782
 8.8921749295847
 -0.3122149622226275
 8.119386342135201
 0.9614307779629657
 1.155014067105251
 9.886825967840162
 0.3658863731845546
 8.112145638226687
 9.993278563009778
 0.04213190024303554
 9.141309354241717
 0.6846789290128934
 1.137990623107991
 6.095139703652558
 0.3164452696822672
 9.710850299819931
 0.5895487619436039
 0.2371257095579512
 3.966488498925612
 9.97863223773904
 3.327395096019456
 0.1747568720928153


# name: expectedOutput
# type: matrix
# rows: 120
# columns: 1
 1
 -1
 1
 -1
 1
 -1
 1
 1
 -1
 -1
 -1
 1
 -1
 -1
 1
 -1
 1
 1
 -1
 1
 1
 -1
 1
 -1
 1
 -1
 -1
 1
 1
 -1
 -1
 1
 -1
 1
 -1
 1
 -1
 1
 1
 1
 1
 1
 -1
 1
 1
 1
 1
 -1
 1
 -1
 1
 -1
 1
 -1
 1
 1
 -1
 -1
 1
 -1
 1
 -1
 -1
 1
 -1
 1
 -1
 -1
 1
 1
 1
 1
 1
 -1
 -1
 -1
 1
 1
 -1
 1
 1
 -1
 -1
 1
 1
 1
 1
 1
 -1
 -1
 -1
 -1
 1
 1
 1
 -1
 1
 1
 -1
 1
 -1
 1
 1
 1
 1
 -1
 1
 1
 -1
 1
 1
 -1
 1
 1
 1
 -1
 -1
 1
 -1
 1


