# Created by Octave 3.6.2, Tue May 14 09:07:30 2013 CEST <alex@desktop>
# name: trainStats
# type: matrix
# rows: 51
# columns: 10
 11.15737524498399 12 7 0 0 0 100 7 7 0
 10.80511770092635 12 9 0 49 53 100 7 7 0
 11.4665551524719 15 11 0 23 28 100 7 7 0
 10.80544817725325 11 6 0 44 44 100 7 7 0
 11.55842830580043 32 25 0 31 39 100 7 7 0
 11.1386276119522 20 14 0 37 36 100 7 7 0
 10.8978457610958 16 10 0 11 11 100 7 7 0
 10.84983100411526 35 23 0 20 72 100 7 7 0
 10.77889046912123 25 13 0 17 0 100 7 7 0
 10.66587880119787 71 45 0 23 44 100 7 7 0
 10.3359096210548 171 201 0 16 3 100 7 7 0
 10.27207858399211 51 15 0 43 31 100 7 7 0
 10.0944097132532 40 13 0 6 11 100 7 7 0
 10.30135252207062 12 8 0 40 44 100 7 7 0
 9.992312184720996 14 8 0 20 53 100 7 7 0
 9.75405795147033 12 8 0 21 33 100 7 7 0
 9.55344287281102 18 14 0 13 33 100 7 7 0
 9.379764305583725 42 35 0 13 3 100 7 7 0
 9.462626892712047 35 37 0 23 25 100 7 7 0
 9.385151764007928 49 41 0 17 17 100 7 7 0
 9.174782676456639 16 11 0 9 8 100 7 7 0
 9.329859064604118 15 8 0 19 8 100 7 7 0
 8.980372154270432 12 8 0 6 11 100 7 7 0
 8.953459639772483 104 95 1 30 11 76 76 51 772
 8.894811103456377 23 17 1 7 11 81 61 43 171
 8.807986997674787 68 36 1 29 8 63 90 53 3974
 8.773727118036364 59 31 1 39 47 79 71 50 1224
 8.57395565673437 60 33 1 17 0 64 84 49 6098
 8.660532126811281 201 201 1 23 44 93 73 66 53641
 8.541311800884859 32 21 0 30 3 100 7 7 0
 8.441881321372261 21 9 1 36 33 97 49 46 19
 8.37955773499019 33 26 1 29 8 77 79 56 10815
 8.346705963129747 57 39 1 30 36 97 66 63 10
 8.282765940637754 30 25 1 24 3 76 84 60 1104
 8.25852519632021 108 108 1 20 19 73 83 56 649
 8.147616553029442 48 37 1 10 3 70 74 44 329
 8.085976130581674 99 71 1 16 33 67 81 49 225
 7.909446305752426 59 50 1 24 6 94 70 64 57
 7.771903910744347 45 22 1 20 3 57 89 46 17191
 7.650319108928943 57 40 1 14 31 67 84 51 80
 7.630237553812489 80 78 1 10 8 56 84 40 7548
 7.561371066767391 111 119 1 9 19 60 80 40 86
 7.547745927141958 37 22 1 24 17 64 87 51 199
 7.501625490888184 33 24 1 3 14 64 86 50 148
 7.531282169575754 45 38 1 20 11 81 67 49 161
 7.720890787109722 112 99 1 16 8 76 81 57 77
 7.400138934994497 18 14 1 20 36 67 77 44 5409
 7.472510120950941 16 7 0 43 22 100 7 7 0
 7.37666067661933 26 24 1 16 44 67 76 43 766
 7.341876690399944 25 11 0 40 19 100 7 7 0
 7.50620736998457 57 0 0 0 0 0 0 0 0


# name: timeElapsed
# type: scalar
1753.199460029602


# name: evaluation
# type: matrix
# rows: 1
# columns: 3
 0.7916666666666666 0.9782608695652174 0.6521739130434783


# name: contractionConstant
# type: scalar
0.9


# name: minStateDiff
# type: scalar
1e-07


# name: minErrorAccDiff
# type: scalar
1e-07


