# Created by Octave 3.6.2, Tue May 14 05:11:21 2013 CEST <alex@desktop>
# name: trainStats
# type: matrix
# rows: 51
# columns: 10
 11.26644880323669 12 7 0 0 0 100 7 7 0
 10.81774067969017 14 10 0 39 53 100 7 7 0
 10.44296738709842 150 124 0 24 39 100 7 7 0
 10.83097219059768 201 201 0 19 31 100 7 7 0
 11.05219946310718 201 50 1 20 28 79 73 51 77
 10.58470326331376 201 201 0 20 33 100 7 7 0
 9.860316885843396 30 23 0 20 25 100 7 7 0
 9.939886620891727 52 33 0 40 36 100 7 7 0
 9.377658931177844 34 25 0 26 31 100 7 7 0
 11.16976830698662 28 20 0 46 36 100 7 7 0
 9.185561335212416 37 28 0 17 19 100 7 7 0
 10.02035263295615 61 53 0 23 50 100 7 7 0
 11.02686589745178 201 201 0 47 14 100 7 7 0
 9.392427861830896 92 65 0 27 44 100 7 7 0
 9.820815062069599 201 201 0 9 3 100 7 7 0
 10.08756889850288 201 201 0 31 19 100 7 7 0
 9.959553869688298 201 201 0 27 0 100 7 7 0
 9.50979794225402 124 139 0 6 36 100 7 7 0
 9.637852796290934 201 201 0 1 19 100 7 7 0
 9.90602431501315 201 201 0 3 3 100 7 7 0
 10.48427636527767 147 128 0 26 11 100 7 7 0
 10.73953060167451 32 25 1 14 0 70 70 40 38931897
 10.54805810744019 21 11 1 14 17 73 81 54 3856357270
 10.61704580840593 16 10 1 41 56 46 93 39 5125319222908
 10.56212305166378 20 10 1 11 17 43 90 33 14492748255
 10.95470829915539 33 14 1 1 69 46 91 37 29349321446
 10.23319823741268 88 18 1 29 11 63 93 56 35704730410
 10.13667739911634 201 143 1 24 8 64 74 39 2711012870
 10.56655924453521 81 76 1 27 47 40 93 33 1487275955
 10.67280857116586 201 108 1 20 25 76 84 60 203765689672
 10.13231158493045 96 55 1 21 75 66 93 59 544583253290
 10.11325619033621 85 51 1 17 14 54 79 33 2899519602874
 10.19348865741526 114 66 1 7 58 63 84 47 30010336194321
 10.37495616908365 201 70 1 10 17 56 81 37 88539143150278
 10.3578341002571 201 66 1 13 0 60 71 31 623797356679308
 10.66190351413188 201 201 1 13 6 70 63 33 1.418559176054625e+17
 11.35478321524366 201 122 1 10 14 71 74 46 46826245211788
 11.78090114039863 201 201 1 24 14 70 79 49 4898
 11.48197715436442 201 107 1 21 3 63 89 51 42234
 11.2362377437299 201 41 0 20 0 100 7 7 0
 11.21272468418946 201 14 1 37 22 64 99 63 2344951
 11.08005159380576 201 22 1 31 44 51 97 49 3097399528
 10.82214273588972 201 6 0 34 3 100 7 7 0
 10.86271549062503 201 7 1 26 22 33 99 31 86502
 10.72559074090117 201 18 1 29 50 56 97 53 2042690
 10.76993718788429 201 18 1 30 36 93 53 46 88
 10.72539508544156 201 8 1 21 25 67 97 64 5503228204826
 10.91836546655631 201 9 1 40 36 60 83 43 4652
 10.80763393869191 201 10 1 20 19 83 74 57 6262566622
 10.80725927031867 201 7 1 27 36 74 66 40 2189063279
 10.80699646706871 201 0 0 0 0 0 0 0 0


# name: timeElapsed
# type: scalar
4569.944959878922


# name: evaluation
# type: matrix
# rows: 1
# columns: 3
 0.7166666666666667 0.8181818181818182 0.6521739130434783


# name: contractionConstant
# type: scalar
1


# name: minStateDiff
# type: scalar
1e-07


# name: minErrorAccDiff
# type: scalar
1e-07


