# Created by Octave 3.6.2, Tue May 14 08:38:16 2013 CEST <alex@desktop>
# name: trainStats
# type: matrix
# rows: 51
# columns: 10
 11.15737524500184 12 7 0 0 0 100 7 7 0
 10.80511770090377 12 9 0 49 53 100 7 7 0
 11.46655515258627 15 11 0 23 28 100 7 7 0
 10.80544817723833 10 6 0 44 44 100 7 7 0
 11.55842830388161 31 25 0 31 39 100 7 7 0
 11.13862761194907 20 14 0 37 36 100 7 7 0
 10.89784576107722 15 10 0 11 11 100 7 7 0
 10.84983100415312 34 23 0 20 72 100 7 7 0
 10.77889046911579 24 13 0 17 0 100 7 7 0
 10.66587879987185 58 45 0 23 44 100 7 7 0
 10.3359100181821 201 201 0 16 3 100 7 7 0
 10.2720785840049 42 15 0 43 31 100 7 7 0
 10.09440971321408 24 13 0 6 11 100 7 7 0
 10.32030783640605 38 20 0 64 44 100 7 7 0
 10.06830645076644 17 11 0 11 53 100 7 7 0
 9.981343254217142 19 10 0 37 33 100 7 7 0
 9.727717475571463 20 11 0 4 17 100 7 7 0
 9.531351018642461 32 30 0 23 22 100 7 7 0
 9.369483040463559 30 26 0 7 31 100 7 7 0
 9.30014569295723 52 53 0 34 14 100 7 7 0
 9.139536041366965 29 24 0 4 3 100 7 7 0
 9.196580889812072 58 53 0 19 14 100 7 7 0
 9.091624558127567 36 34 0 14 25 100 7 7 0
 9.188915537251662 44 32 0 21 17 100 7 7 0
 9.282963068359205 36 34 0 19 3 100 7 7 0
 9.315822492181175 35 35 0 6 8 100 7 7 0
 9.378011224158021 57 58 1 11 8 93 64 57 19
 9.254320956077796 56 44 1 36 19 91 69 60 14199
 9.3377237095611 37 55 1 19 19 79 73 51 204
 9.440064552318438 41 52 1 24 0 84 70 54 207
 9.057995952881877 16 10 1 31 11 93 60 53 1805
 8.912584690927572 66 62 1 16 8 89 67 56 93
 8.828297668015324 201 93 1 50 56 90 53 43 6
 8.777922886384459 59 35 1 10 19 79 57 36 720
 8.81495393510742 38 29 1 13 31 90 66 56 159
 8.934374185536305 201 15 1 6 0 83 69 51 2085
 8.924622720259096 201 201 1 44 11 93 40 33 39
 8.72224964241725 137 108 1 17 28 69 84 53 181
 8.606039775334086 201 40 1 16 19 77 80 57 355
 8.476328424592001 201 111 1 11 6 76 81 57 74418
 8.450017911792912 201 201 1 34 19 89 70 59 28
 8.343696440193364 201 42 1 16 8 69 79 47 141
 8.272237455225975 201 78 1 13 33 86 70 56 91
 8.368817294544133 201 19 1 7 17 77 76 53 138
 8.299957637837682 201 26 1 13 22 81 60 41 210
 8.311975025627669 201 61 1 14 25 77 83 60 135
 8.464343197340114 201 19 1 16 8 89 71 60 73
 8.348767321708742 201 21 1 20 58 86 59 44 179
 8.59197296082864 28 16 1 26 14 94 61 56 72
 8.472671521646696 29 19 1 9 25 91 67 59 146
 8.659523031382355 48 0 0 0 0 0 0 0 0


# name: timeElapsed
# type: scalar
2911.581440925598


# name: evaluation
# type: matrix
# rows: 1
# columns: 3
 0.775 0.9375 0.6521739130434783


# name: contractionConstant
# type: scalar
1


# name: minStateDiff
# type: scalar
1e-07


# name: minErrorAccDiff
# type: scalar
1e-07


