# Created by Octave 3.6.2, Tue May 14 10:31:45 2013 CEST <alex@desktop>
# name: trainStats
# type: matrix
# rows: 51
# columns: 10
 11.06837758766316 10 6 0 0 0 100 7 7 0
 10.81913181478059 12 9 0 39 53 100 7 7 0
 12.34797337168384 10 6 0 44 36 100 7 7 0
 11.0996631114194 21 15 0 31 31 100 7 7 0
 10.79330052146858 14 9 0 30 36 100 7 7 0
 10.78043725014608 13 8 0 13 19 100 7 7 0
 10.93256989763818 13 10 0 21 67 100 7 7 0
 10.94549554458808 16 13 0 49 31 100 7 7 0
 10.58503339527553 16 12 0 24 39 100 7 7 0
 10.55300408935209 14 10 0 11 44 100 7 7 0
 10.67862880578905 13 9 0 34 44 100 7 7 0
 10.29310087257308 13 10 0 13 6 100 7 7 0
 10.47104161111691 11 8 0 6 19 100 7 7 0
 10.5114191384736 13 9 0 4 64 100 7 7 0
 10.77705417012978 13 10 1 29 31 87 59 46 794
 10.5539028393207 14 10 1 10 0 96 61 57 4891
 10.82963625759272 13 10 1 31 97 87 73 60 237095
 10.89552463550075 13 10 1 3 0 87 59 46 5384439
 10.90231542520947 12 10 1 7 14 79 80 59 226566301
 10.94983519833235 12 9 1 23 75 74 80 54 19011773515
 10.94384330477529 10 8 1 10 0 94 54 49 838816018865
 11.04758653391747 14 11 0 9 31 100 7 7 0
 11.35530452358019 79 69 1 36 14 83 69 51 3200169206658993
 11.04040956423012 19 17 0 6 19 100 17 17 0
 11.21810885991702 201 201 1 43 6 77 84 61 86262244800183
 10.96991581306952 40 26 0 20 8 100 17 17 0
 10.94770366872007 90 97 1 31 31 71 84 56 219267
 10.86471502028198 34 25 1 7 0 73 73 46 3624058
 10.83242309482733 44 34 0 26 22 100 17 17 0
 10.81529401818626 28 13 0 13 22 100 17 17 0
 10.78741203743287 29 13 0 20 19 100 26 26 0
 10.76980700071863 20 10 0 6 36 100 26 26 0
 10.75096616584919 14 8 0 4 17 100 26 26 0
 10.73733125727899 11 7 0 6 19 100 26 26 0
 10.7339483059691 9 6 0 3 44 100 26 26 0
 10.75513713839451 9 5 0 1 50 100 26 26 0
 10.81037173473996 8 5 1 34 47 66 90 56 863
 10.93590807494833 9 5 1 7 36 53 91 44 85
 11.27180707319619 13 8 1 14 17 56 89 44 5848298515
 11.76727149884756 16 12 1 23 6 60 93 53 25287
 11.86580422588571 26 18 1 6 19 53 91 44 256895
 11.2400042158633 17 12 1 26 0 49 90 39 126970
 10.99680559528881 20 13 1 6 8 57 91 49 87659
 10.60708737173176 27 18 1 9 0 67 91 59 180264
 10.57586735891426 44 28 1 26 22 61 90 51 68279
 11.14546040553809 24 15 1 21 17 57 89 46 21182
 10.34177764473035 29 22 1 27 36 39 93 31 186594
 10.53140502324675 28 19 1 19 14 67 91 59 59441
 10.80571868272085 22 14 1 16 0 57 87 44 10133
 10.47847635745961 34 23 1 36 50 69 90 59 22411
 10.43871005840937 30 0 0 0 0 0 0 0 0


# name: timeElapsed
# type: scalar
1099.378564119339


# name: evaluation
# type: matrix
# rows: 1
# columns: 3
 0.6 0.6438356164383562 0.6811594202898551


# name: contractionConstant
# type: scalar
1


# name: minStateDiff
# type: scalar
1e-07


# name: minErrorAccDiff
# type: scalar
1e-07


