# Created by Octave 3.6.2, Sun May 19 19:45:46 2013 CEST <alex@desktop>
# name: packedGnn
# type: scalar struct
# ndims: 2
 1 1
# length: 10
# name: transitionNet
# type: scalar struct
# ndims: 2
 1 1
# length: 15
# name: weights1
# type: matrix
# rows: 5
# columns: 7
 0.01463215197415835 0.02470229417008041 0.04758138500181563 -0.07443051194975152 -0.01096911266676383 0.09637879269473554 -0.0492136065121946
 -0.08353777089735019 -0.04106645350114689 -0.07431493048267514 -0.02311610270921981 -0.09056442047124323 -0.07095661048999939 -0.1174399635461109
 -0.05166982041095632 -0.1082816992085632 -0.07744188630675285 -0.05027805714309373 0.03213057020063129 -0.05860866126603888 -0.07940072049255296
 0.08946393388296422 0.01622985599512172 0.01325312048032559 -0.03722781783927097 -0.1189798738975626 -0.09658286741687432 -0.002918324710938877
 0.03159490012990859 0.0488520819236995 -0.06109794511967291 0.07469570824367286 0.1081524108316997 -0.1110450585470526 -0.1214433862629982


# name: bias1
# type: matrix
# rows: 5
# columns: 1
 0.09318661212225149
 0.01746589669221241
 0.08037576380841555
 -0.06913496122688632
 -0.1054523755300058


# name: weights2
# type: matrix
# rows: 5
# columns: 5
 0.07213603417130414 0.06901650743143543 -0.04996732140516941 -0.0508828096376655 -0.05520460212794281
 0.1111256914665006 0.08675386897436344 0.1578365382461749 0.1229531207949822 0.0696028496643607
 0.01416971767916675 -0.09704116864420774 -0.08766846501778586 0.00763235155162667 -0.01881947421323943
 0.02514687202172505 0.08004800006042083 -0.02004520235858925 -0.005885133773684177 0.00910525351576393
 0.08585507407639004 0.06196530323299983 0.03768020127721783 -0.08068538995062412 -0.06870725983432512


# name: bias2
# type: matrix
# rows: 5
# columns: 1
 0.1560649944705229
 -0.1296826312615509
 0.1518597758835436
 -0.03670042889054331
 -0.08488751778141813


# name: nInputLines
# type: scalar
7


# name: nHiddenNeurons
# type: scalar
5


# name: nOutputNeurons
# type: scalar
5


# name: nWeights
# type: scalar
70


# name: outputFun
# type: sq_string
# elements: 1
# length: 6
tansig


# name: activation1
# type: matrix
# rows: 0
# columns: 0


# name: activationderivative1
# type: matrix
# rows: 0
# columns: 0


# name: activation2ndderivative1
# type: matrix
# rows: 0
# columns: 0


# name: activation2
# type: matrix
# rows: 0
# columns: 0


# name: activationderivative2
# type: matrix
# rows: 0
# columns: 0


# name: activation2ndderivative2
# type: matrix
# rows: 0
# columns: 0




# name: outputNet
# type: scalar struct
# ndims: 2
 1 1
# length: 15
# name: weights1
# type: matrix
# rows: 5
# columns: 5
 -0.01016353261775958 0.0009656523217277058 0.009877858824375333 -0.0117252370841062 0.0155304423590406
 -0.0004871834335657095 -0.01415977865560527 -0.005175035506308473 0.001468948106429857 -0.0002266795166945593
 0.006175743186437813 0.0142149732319774 -0.0002043527676110731 -0.01066146311450062 -0.001947769626829893
 0.005943293821039674 0.004627321853583229 0.008351163265386312 0.01517297053987156 -0.009566988574395231
 -0.004719452762224698 -0.01632963117487055 -0.004326062638694497 0.01506971891115652 0.00289206117954427


# name: bias1
# type: matrix
# rows: 5
# columns: 1
 0.1664166910909196
 -0.0894997873361813
 0.1548670493011416
 -0.07783597895657951
 0.1049128393441785


# name: weights2
# type: matrix
# rows: 1
# columns: 5
 0.124142995565416 0.09778551597983791 -0.06256613167316406 0.07673739799915746 0.1355526285262202


# name: bias2
# type: scalar
0.02124505402034349


# name: nInputLines
# type: scalar
5


# name: nHiddenNeurons
# type: scalar
5


# name: nOutputNeurons
# type: scalar
1


# name: nWeights
# type: scalar
36


# name: outputFun
# type: sq_string
# elements: 1
# length: 7
purelin


# name: activation1
# type: matrix
# rows: 0
# columns: 0


# name: activationderivative1
# type: matrix
# rows: 0
# columns: 0


# name: activation2ndderivative1
# type: matrix
# rows: 0
# columns: 0


# name: activation2
# type: matrix
# rows: 0
# columns: 0


# name: activationderivative2
# type: matrix
# rows: 0
# columns: 0


# name: activation2ndderivative2
# type: matrix
# rows: 0
# columns: 0




# name: maxIndegree
# type: scalar
10


# name: stateSize
# type: scalar
5


# name: nodeLabelSize
# type: scalar
1


# name: edgeLabelSize
# type: scalar
1


# name: minStateDiff
# type: scalar
1e-08


# name: minErrorAccDiff
# type: scalar
1e-08


# name: contractionConstant
# type: scalar
0.9


# name: nWeights
# type: scalar
106




# name: graph
# type: scalar struct
# ndims: 2
 1 1
# length: 10
# name: nodeLabels
# type: matrix
# rows: 140
# columns: 1
 5
 10
 0
 3
 3
 2
 5
 8
 0
 9
 9
 0
 5
 4
 3
 2
 9
 3
 7
 1
 8
 0
 3
 3
 5
 5
 0
 1
 9
 5
 3
 9
 5
 3
 0
 5
 3
 7
 2
 8
 2
 8
 2
 9
 5
 7
 10
 4
 5
 8
 3
 3
 8
 2
 0
 9
 3
 8
 4
 1
 0
 0
 5
 3
 2
 5
 0
 10
 6
 10
 2
 8
 8
 1
 5
 8
 4
 3
 0
 3
 3
 10
 5
 4
 3
 0
 8
 10
 2
 0
 7
 5
 3
 8
 2
 8
 5
 5
 8
 6
 3
 5
 3
 7
 8
 0
 1
 6
 9
 2
 2
 5
 4
 2
 0
 7
 7
 3
 7
 5
 1
 5
 5
 8
 3
 1
 5
 6
 3
 8
 3
 10
 0
 6
 3
 2
 5
 8
 8
 5


# name: expectedOutput
# type: matrix
# rows: 140
# columns: 1
 1
 -1
 -1
 1
 1
 1
 -1
 1
 1
 -1
 -1
 -1
 1
 -1
 1
 1
 -1
 -1
 -1
 -1
 1
 1
 1
 -1
 1
 1
 -1
 -1
 -1
 -1
 -1
 -1
 1
 1
 1
 1
 1
 -1
 1
 -1
 -1
 1
 -1
 -1
 1
 -1
 -1
 -1
 1
 1
 1
 1
 -1
 1
 1
 -1
 1
 1
 -1
 -1
 1
 -1
 1
 1
 1
 1
 -1
 -1
 -1
 -1
 1
 -1
 1
 -1
 1
 -1
 -1
 1
 1
 -1
 1
 -1
 1
 -1
 1
 -1
 -1
 -1
 -1
 1
 -1
 -1
 1
 -1
 1
 1
 1
 1
 1
 -1
 1
 1
 1
 -1
 -1
 1
 -1
 -1
 -1
 -1
 1
 1
 -1
 1
 1
 -1
 -1
 1
 -1
 1
 -1
 1
 -1
 1
 1
 -1
 1
 -1
 -1
 -1
 1
 -1
 1
 -1
 1
 1
 1
 -1
 1
 -1


