# Created by Octave 3.6.2, Sun May 19 19:27:13 2013 CEST <alex@desktop>
# name: trainStats
# type: matrix
# rows: 51
# columns: 10
 11.83635875212523 3 7 0 0 0 100 7 7 0
 11.09553824252343 3 11 0 41 44 100 7 7 0
 10.99331360035503 3 7 0 21 36 100 7 7 0
 14.69072292446099 3 7 0 21 44 100 7 7 0
 11.68659916667929 3 9 0 33 22 100 7 7 0
 11.42657007736803 3 9 0 10 61 100 7 7 0
 11.11969853752576 3 8 0 54 25 100 7 7 0
 11.47128104914841 3 9 0 31 50 100 7 7 0
 10.75204559119808 3 7 0 33 39 100 7 7 0
 10.54971664116095 3 7 0 27 0 100 7 7 0
 10.89696643388515 3 6 0 49 69 100 7 7 0
 10.08775842685289 3 6 0 17 0 100 7 7 0
 10.08199255379943 3 6 0 19 61 100 7 7 0
 9.534686966070158 3 5 0 21 0 100 7 7 0
 9.178501347133643 3 8 0 23 0 100 7 7 0
 8.682244465942341 3 7 0 19 58 100 7 7 0
 8.392289946688694 3 7 0 33 17 100 7 7 0
 8.391729467623925 3 7 0 9 67 100 7 7 0
 9.490071312607547 3 201 1 24 22 89 76 64 44
 9.313465642980379 3 201 1 24 64 81 61 43 919
 13.52192344240916 3 201 1 39 17 83 77 60 162
 9.093822158274813 3 201 1 9 78 87 70 57 122
 8.445563215900584 3 201 1 41 6 94 67 61 84
 8.66986653790681 3 9 1 26 19 80 81 61 498
 8.162484784334039 3 6 0 20 8 100 7 7 0
 8.463951295499569 3 15 0 24 42 100 7 7 0
 9.820025724313693 3 20 1 33 50 79 70 49 647
 8.534907504318261 3 201 1 36 47 39 97 36 1886
 8.129635166013655 3 7 0 24 0 100 7 7 0
 8.169975933996829 3 8 0 1 0 100 7 7 0
 8.156174382612667 3 11 1 13 33 89 57 46 74
 8.398212191485795 3 11 1 20 17 77 86 63 18949
 9.141575185138974 3 12 1 16 6 63 87 50 6888
 9.865333145299157 3 15 1 16 0 53 90 43 1519
 8.524460456633676 3 16 1 26 6 61 91 53 6832
 8.843550034309049 3 14 1 11 3 60 91 51 866
 8.223370707049959 3 13 1 9 22 53 90 43 6995
 8.06089944971551 3 14 1 9 6 54 90 44 3992
 7.775139358800467 3 12 1 9 8 54 91 46 2665
 8.411004734549429 3 19 1 17 39 53 90 43 28943
 7.886942917579865 3 14 1 14 6 66 87 53 355814
 8.022098230646453 3 17 1 9 6 51 86 37 15011
 7.35046117779752 3 35 1 41 64 59 93 51 803
 7.673771362285351 3 28 1 10 3 79 86 64 130813
 7.586793415300416 3 56 1 43 56 81 80 61 20289
 7.312285127553863 3 197 1 4 28 67 73 40 356595
 7.873787047049666 3 201 1 21 3 70 84 54 59321
 8.318126845990935 3 201 1 36 3 93 63 56 225
 8.1799328525086 3 201 1 27 14 94 53 47 333
 8.022247315348817 3 201 1 27 0 96 61 57 158
 8.179115767003264 3 0 0 0 0 0 0 0 0


# name: timeElapsed
# type: scalar
742.0255589485168


# name: evaluation
# type: matrix
# rows: 1
# columns: 3
 0.9071428571428571 0.88 0.9428571428571428


# name: contractionConstant
# type: scalar
1


# name: minStateDiff
# type: scalar
1e-08


# name: minErrorAccDiff
# type: scalar
1e-08


