# Created by Octave 3.6.2, Sun May 19 19:36:40 2013 CEST <alex@desktop>
# name: trainStats
# type: matrix
# rows: 51
# columns: 10
 11.83637854375067 3 7 0 0 0 100 7 7 0
 11.09530615358154 3 11 0 41 44 100 7 7 0
 10.99297473393304 3 7 0 21 36 100 7 7 0
 14.69069035258166 3 7 0 21 44 100 7 7 0
 11.68531112888438 3 9 0 31 22 100 7 7 0
 11.42566448167425 3 9 0 11 61 100 7 7 0
 11.11979002005262 3 8 0 53 25 100 7 7 0
 11.46904979485708 3 8 0 33 50 100 7 7 0
 10.75194158978152 3 8 0 36 39 100 7 7 0
 10.74028112900965 3 7 0 14 39 100 7 7 0
 10.2710045737931 3 6 0 16 36 100 7 7 0
 10.00219265192847 3 5 0 23 39 100 7 7 0
 9.28071372832154 3 5 0 10 11 100 7 7 0
 8.874778708093777 3 5 0 34 6 100 7 7 0
 8.523874429300283 3 6 0 26 61 100 7 7 0
 7.651528648894918 3 8 0 21 3 100 7 7 0
 6.887159415402847 3 6 0 13 14 100 7 7 0
 6.667623837407064 3 7 0 20 64 100 7 7 0
 7.651849948360397 3 11 0 26 33 100 7 7 0
 6.757629333591868 3 8 0 19 3 100 7 7 0
 9.059311692843186 3 16 0 20 97 100 7 7 0
 9.150974720799878 3 48 0 13 0 100 7 7 0
 9.052929312134792 3 201 0 41 0 100 7 7 0
 8.001005855931147 3 25 0 16 0 100 7 7 0
 7.453531765583373 3 11 0 13 0 100 7 7 0
 6.761165247695811 3 12 0 26 3 100 7 7 0
 6.413846551887848 3 14 0 10 22 100 7 7 0
 6.36964999185077 3 15 0 11 61 100 7 7 0
 6.55798030936278 3 14 0 24 25 100 7 7 0
 6.368024780927328 3 17 0 4 14 100 7 7 0
 6.38822970930536 3 18 0 16 86 100 7 7 0
 6.538507526536362 3 28 0 17 0 100 7 7 0
 6.648094710480024 3 20 0 6 0 100 7 7 0
 6.705726058830053 3 13 0 11 0 100 7 7 0
 6.623314029828434 3 17 0 29 0 100 7 7 0
 6.3499051810785 3 15 0 9 0 100 7 7 0
 6.154574568742062 3 26 0 36 100 100 7 7 0
 6.4262200025611 3 63 1 29 0 81 63 44 825251
 7.677096821195 3 201 1 34 56 90 60 50 380008
 9.34388312762397 3 201 1 33 0 99 57 56 1
 7.965008859822087 3 201 1 27 3 96 60 56 382
 9.046389824098116 3 201 1 50 17 99 37 36 0
 9.210736453412204 3 201 1 31 3 99 67 66 0
 11.12787095351392 3 201 1 17 3 99 66 64 0
 11.19676438446845 3 201 1 49 0 99 50 49 0
 12.01239769388069 3 201 1 36 0 99 47 46 0
 9.959910989764367 3 201 1 33 0 99 61 60 0
 10.81885495393688 3 201 1 34 0 99 40 39 0
 9.258174950380793 3 201 1 26 50 93 60 53 8
 8.689253009099007 3 201 1 20 8 99 46 44 0
 8.089967290011302 3 0 0 0 0 0 0 0 0


# name: timeElapsed
# type: scalar
566.6828181743622


# name: evaluation
# type: matrix
# rows: 1
# columns: 3
 0.9428571428571428 0.9078947368421053 0.9857142857142858


# name: contractionConstant
# type: scalar
0.9


# name: minStateDiff
# type: scalar
1e-08


# name: minErrorAccDiff
# type: scalar
1e-08


