# Created by Octave 3.6.2, Sun May 19 19:45:46 2013 CEST <alex@desktop>
# name: trainStats
# type: matrix
# rows: 51
# columns: 10
 11.83637971197921 3 7 0 0 0 100 7 7 0
 11.09388479631439 3 11 0 41 44 100 7 7 0
 10.99306722649961 3 7 0 21 36 100 7 7 0
 14.69101515170872 3 7 0 21 44 100 7 7 0
 11.68723298007207 3 9 0 33 22 100 7 7 0
 11.42511516448607 3 9 0 10 61 100 7 7 0
 11.11570240650025 3 8 0 53 25 100 7 7 0
 11.47279156017975 3 9 0 31 50 100 7 7 0
 10.75396962351594 3 7 0 36 39 100 7 7 0
 10.59089544069808 3 6 0 19 36 100 7 7 0
 10.27962539336655 3 6 0 9 28 100 7 7 0
 9.951861227625116 3 5 0 16 47 100 7 7 0
 9.394753897923891 3 5 0 27 0 100 7 7 0
 8.932672020920077 3 5 0 11 61 100 7 7 0
 8.286562339688984 3 6 0 33 0 100 7 7 0
 7.771010852337205 3 8 0 36 86 100 7 7 0
 7.665768517451478 3 6 0 26 6 100 7 7 0
 7.000465799963929 3 8 0 10 25 100 7 7 0
 6.642684195413123 3 11 0 16 61 100 7 7 0
 7.52647923895019 3 15 1 33 36 76 73 49 52
 6.82460185829979 3 15 0 19 56 100 7 7 0
 7.123770987065505 3 15 0 21 36 100 7 7 0
 6.897705157114686 3 33 0 11 0 100 7 7 0
 7.891695432722746 3 130 0 7 3 100 7 7 0
 10.80577327061393 3 22 0 11 14 100 7 7 0
 11.98349087187335 3 201 0 47 14 100 7 7 0
 10.74964757638253 3 201 0 10 3 100 7 7 0
 8.666962995330392 3 12 0 56 0 100 7 7 0
 8.816472243214768 3 201 0 9 0 100 7 7 0
 8.091825701728453 3 201 1 51 61 96 49 44 0
 8.698622626441056 3 201 1 34 0 83 74 57 4767
 8.065952592031909 3 28 1 20 72 90 67 57 29560
 7.937828894530002 3 25 0 27 8 100 7 7 0
 7.592822991921861 3 19 1 21 3 94 69 63 386
 7.539659712884092 3 43 1 29 3 50 93 43 3531858
 7.230634633355638 3 25 0 30 0 100 7 7 0
 6.94621406376104 3 21 0 9 3 100 7 7 0
 6.607267795772894 3 24 0 9 0 100 7 7 0
 6.361115444509987 3 16 0 14 64 100 7 7 0
 6.730806229848697 3 23 1 46 19 69 81 50 2130735
 6.476441978145002 3 14 0 10 17 100 7 7 0
 6.419190749444799 3 13 0 7 25 100 7 7 0
 6.520808727362155 3 13 0 14 53 100 7 7 0
 6.433494353459338 3 14 0 4 3 100 7 7 0
 6.295176254047237 3 14 0 17 42 100 16 16 0
 6.498825588563623 3 17 0 4 31 100 7 7 0
 10.14332500868754 3 201 1 57 42 74 67 41 1686
 6.645641653890415 3 40 1 14 0 60 87 47 734
 7.213417300562906 3 201 1 6 28 50 91 41 1729
 6.407088351781143 3 17 0 31 19 100 16 16 0
 6.497991651539859 3 0 0 0 0 0 0 0 0


# name: timeElapsed
# type: scalar
545.8864259719849


# name: evaluation
# type: matrix
# rows: 1
# columns: 3
 0.9357142857142857 0.9066666666666666 0.9714285714285714


# name: contractionConstant
# type: scalar
0.8


# name: minStateDiff
# type: scalar
1e-08


# name: minErrorAccDiff
# type: scalar
1e-08


