# Created by Octave 3.6.2, Wed May 15 02:58:57 2013 CEST <alex@desktop>
# name: trainStats
# type: matrix
# rows: 51
# columns: 10
 10.83801004499502 11 7 0 0 0 100 7 7 0
 11.06599454218937 38 30 0 54 61 100 7 7 0
 10.77949183585871 201 201 0 24 25 100 7 7 0
 11.0674035350871 201 10 0 30 56 100 7 7 0
 10.83011110184775 201 6 0 31 25 100 7 7 0
 10.82408690694234 201 56 0 21 33 100 7 7 0
 10.79493506778407 201 34 1 36 31 90 60 50 117
 10.69600384909906 201 201 0 34 22 100 7 7 0
 10.69085127507417 201 57 0 7 25 100 7 7 0
 10.62002738314776 201 116 0 33 39 100 7 7 0
 10.47740043227224 201 201 0 3 19 100 7 7 0
 10.31118948127364 201 201 0 24 33 100 7 7 0
 10.33230182020342 201 201 1 14 50 93 53 46 21
 10.14072108706848 201 201 1 24 14 100 43 43 1
 9.996594669172477 31 28 0 11 14 100 7 7 0
 10.37589111163641 21 20 0 21 14 100 7 7 0
 10.48773997118457 25 23 0 21 28 100 7 7 0
 10.34564724659984 24 24 0 16 17 100 7 7 0
 9.756127665938338 36 30 0 10 28 100 7 7 0
 9.349491418040984 29 25 0 24 25 100 7 7 0
 9.562391042658044 45 38 0 31 28 100 7 7 0
 9.17206644717251 201 201 0 37 8 100 7 7 0
 8.940441207007311 201 201 0 29 14 100 7 7 0
 8.854885085572787 89 68 0 24 8 100 7 7 0
 8.812927155530666 45 35 0 34 28 100 7 7 0
 8.586528485250907 38 27 0 29 19 100 7 7 0
 8.508359281384298 19 13 0 26 22 100 7 7 0
 8.36442732021343 19 14 0 20 3 100 7 7 0
 8.361386237338499 22 17 0 19 11 100 7 7 0
 8.334161260122766 19 15 0 6 6 100 7 7 0
 8.225460777385827 18 14 0 39 33 100 7 7 0
 8.172613736281729 19 14 0 1 0 100 7 7 0
 8.111079913174081 19 14 0 17 8 100 7 7 0
 8.220886927883196 19 14 0 24 19 100 7 7 0
 8.025276840916627 17 14 0 30 17 100 7 7 0
 7.865695150623117 17 13 0 16 3 100 7 7 0
 7.697083530630582 21 15 0 33 17 100 7 7 0
 7.488148588329262 17 11 0 17 17 100 7 7 0
 7.837258322285727 38 29 0 46 17 100 7 7 0
 7.353734373046605 17 13 0 20 8 100 7 7 0
 7.530723888712586 25 20 0 53 36 100 7 7 0
 7.222781652708753 37 26 0 24 25 100 7 7 0
 7.083272056448835 40 31 0 57 44 100 7 7 0
 7.346807338244449 67 42 0 17 25 100 7 7 0
 7.049886777766114 99 64 0 20 3 100 7 7 0
 7.105526481400302 201 191 0 31 42 100 7 7 0
 7.028398533004466 106 79 0 37 14 100 7 7 0
 8.4091724996232 44 32 0 21 17 100 7 7 0
 7.030994558493774 39 32 0 30 53 100 7 7 0
 7.146855740846717 28 22 0 31 22 100 7 7 0
 8.029220178247275 21 0 0 0 0 0 0 0 0


# name: timeElapsed
# type: scalar
2413.838051080704


# name: evaluation
# type: matrix
# rows: 1
# columns: 3
 0.9166666666666666 1 0.855072463768116


# name: contractionConstant
# type: scalar
0.9


# name: minStateDiff
# type: scalar
1e-08


# name: minErrorAccDiff
# type: scalar
1e-08


