# Created by Octave 3.6.2, Wed May 15 05:49:37 2013 CEST <alex@desktop>
# name: trainStats
# type: matrix
# rows: 51
# columns: 10
 10.83801004499602 9 6 0 0 0 100 7 7 0
 11.06599454195771 31 26 0 54 61 100 7 7 0
 10.80186160693768 201 201 0 30 28 100 7 7 0
 10.84161640148038 16 10 0 31 36 100 7 7 0
 10.91023611693231 17 11 0 16 56 100 7 7 0
 10.84616225536747 17 9 0 34 22 100 7 7 0
 10.81296163284978 17 11 0 41 33 100 7 7 0
 10.79782601357423 13 9 0 14 25 100 7 7 0
 10.87049175482693 15 11 0 1 33 100 7 7 0
 10.95554854837017 14 10 0 31 19 100 7 7 0
 10.76043307705583 17 13 1 26 25 100 59 59 0
 10.30703027693122 20 16 1 23 14 74 77 51 932
 9.995521765120051 23 18 1 11 0 74 69 43 18
 10.0768413858485 30 26 1 30 36 84 57 41 4905
 10.12148550060545 82 71 1 24 17 54 90 44 656
 10.01494375765493 201 168 1 16 14 54 97 51 1585
 9.976715562945765 201 201 1 13 17 63 99 61 1040
 10.04923885689499 201 201 1 43 11 100 53 53 0
 9.878470639893807 201 201 1 30 36 84 63 47 557
 9.878645461263734 201 201 1 17 39 64 99 63 2176
 9.892066187516946 201 201 1 36 17 94 57 51 34
 9.89770351569473 201 201 1 23 36 93 77 70 64
 9.790685966560973 201 151 1 23 14 76 100 76 224
 9.982471666100912 42 22 1 34 64 86 63 49 13
 12.72416662017482 201 201 1 29 33 77 64 41 98
 13.66932492662905 201 113 1 33 6 49 90 39 177
 13.57648457572071 201 201 1 14 3 77 66 43 77
 12.85151758579477 201 201 1 29 11 63 89 51 148
 11.74812417623311 77 90 1 9 11 56 93 49 186
 11.2891798493219 96 107 1 11 6 60 86 46 156
 10.64902541828855 72 51 1 16 11 56 84 40 103
 10.2710668232885 167 82 1 7 25 56 90 46 4243
 10.16537644997838 144 108 1 20 17 56 97 53 267
 9.969248065343121 74 27 1 33 8 89 57 46 35
 10.28646441065618 49 40 1 21 36 87 70 57 761
 10.05769856434296 25 16 0 17 11 100 7 7 0
 9.938372756934919 22 14 0 6 6 100 7 7 0
 9.924832827048871 16 11 0 59 89 100 7 7 0
 10.47885098401098 93 46 1 6 6 80 66 46 30
 11.51625239330853 36 27 1 24 39 74 74 49 786
 12.65563806503705 89 176 1 17 14 67 90 57 300
 11.86887456132054 37 28 1 7 14 61 94 56 861
 12.20171870862235 28 22 1 7 6 54 99 53 4020
 11.53397296078525 20 15 1 23 8 71 86 57 849
 11.41588045800632 20 14 1 11 8 66 84 50 332
 11.23164829831472 20 15 1 10 14 67 76 43 724
 11.05464306264665 21 15 1 6 17 71 77 49 177
 10.52213860573911 24 18 1 41 17 64 79 43 156
 10.24981513832774 24 19 1 14 17 56 91 47 1820
 10.02727433843558 25 19 1 7 11 59 96 54 213
 9.881346200879983 28 0 0 0 0 0 0 0 0


# name: timeElapsed
# type: scalar
2556.404646873474


# name: evaluation
# type: matrix
# rows: 1
# columns: 3
 0.65 0.7142857142857143 0.6521739130434783


# name: contractionConstant
# type: scalar
0.6


# name: minStateDiff
# type: scalar
1e-07


# name: minErrorAccDiff
# type: scalar
1e-07


