# Created by Octave 3.6.2, Wed May 15 00:38:09 2013 CEST <alex@desktop>
# name: trainStats
# type: matrix
# rows: 51
# columns: 10
 10.838010044995 11 7 0 0 0 100 7 7 0
 11.06599454208586 37 30 0 54 61 100 7 7 0
 10.85168002061562 201 201 0 20 28 100 7 7 0
 10.84703946793092 201 42 0 49 53 100 7 7 0
 10.84915284931068 201 201 0 23 36 100 7 7 0
 10.79247002661819 157 111 0 33 11 100 7 7 0
 10.81309218542572 87 67 0 6 56 100 7 7 0
 10.86288199067242 69 52 0 43 42 100 7 7 0
 10.80222222140184 95 67 0 16 44 100 7 7 0
 10.82483438313458 201 201 0 14 39 100 7 7 0
 10.84596095213275 201 201 0 6 17 100 7 7 0
 10.87025631525115 201 201 0 47 8 100 7 7 0
 10.93494312832493 201 201 0 20 42 100 7 7 0
 10.94604803903111 201 30 0 20 25 100 7 7 0
 10.89726399841867 201 10 0 43 22 100 7 7 0
 10.83254637783974 201 18 0 17 22 100 7 7 0
 10.81395928679153 201 46 0 43 17 100 7 7 0
 10.83104187739567 201 51 0 34 67 100 7 7 0
 10.77807117062251 201 30 0 31 8 100 7 7 0
 10.79670276312276 201 42 0 30 44 100 7 7 0
 10.75702863854472 201 23 0 16 25 100 7 7 0
 10.72541647819776 201 15 0 9 3 100 7 7 0
 10.74976215969243 201 14 0 37 11 100 7 7 0
 10.86605681248718 201 16 0 11 72 100 7 7 0
 10.73771192090095 201 21 0 13 8 100 7 7 0
 10.79099536404338 201 201 0 40 3 100 7 7 0
 10.82843440536862 201 97 0 14 0 100 7 7 0
 10.80643372047305 201 110 0 33 42 100 7 7 0
 10.71510687411718 201 114 0 27 6 100 7 7 0
 10.63525923553697 201 132 0 34 6 100 7 7 0
 10.5497303293447 201 131 0 37 3 100 7 7 0
 10.49633470115667 201 76 0 21 11 100 7 7 0
 10.3341263306082 201 74 0 19 11 100 7 7 0
 10.19892849343904 201 97 0 30 6 100 7 7 0
 9.841352904880452 201 87 0 26 19 100 7 7 0
 9.977842599014455 201 115 0 33 8 100 7 7 0
 9.732268242961883 201 64 0 40 17 100 7 7 0
 9.435124881353456 201 66 0 30 11 100 7 7 0
 9.272967497358334 201 65 0 33 14 100 7 7 0
 9.827907172991285 201 69 0 16 6 100 7 7 0
 9.617951188348176 201 82 0 17 8 100 7 7 0
 9.334250863258386 201 99 0 24 44 100 7 7 0
 9.083170466419659 201 92 0 24 6 100 7 7 0
 9.497671701202647 201 100 0 26 25 100 7 7 0
 9.346253590936453 201 64 0 29 19 100 7 7 0
 9.399403632947664 201 85 0 21 19 100 7 7 0
 9.321636307464676 201 87 0 30 25 100 7 7 0
 9.5365990538447 201 60 0 21 14 100 7 7 0
 9.102702194086559 201 98 0 27 33 100 7 7 0
 9.673822187774915 201 146 0 43 8 100 7 7 0
 8.870473839585246 201 0 0 0 0 0 0 0 0


# name: timeElapsed
# type: scalar
6021.902805089951


# name: evaluation
# type: matrix
# rows: 1
# columns: 3
 0.7083333333333334 0.7931034482758621 0.6666666666666666


# name: contractionConstant
# type: scalar
1.2


# name: minStateDiff
# type: scalar
1e-08


# name: minErrorAccDiff
# type: scalar
1e-08


