# Created by Octave 3.6.2, Wed May 15 04:03:12 2013 CEST <alex@desktop>
# name: trainStats
# type: matrix
# rows: 51
# columns: 10
 10.83801004499448 10 6 0 0 0 100 7 7 0
 11.065994542833 33 26 0 54 61 100 7 7 0
 10.77836218160799 201 201 0 27 22 100 7 7 0
 10.85806095420704 201 23 0 27 50 100 7 7 0
 10.86107268531875 201 10 0 26 33 100 7 7 0
 10.82496923285864 201 36 0 19 56 100 7 7 0
 10.86535634657971 201 201 1 40 17 89 71 60 32171
 10.87944430286287 201 9 0 33 58 100 7 7 0
 10.88557753110581 201 201 1 29 6 61 97 59 3608
 10.8679872837167 201 22 0 27 36 100 7 7 0
 10.85640418558034 201 38 1 30 8 91 70 61 59
 10.74097102886495 201 201 1 16 0 97 53 50 0
 10.5301483770756 105 80 1 14 17 100 54 54 0
 10.30082927039382 57 43 1 13 14 99 37 36 6
 10.13962615459494 29 24 1 19 19 97 50 47 37
 10.05486121867318 29 23 1 10 36 100 61 61 47
 9.93368940954689 31 24 1 39 8 81 64 46 88
 9.783524713196663 27 21 1 7 22 77 77 54 46
 9.727098625748456 28 21 1 21 22 77 73 50 20
 9.72858597524341 29 24 1 14 42 80 81 61 28
 9.575001987220453 30 20 1 10 17 64 89 53 85
 9.45808869171694 33 22 1 9 11 64 89 53 15003
 9.947865077915065 201 37 1 21 28 77 87 64 24
 10.32250707023626 201 64 1 37 53 74 84 59 40
 10.22258441494802 201 111 1 19 6 63 81 44 267
 10.54326582577153 201 55 1 30 39 67 84 51 222
 10.372535689993 201 46 1 26 8 80 74 54 137
 9.70395588651612 201 69 1 13 39 60 87 47 190
 9.584003383159784 201 143 1 9 17 64 90 54 660
 9.399482922558962 201 158 1 11 14 60 93 53 1494
 9.598836138487981 62 54 1 13 8 69 90 59 49
 9.878159686978131 156 85 1 13 6 64 93 57 337
 9.996212626896058 57 48 1 21 11 70 91 61 53
 9.858799193159321 67 50 1 19 33 59 96 54 235
 9.917789152351519 68 54 1 21 8 50 99 49 1989
 9.828421908318727 38 32 1 14 14 54 96 50 590
 9.751915468860654 145 201 1 20 17 59 100 59 1033
 9.924340359570206 27 19 1 16 44 59 97 56 1370
 9.760945179697824 55 49 1 26 17 66 99 64 686
 10.17386423281165 47 65 1 27 61 66 87 53 2670
 10.16523959492756 201 201 1 23 14 66 84 50 296
 10.14516999275553 73 70 1 13 19 44 97 41 867
 10.02102169187042 201 201 1 19 6 81 74 56 137
 10.06093121816078 201 201 1 34 14 86 70 56 266
 9.938391921641214 201 97 1 13 17 50 100 50 7693088
 9.948102031238907 201 201 1 31 3 86 64 50 171
 9.815805002678394 201 201 1 10 8 41 97 39 2523
 9.783116444148162 201 95 1 17 22 57 93 50 1098
 9.66742955071107 201 117 1 19 14 51 87 39 319
 9.947055755270064 201 201 1 21 17 53 91 44 2080
 10.05174287963284 116 0 0 0 0 0 0 0 0


# name: timeElapsed
# type: scalar
3854.487008094788


# name: evaluation
# type: matrix
# rows: 1
# columns: 3
 0.7083333333333334 0.6888888888888889 0.8985507246376812


# name: contractionConstant
# type: scalar
0.9


# name: minStateDiff
# type: scalar
1e-07


# name: minErrorAccDiff
# type: scalar
1e-07


