# Created by Octave 3.6.2, Wed May 15 02:18:43 2013 CEST <alex@desktop>
# name: trainStats
# type: matrix
# rows: 51
# columns: 10
 10.83801004499492 10 6 0 0 0 100 7 7 0
 11.06599454185207 33 26 0 54 61 100 7 7 0
 10.85581818341979 201 201 0 19 28 100 7 7 0
 10.83125545265536 201 8 0 47 28 100 7 7 0
 10.8680705344252 201 13 0 16 42 100 7 7 0
 10.96617953620508 201 6 0 43 42 100 7 7 0
 10.82358089384465 201 7 0 19 25 100 7 7 0
 10.86993772290772 201 6 0 36 42 100 7 7 0
 10.82367286442557 201 5 0 11 22 100 7 7 0
 10.8424562059678 201 31 0 24 53 100 7 7 0
 10.82010981678463 201 154 1 21 28 84 69 53 368
 10.81393200487461 201 6 1 29 33 59 94 53 863
 10.79154119475232 201 35 1 20 17 57 99 56 16237
 10.75431170257171 201 4 0 34 0 100 7 7 0
 10.81105803152405 201 32 1 21 47 57 100 57 16790
 10.85346190280828 201 25 1 9 33 60 94 54 2501
 10.78484755448088 201 17 1 14 6 61 97 59 5075
 10.77712451677867 201 14 1 20 11 67 90 57 1778
 10.80110377392887 201 15 1 27 50 64 96 60 50702
 10.78310420657895 201 5 0 37 11 100 7 7 0
 10.79734653723789 201 16 1 24 36 63 96 59 7264
 10.77225846550931 201 21 1 7 3 53 100 53 4305
 10.7830603039324 201 15 0 41 25 100 7 7 0
 10.73922921152612 201 16 0 21 8 100 7 7 0
 10.78686729043158 201 3 0 41 47 100 7 7 0
 10.85255666686682 201 60 1 31 36 53 94 47 36190
 10.79075154470232 201 19 0 34 36 100 7 7 0
 10.77997979648174 201 9 0 23 28 100 7 7 0
 10.8257032399786 201 17 1 31 56 77 80 57 3351
 10.79912980416778 201 13 1 19 31 60 96 56 13414
 10.7817413920127 201 15 0 31 50 100 7 7 0
 10.72739896957204 201 11 1 14 17 63 90 53 98129
 10.81831352033973 201 3 0 46 44 100 7 7 0
 10.81053000122293 201 12 0 9 25 100 7 7 0
 10.7779109782313 201 9 0 44 44 100 7 7 0
 10.78001322604686 201 10 0 17 3 100 7 7 0
 10.79308106541552 201 11 0 34 6 100 7 7 0
 10.74213077878833 201 12 0 50 39 100 7 7 0
 10.81840622364251 201 31 0 27 11 100 7 7 0
 10.73549243546448 201 11 0 41 28 100 7 7 0
 10.78267228579181 201 13 0 34 0 100 7 7 0
 10.8123874281918 201 33 0 16 42 100 7 7 0
 10.75919837808477 201 11 0 19 22 100 7 7 0
 10.79473874950791 201 12 0 54 33 100 7 7 0
 10.7792741075611 201 11 0 17 22 100 7 7 0
 10.78761725892876 201 19 0 23 17 100 7 7 0
 10.7728624574753 201 8 0 39 44 100 7 7 0
 10.7550841369837 201 19 0 30 3 100 7 7 0
 10.73816105353791 201 11 0 23 67 100 7 7 0
 10.78677073063254 201 13 0 41 0 100 7 7 0
 10.75073017945544 201 0 0 0 0 0 0 0 0


# name: timeElapsed
# type: scalar
6034.568871974945


# name: evaluation
# type: matrix
# rows: 1
# columns: 3
 0.575 0.575 1


# name: contractionConstant
# type: scalar
1.2


# name: minStateDiff
# type: scalar
1e-07


# name: minErrorAccDiff
# type: scalar
1e-07


