# Created by Octave 3.6.2, Wed May 15 05:07:01 2013 CEST <alex@desktop>
# name: trainStats
# type: matrix
# rows: 51
# columns: 10
 10.83801004499502 11 7 0 0 0 100 7 7 0
 11.06599454213331 37 30 0 54 61 100 7 7 0
 10.87979179340336 201 201 0 24 25 100 7 7 0
 10.79198657898473 90 66 0 37 33 100 7 7 0
 10.91178502654274 201 201 1 23 42 70 80 50 399
 10.75277146314512 65 42 1 21 42 77 80 57 68
 10.81596007802567 34 25 0 31 33 100 7 7 0
 10.86814085137528 29 23 0 29 19 100 7 7 0
 10.88604570327935 21 15 1 19 28 87 64 51 7
 10.8470324183884 27 19 1 36 53 60 94 54 460
 10.89819189747328 45 35 1 1 11 67 93 60 997
 10.90615547831748 86 67 1 26 28 53 96 49 45571
 10.84394691086748 111 86 1 7 3 59 91 50 130558
 10.75050575684335 184 147 1 19 11 46 93 39 21471
 10.67117014173572 201 201 1 19 44 50 94 44 5403
 10.64220662092504 201 201 1 46 6 97 47 44 143
 10.79597086814456 31 26 1 30 39 67 90 57 91
 10.68563536508514 201 201 1 17 36 59 94 53 409150
 10.66517567569766 201 201 1 17 14 53 94 47 2332963
 10.66972491198144 201 201 1 21 31 86 67 53 4032
 10.44871786485998 201 201 1 24 42 76 60 36 176
 10.82443385383903 201 201 1 24 42 86 64 50 59
 10.93260078000377 201 84 1 31 6 63 93 56 139
 10.96739975546989 201 33 1 19 14 84 74 59 17
 10.85146276255304 30 21 0 26 3 100 7 7 0
 10.79567830425172 26 17 0 26 36 100 7 7 0
 10.79681936493528 36 26 0 1 44 100 7 7 0
 10.8017081547158 48 34 0 17 36 100 7 7 0
 10.79059930415424 51 38 0 0 17 100 7 7 0
 10.78636871931779 53 38 0 3 3 100 7 7 0
 10.78900973237031 32 22 0 24 36 100 7 7 0
 10.787798466223 21 18 0 16 50 100 7 7 0
 11.00225667512794 201 201 1 39 39 100 47 47 0
 10.85274728719266 201 201 1 33 19 79 63 41 132
 10.7683328099014 34 27 0 21 72 100 7 7 0
 10.91223738598593 201 201 0 31 19 100 7 7 0
 11.23644314552722 201 201 0 17 19 100 7 7 0
 11.31573553087565 201 201 0 23 0 100 7 7 0
 11.41116809859267 201 201 0 40 3 100 7 7 0
 11.75470234342483 201 201 0 40 19 100 7 7 0
 11.70434496895295 201 201 0 19 14 100 7 7 0
 11.85158216191825 201 201 0 37 0 100 7 7 0
 11.62497904971752 201 201 0 30 14 100 7 7 0
 11.5783707933608 201 201 0 27 0 100 7 7 0
 11.43444093955539 201 201 0 19 14 100 7 7 0
 11.37479513434125 127 125 0 9 6 100 7 7 0
 11.34662444564583 156 153 0 1 0 100 7 7 0
 11.2902961675916 201 201 1 29 22 99 39 37 12
 11.18603062145392 201 201 1 43 19 94 64 59 354
 11.10158604283205 201 201 1 37 6 93 40 33 364
 11.01998821577266 201 0 0 0 0 0 0 0 0


# name: timeElapsed
# type: scalar
3828.734400987625


# name: evaluation
# type: matrix
# rows: 1
# columns: 3
 0.5416666666666666 0.5897435897435898 0.6666666666666666


# name: contractionConstant
# type: scalar
0.6


# name: minStateDiff
# type: scalar
1e-08


# name: minErrorAccDiff
# type: scalar
1e-08


