# Created by Octave 3.6.4, Mon Jan 06 14:10:33 2014 CET <alex@vostro-1520>
# name: res
# type: matrix
# rows: 2
# columns: 100
 0.001840967668050593 0.002004552751829817 0.001670286638308043 0.001746886187808402 0.001761271125052672 0.001623161120692481 0.002240534813250095 0.001864768440278852 0.001952093275685078 0.002155353284375088 0.002327099990790078 0.001945321184864411 0.001797740698617611 0.002220368042489556 0.001815435883296151 0.001994310829752906 0.00166859569920907 0.002301901209646997 0.002131158101363965 0.001864117452247462 0.001920678339301786 0.001770542505452753 0.001893519972957293 0.001642040629960275 0.002199470152369297 0.002157886992025781 0.001795481796276058 0.001596316447265255 0.002155404290441265 0.001685037195083966 0.001571456677023055 0.001929685082230902 0.001616347120216426 0.001669503278991694 0.00177020383534398 0.002113358531899733 0.001660526097634045 0.00153369428365078 0.001953800414106354 0.001684312392616237 0.001915977162984884 0.001795479641273983 0.001605416526342522 0.002351827872048728 0.001830110766009012 0.002088580886397071 0.00159092515466738 0.001659926031998681 0.001782916859875158 0.002378851075539284 0.001697674135135017 0.002135429918571877 0.001706349850294677 0.001701662072741252 0.001689873125362486 0.00155061692062258 0.001898520632818608 0.002084648663098116 0.001805612151234628 0.001825598257193884 0.001634526230946666 0.00171500719626039 0.002124238534524308 0.002010966623311552 0.002128488544236785 0.002145804777768328 0.0022595121463752 0.001731606258631343 0.001760990040363386 0.001605468708267045 0.001875557045196787 0.00176414783904965 0.001602268208978519 0.001649381591992952 0.001628988934945826 0.002146021396553459 0.00156907083939844 0.002040610510851245 0.001912696663802176 0.001710005412850108 0.001743089686924504 0.001813151042579142 0.001787768030264742 0.001797575213991741 0.001749112452807663 0.002075668576719153 0.001837983502387962 0.001588139686485088 0.001797094166448512 0.002047324130963542 0.002443668224368056 0.00196053793313283 0.001989691017657118 0.001817286867167573 0.001940211056371421 0.001675666086030962 0.001867490306625258 0.002087956734254106 0.001895030075800763 0.002070849671498143
 0.001773140643004348 0.001683810445218561 0.001486200643872338 0.001465385804787211 0.001416058833392963 0.001408832006385392 0.001435104217842232 0.00189980016954539 0.0015489945206731 0.001437837841595164 0.001433846832592288 0.001509393231680992 0.001428066322177857 0.001454823008253601 0.00143483240039371 0.001478539221965079 0.001755131699755447 0.001444407099831158 0.001553656494834355 0.001521748932380484 0.001975669523307798 0.001428585222033975 0.001442795537394211 0.001471900178641301 0.001443174043346535 0.00152764313029337 0.001463166450116969 0.001460093837785769 0.00149277721359987 0.001493665208862471 0.001458064712817223 0.00148371522681312 0.001472005237725155 0.001465993830205323 0.001518208052191098 0.00145132022184717 0.001430491011925347 0.001501805979958048 0.00151914681574202 0.001425669171862576 0.001650630889032499 0.001438692981715629 0.001560711987012497 0.001590427805780771 0.001574260866660768 0.001445334927868726 0.001452163118952744 0.001490398633311813 0.001436181459417592 0.001466633334007983 0.001448685658814041 0.001455567416365158 0.001459294744690718 0.001545213286149329 0.00147097505708082 0.001463452494000808 0.00158690647457732 0.001526240762824601 0.001505194689458191 0.001471427401624326 0.001527952996548813 0.001431966247560427 0.001470452626686612 0.001503708916005389 0.001460213956110627 0.001483407603486099 0.001599509042239174 0.001421390280126145 0.001450574347965106 0.001829018130282564 0.001450267238330936 0.001515042977637647 0.001451390143954325 0.001484190735105072 0.001524761339622021 0.001474372886828487 0.001833391290936672 0.001414207538847376 0.00155573102860972 0.001454369634974793 0.00159518240292824 0.001478664615682969 0.001679635755780834 0.001624857435391583 0.001449831306961991 0.001479368324964348 0.001439731697349652 0.001516006304619801 0.001498206536348751 0.001486853386050948 0.00147013625050559 0.00163997595077792 0.001581166355483257 0.001504165635903564 0.001460984283156638 0.00153394533578306 0.001454703278764323 0.001690190798370089 0.00141599313042402 0.001624298625480217


