# Created by Octave 3.6.2, Mon May 20 18:28:56 2013 CEST <alex@desktop>
# name: packedTrainedGnn
# type: scalar struct
# ndims: 2
 1 1
# length: 14
# name: transitionNet
# type: scalar struct
# ndims: 2
 1 1
# length: 15
# name: weights1
# type: matrix
# rows: 5
# columns: 7
 1.647682775914383 0.109257272938871 -0.04845254894496764 -0.08800401256746068 -0.08897778432665318 -0.4857980924223609 0.7487449469544047
 -0.244289953572168 -0.004348752474059234 0.09538159251615017 -0.04172411229412967 0.03384517999507496 0.05499922246198453 -0.763002549874248
 0.5537037831192169 -0.01370451942231508 0.08454596320748098 -0.03698078495009708 0.1961988489078448 0.002026315891932534 -0.5342348395564687
 0.5606608855551445 -0.04925012599214824 0.1247807240614542 0.08644091590583561 -0.05113340744928335 0.3080533667273697 -0.2529866853802063
 0.1880587011987384 0.1269949019428834 0.1119036277624738 0.1070417603175638 -0.006153753876167553 0.07544748250820563 -0.4837264071951847


# name: bias1
# type: matrix
# rows: 5
# columns: 1
 0.1872441508523568
 -0.2671727643004623
 -0.1668400227311955
 -0.3414806718327643
 -0.02509193755877259


# name: weights2
# type: matrix
# rows: 5
# columns: 5
 0.1411158114426176 0.270635311949412 1.786488347311198 0.2852194845744336 0.0807699229350952
 -0.1242523919106125 0.1951720968221804 0.165857182230715 0.3740988128966982 0.3231971885302879
 -0.2530140670770005 0.5399400296609405 0.6462809613516316 0.1955887505198496 0.1211266332745291
 -0.1567753906929366 0.2635425767726146 0.01628142637754538 -0.201782621635817 0.01888246851795126
 -0.2666903145271046 0.3020023817778688 -0.1271865556063226 0.2294832723753744 0.1333169921314191


# name: bias2
# type: matrix
# rows: 5
# columns: 1
 -0.4214166144044829
 -0.6220128254726145
 -0.4473848564354553
 -0.1502205375068768
 -0.2010534364762594


# name: nInputLines
# type: scalar
7


# name: nHiddenNeurons
# type: scalar
5


# name: nOutputNeurons
# type: scalar
5


# name: nWeights
# type: scalar
70


# name: outputFun
# type: sq_string
# elements: 1
# length: 6
tansig


# name: activation1
# type: matrix
# rows: 0
# columns: 0


# name: activationderivative1
# type: matrix
# rows: 0
# columns: 0


# name: activation2ndderivative1
# type: matrix
# rows: 0
# columns: 0


# name: activation2
# type: matrix
# rows: 0
# columns: 0


# name: activationderivative2
# type: matrix
# rows: 0
# columns: 0


# name: activation2ndderivative2
# type: matrix
# rows: 0
# columns: 0




# name: outputNet
# type: scalar struct
# ndims: 2
 1 1
# length: 15
# name: weights1
# type: matrix
# rows: 5
# columns: 5
 -0.4033937491405899 0.8662012807821911 -0.2270101602086295 -0.2638197599783818 -0.1916300862523637
 -0.01590822531057649 0.1924400919120792 0.1531921029377485 0.2185269584355581 -0.3497468992650526
 0.02286803469798379 -0.202306657246633 -0.1491022020541739 -0.2070248585377844 0.336665078570696
 -0.02443868971632324 0.1912610537648086 0.170926204241638 0.2204218084283436 -0.3536056118918322
 -0.02739932236575374 0.2061433142704955 0.1674290825919649 0.2069260641425687 -0.395640312639094


# name: bias1
# type: matrix
# rows: 5
# columns: 1
 1.522679028893412
 0.2058387100138533
 -0.200766118283237
 0.227934062521184
 0.1619173592240854


# name: weights2
# type: matrix
# rows: 1
# columns: 5
 -0.9186718991288683 -0.519462393428501 0.6736004594113253 -0.5907407831610203 0.005740022691449187


# name: bias2
# type: scalar
-0.1427852201031614


# name: nInputLines
# type: scalar
5


# name: nHiddenNeurons
# type: scalar
5


# name: nOutputNeurons
# type: scalar
1


# name: nWeights
# type: scalar
36


# name: outputFun
# type: sq_string
# elements: 1
# length: 7
purelin


# name: activation1
# type: matrix
# rows: 0
# columns: 0


# name: activationderivative1
# type: matrix
# rows: 0
# columns: 0


# name: activation2ndderivative1
# type: matrix
# rows: 0
# columns: 0


# name: activation2
# type: matrix
# rows: 0
# columns: 0


# name: activationderivative2
# type: matrix
# rows: 0
# columns: 0


# name: activation2ndderivative2
# type: matrix
# rows: 0
# columns: 0




# name: maxIndegree
# type: scalar
11


# name: stateSize
# type: scalar
5


# name: nodeLabelSize
# type: scalar
1


# name: edgeLabelSize
# type: scalar
1


# name: minStateDiff
# type: scalar
1e-08


# name: minErrorAccDiff
# type: scalar
1e-08


# name: contractionConstant
# type: scalar
0.9


# name: nWeights
# type: scalar
106


# name: nodeLabelMeans
# type: scalar
4.339409773054097


# name: nodeLabelStds
# type: scalar
2.938918403266401


# name: edgeLabelMeans
# type: scalar
0


# name: edgeLabelStds
# type: scalar
1




# name: trainStats
# type: matrix
# rows: 51
# columns: 10
 33.70339206934817 12 8 0 0 0 100 7 7 0
 32.65601334744779 15 11 0 34 50 100 7 7 0
 34.78958670278814 14 12 0 49 33 100 7 7 0
 32.06121340601015 16 13 0 36 31 100 7 7 0
 29.63103183894021 17 17 0 31 11 100 7 7 0
 28.06845968891726 79 64 0 13 3 100 7 7 0
 27.07728117422337 201 201 0 23 44 100 7 7 0
 38.85953033876789 201 201 1 47 31 99 54 53 0
 35.20222095742206 201 95 0 20 22 100 7 7 0
 30.68803273744585 201 63 0 30 72 100 7 7 0
 29.8319740030802 201 117 0 31 11 100 7 7 0
 26.85936592887294 201 201 0 9 61 100 7 7 0
 25.92584824639647 201 201 0 54 28 100 7 7 0
 25.35897362619945 201 201 0 7 25 100 7 7 0
 24.93300451067878 201 201 0 66 14 100 7 7 0
 24.73230116347662 201 201 0 13 17 100 7 7 0
 23.1711174068144 201 201 0 51 8 100 7 7 0
 24.08859441014287 201 201 0 20 56 100 7 7 0
 23.13059921959048 201 201 0 61 17 100 7 7 0
 22.79498225738541 201 201 0 16 31 100 7 7 0
 22.13075672153668 201 201 0 33 17 100 7 7 0
 22.2481339740559 201 201 0 13 33 100 7 7 0
 22.27285421594258 201 201 0 26 25 100 7 7 0
 22.56112183091205 201 201 0 44 31 100 7 7 0
 22.3039051717 201 201 0 3 31 100 7 7 0
 22.13474548682116 201 128 0 4 11 100 7 7 0
 21.85714507809953 201 201 0 7 36 100 7 7 0
 21.282355408115 201 100 0 10 31 100 7 7 0
 21.69454749477927 201 201 0 0 8 100 7 7 0
 21.72176039329179 201 201 0 7 0 100 7 7 0
 21.9501105537019 201 201 0 7 25 100 7 7 0
 23.88996929251091 201 201 0 6 44 100 7 7 0
 22.90700312469582 201 201 0 1 0 100 7 7 0
 21.98675989466951 148 130 0 81 86 100 7 7 0
 22.95072008538514 201 201 0 1 0 100 7 7 0
 21.84948301699039 201 201 0 7 14 100 7 7 0
 21.83230416462066 90 93 0 76 72 100 7 7 0
 21.85828466374193 184 201 0 3 3 100 7 7 0
 21.60226749899314 103 115 0 64 44 100 7 7 0
 21.45707226264813 87 98 0 11 17 100 7 7 0
 21.45993801172132 96 119 0 59 33 100 7 7 0
 21.2944725785525 58 85 0 11 14 100 7 7 0
 21.85195679481721 63 87 0 3 42 100 7 7 0
 21.28126512083435 61 79 0 0 3 100 7 7 0
 21.13946706924122 56 75 0 1 33 100 7 7 0
 21.03547389326923 53 76 0 0 0 100 7 7 0
 20.88899307222099 54 77 0 4 17 100 7 7 0
 20.85134561328439 70 103 0 0 28 100 7 7 0
 20.80531042152175 71 115 0 1 14 100 7 7 0
 20.76952681986308 79 127 0 3 14 100 7 7 0
 20.7913705528223 68 0 0 0 0 0 0 0 0


# name: timeElapsed
# type: scalar
46335.29252815247


# name: currTrainEval
# type: matrix
# rows: 1
# columns: 3
 0.89375 0.8637110016420362 0.9359430604982206


# name: currTestEval
# type: matrix
# rows: 1
# columns: 3
 0.8571428571428571 0.8012048192771084 0.95


# name: nIterations
# type: scalar
50


