# Created by Octave 3.6.2, Tue May 21 23:56:38 2013 CEST <alex@desktop>
# name: packedTrainedGnn
# type: scalar struct
# ndims: 2
 1 1
# length: 14
# name: transitionNet
# type: scalar struct
# ndims: 2
 1 1
# length: 15
# name: weights1
# type: matrix
# rows: 5
# columns: 7
 0.9739129944499632 0.109257272938871 -0.02309809191388864 -0.1172567184594472 0.2045026465333603 -0.02147762598401633 0.02680735535298681
 -0.007156803310062975 -0.004348752474059234 0.1203677917350711 -0.1092291130752086 -0.1104693561102906 0.07594383341797879 -0.0005230961237557592
 0.9027655754420508 -0.01370451942231508 0.09308616909946739 -0.04894557905811062 0.1922379218767658 0.1208640249451913 0.1201574345940237
 0.008004691599087618 -0.04925012599214824 0.2369045278119466 0.2119034422572198 -0.534438451698791 0.02839570265020409 0.1382171075887146
 0.01182401078877285 0.02699490194288337 0.1619608336544603 0.02199044291894802 0.01746699909275341 0.2505046884001921 -0.1832166386446924


# name: bias1
# type: matrix
# rows: 5
# columns: 1
 0.2337279438212778
 -0.2224253572693833
 -0.02987522862318193
 -0.1196253777247507
 -0.2190554639101568


# name: weights2
# type: matrix
# rows: 5
# columns: 5
 -0.01616963551685563 0.3160805993989196 -0.06992270458157206 0.07131984711985176 0.1252330194634388
 -0.06742182445284924 0.2136505108993459 -0.1083344092484714 0.2207368054471906 0.160581298574231
 -0.2330566877039286 0.03448350658893183 -0.1704341885200249 0.05673679311429702 -0.0569336785974793
 -0.04459104691900607 0.2824768771778841 0.1031927407430868 0.06762748919700684 0.2428983045350817
 -0.2439358293692453 0.2419685638550344 -0.4156759895280857 -0.02171149507920747 0.107648178609656


# name: bias2
# type: matrix
# rows: 5
# columns: 1
 -0.153516976949901
 -0.06302712401803275
 -0.01905263322664176
 -0.1936595672534409
 -0.05857548156593073


# name: nInputLines
# type: scalar
7


# name: nHiddenNeurons
# type: scalar
5


# name: nOutputNeurons
# type: scalar
5


# name: nWeights
# type: scalar
70


# name: outputFun
# type: sq_string
# elements: 1
# length: 6
tansig


# name: activation1
# type: matrix
# rows: 0
# columns: 0


# name: activationderivative1
# type: matrix
# rows: 0
# columns: 0


# name: activation2ndderivative1
# type: matrix
# rows: 0
# columns: 0


# name: activation2
# type: matrix
# rows: 0
# columns: 0


# name: activationderivative2
# type: matrix
# rows: 0
# columns: 0


# name: activation2ndderivative2
# type: matrix
# rows: 0
# columns: 0




# name: outputNet
# type: scalar struct
# ndims: 2
 1 1
# length: 15
# name: weights1
# type: matrix
# rows: 5
# columns: 5
 -0.2159196047689187 -0.2266459323745539 0.3692254105144687 -0.04174183759057676 -0.1022736592807069
 -0.2041660032173055 -0.2247837000333115 -0.008011543624775281 -0.06691594105337453 -0.02752557143692405
 0.2185161230047127 0.1336579346987577 0.008758904508349886 0.08580835135114818 0.0174407507425674
 0.02368481237694778 0.0104185418194178 -0.04062449272088577 0.2165161889394109 -0.05444628406370358
 0.02153106885805424 0.02619180232510469 -0.03633924823636408 0.2228794372581515 -0.05465724047654933


# name: bias1
# type: matrix
# rows: 5
# columns: 1
 -0.6495002235979723
 -1.040316453434559
 1.045389045165175
 0.3120128693921316
 1.029863083614393


# name: weights2
# type: matrix
# rows: 1
# columns: 5
 1.380688673200089 0.1616570959296944 -0.1675870415232982 -0.2729447539075722 -0.2375399426120255


# name: bias2
# type: scalar
-0.326660241952669


# name: nInputLines
# type: scalar
5


# name: nHiddenNeurons
# type: scalar
5


# name: nOutputNeurons
# type: scalar
1


# name: nWeights
# type: scalar
36


# name: outputFun
# type: sq_string
# elements: 1
# length: 7
purelin


# name: activation1
# type: matrix
# rows: 0
# columns: 0


# name: activationderivative1
# type: matrix
# rows: 0
# columns: 0


# name: activation2ndderivative1
# type: matrix
# rows: 0
# columns: 0


# name: activation2
# type: matrix
# rows: 0
# columns: 0


# name: activationderivative2
# type: matrix
# rows: 0
# columns: 0


# name: activation2ndderivative2
# type: matrix
# rows: 0
# columns: 0




# name: maxIndegree
# type: scalar
11


# name: stateSize
# type: scalar
5


# name: nodeLabelSize
# type: scalar
1


# name: edgeLabelSize
# type: scalar
1


# name: minStateDiff
# type: scalar
1e-08


# name: minErrorAccDiff
# type: scalar
1e-08


# name: contractionConstant
# type: scalar
0.9


# name: nWeights
# type: scalar
106


# name: nodeLabelMeans
# type: scalar
4.383420111226849


# name: nodeLabelStds
# type: scalar
2.885950052234235


# name: edgeLabelMeans
# type: scalar
0


# name: edgeLabelStds
# type: scalar
1




# name: trainStats
# type: matrix
# rows: 51
# columns: 10
 33.70320580325056 12 8 0 0 0 100 7 7 0
 34.32887688993485 37 31 0 44 64 100 7 7 0
 32.1468228780754 15 11 0 39 28 100 7 7 0
 32.9368066310474 44 36 0 37 42 100 7 7 0
 30.64798288265704 27 21 0 19 36 100 7 7 0
 32.8283728336322 19 16 0 71 44 100 7 7 0
 29.63389713701265 18 14 0 19 25 100 7 7 0
 29.81008432220036 19 16 0 71 72 100 7 7 0
 29.29965890715361 18 14 0 17 17 100 7 7 0
 28.00053334167857 20 16 0 71 0 100 7 7 0
 26.81351970176414 18 15 0 0 14 100 7 7 0
 25.41167437253532 17 15 0 1 39 100 7 7 0
 24.54268613919876 16 14 0 86 19 100 7 7 0
 24.02394733994845 16 14 0 1 64 100 7 7 0
 22.62783152981978 15 14 0 79 14 100 7 7 0
 20.9276253243711 16 15 0 0 0 100 7 7 0
 19.76098396647003 19 17 0 17 0 100 7 7 0
 19.97511736869511 21 20 0 3 86 100 7 7 0
 20.91401168850917 24 22 0 70 14 100 7 7 0
 20.48462750280864 21 20 0 21 61 100 7 7 0
 20.19365627420087 23 21 0 71 25 100 7 7 0
 19.86196900486616 22 19 0 19 64 100 7 7 0
 19.9126011740931 22 20 0 64 25 100 7 7 0
 19.74485502490321 21 21 0 10 33 100 7 7 0
 19.70532308813073 24 22 0 13 8 100 7 7 0
 19.73794605704777 24 23 0 4 47 100 7 7 0
 19.73649092804229 26 24 0 21 36 100 7 7 0
 19.86061558694191 28 26 0 16 61 100 7 7 0
 19.80102781871576 30 28 0 0 3 100 7 7 0
 19.83301238255669 32 31 0 13 33 100 7 7 0
 19.86034085649398 35 33 0 7 17 100 7 7 0
 19.90828956417606 38 35 0 14 31 100 7 7 0
 19.93747950888965 43 38 0 0 0 100 7 7 0
 19.98221071355584 45 41 0 19 25 100 7 7 0
 19.90319191238155 45 44 0 11 33 100 7 7 0
 19.8745248829059 52 46 0 0 0 100 7 7 0
 19.87495607378417 53 47 0 9 6 100 7 7 0
 19.89115890305315 54 50 0 3 42 100 7 7 0
 19.9735336073643 50 47 0 16 6 100 7 7 0
 19.93418710840591 37 34 0 3 42 100 7 7 0
 20.04413005436838 31 31 0 16 8 100 7 7 0
 19.82529774880476 26 24 0 4 33 100 7 7 0
 19.88946641322207 25 21 0 40 33 100 7 7 0
 20.35292829290399 29 24 0 33 22 100 7 7 0
 20.73675673320245 34 32 0 0 14 100 7 7 0
 21.44429480060223 47 41 1 4 8 99 56 54 0
 22.24889267432874 60 50 1 0 6 99 56 54 1
 23.39674532499104 104 89 1 6 3 94 57 51 16
 25.02974116390922 201 166 1 7 0 84 66 50 74
 25.26307458855487 124 103 1 9 0 86 63 49 19
 26.50942439579228 129 0 0 0 0 0 0 0 0


# name: timeElapsed
# type: scalar
18178.62980294228


# name: currTrainEval
# type: matrix
# rows: 1
# columns: 3
 0.9241071428571429 0.8803827751196173 0.9822064056939501


# name: currTestEval
# type: matrix
# rows: 1
# columns: 3
 0.9357142857142857 0.8961038961038961 0.9857142857142858


# name: nIterations
# type: scalar
50


