# Created by Octave 3.6.2, Tue May 21 05:58:43 2013 CEST <alex@desktop>
# name: packedTrainedGnn
# type: scalar struct
# ndims: 2
 1 1
# length: 14
# name: transitionNet
# type: scalar struct
# ndims: 2
 1 1
# length: 15
# name: weights1
# type: matrix
# rows: 5
# columns: 7
 0.08768108097796341 0.481337272938871 0.06524565808611137 -0.08131296845944715 0.9123638389813601 0.1249523740159836 0.07357647535298681
 0.05711629416193695 1.303996335525941 0.1115201354850712 -0.1860455193252087 -0.3131452461102906 0.02558133341797878 -0.1144463461237558
 0.07339436904205121 -0.01370451942231508 0.3687859190994674 0.3818421709418893 0.2902966418767658 -0.1011244750548087 0.04017416419402371
 0.0994235715990876 -0.04925012599214824 0.1070585278119465 -0.1930871977427802 -0.251903334898791 -0.133031407349796 0.7408390307887146
 0.0987413975407728 0.02699490194288337 0.1546213468544602 -0.223117726531052 0.0004003590927534034 0.261915201600192 -0.2105748754446925


# name: bias1
# type: matrix
# rows: 5
# columns: 1
 0.1204539438212778
 -0.1769138572693833
 -0.04571897862318194
 -0.1325816277247507
 -0.2117159771101568


# name: weights2
# type: matrix
# rows: 5
# columns: 5
 0.06932211448314438 0.2660365193989195 0.1786268250184279 0.3938937671198517 0.03018893946343877
 -0.3677574308528491 -0.2534270155006541 -0.2795320792484714 -0.9062473505848091 0.109182298574231
 -0.1894201877039286 0.05178375658893181 -0.09159130852002489 0.02839304311429702 -0.0275149285974793
 -0.1756554669190061 0.269426877177884 -0.5049281292569131 -0.05890051080299317 -0.01162969546491824
 -0.07694799936924535 0.1249491938550343 -0.07756375912808586 -0.01600524507920749 0.06885442860965593


# name: bias2
# type: matrix
# rows: 5
# columns: 1
 -0.2291308969499011
 0.2291961559819673
 -0.01370888322664175
 -0.0514494872534409
 0.0794610184340693


# name: nInputLines
# type: scalar
7


# name: nHiddenNeurons
# type: scalar
5


# name: nOutputNeurons
# type: scalar
5


# name: nWeights
# type: scalar
70


# name: outputFun
# type: sq_string
# elements: 1
# length: 6
tansig


# name: activation1
# type: matrix
# rows: 0
# columns: 0


# name: activationderivative1
# type: matrix
# rows: 0
# columns: 0


# name: activation2ndderivative1
# type: matrix
# rows: 0
# columns: 0


# name: activation2
# type: matrix
# rows: 0
# columns: 0


# name: activationderivative2
# type: matrix
# rows: 0
# columns: 0


# name: activation2ndderivative2
# type: matrix
# rows: 0
# columns: 0




# name: outputNet
# type: scalar struct
# ndims: 2
 1 1
# length: 15
# name: weights1
# type: matrix
# rows: 5
# columns: 5
 -0.3502716047689186 -0.1123211823745539 0.3495835801144688 -0.05928583759057674 0.004807590719293105
 0.07886527678269453 -0.05757117003331157 -0.1279067636247753 0.1934533389466254 -0.1508315714369241
 -0.07190546739528722 0.04770460469875774 0.1177406645083499 -0.1819512390488517 0.1377497507425674
 0.07033481237694778 -0.05875020818058219 -0.1101726623208858 0.1953481889394109 -0.1546902840637036
 0.06729006885805423 -0.0438679476748953 -0.2094220114363641 0.1991453572581515 -0.1451009904765493


# name: bias1
# type: matrix
# rows: 5
# columns: 1
 -0.8813978235979723
 0.1955832704848009
 -0.1905106787541845
 0.2176786229921316
 0.151661919695033


# name: weights2
# type: matrix
# rows: 1
# columns: 5
 1.840073607272408 -0.1963415068223056 0.1818925488767018 -0.1672811635075723 -0.2838286626120254


# name: bias2
# type: scalar
-0.152951027552669


# name: nInputLines
# type: scalar
5


# name: nHiddenNeurons
# type: scalar
5


# name: nOutputNeurons
# type: scalar
1


# name: nWeights
# type: scalar
36


# name: outputFun
# type: sq_string
# elements: 1
# length: 7
purelin


# name: activation1
# type: matrix
# rows: 0
# columns: 0


# name: activationderivative1
# type: matrix
# rows: 0
# columns: 0


# name: activation2ndderivative1
# type: matrix
# rows: 0
# columns: 0


# name: activation2
# type: matrix
# rows: 0
# columns: 0


# name: activationderivative2
# type: matrix
# rows: 0
# columns: 0


# name: activation2ndderivative2
# type: matrix
# rows: 0
# columns: 0




# name: maxIndegree
# type: scalar
11


# name: stateSize
# type: scalar
5


# name: nodeLabelSize
# type: scalar
1


# name: edgeLabelSize
# type: scalar
1


# name: minStateDiff
# type: scalar
1e-08


# name: minErrorAccDiff
# type: scalar
1e-08


# name: contractionConstant
# type: scalar
0.9


# name: nWeights
# type: scalar
106


# name: nodeLabelMeans
# type: scalar
4.342759515153948


# name: nodeLabelStds
# type: scalar
2.913226648119459


# name: edgeLabelMeans
# type: scalar
0


# name: edgeLabelStds
# type: scalar
1




# name: trainStats
# type: matrix
# rows: 51
# columns: 10
 33.69640725091663 12 8 0 0 0 100 7 7 0
 33.59977271211505 32 25 0 56 64 100 7 7 0
 31.37932966751459 16 12 0 24 28 100 7 7 0
 33.12552264734853 34 27 0 47 36 100 7 7 0
 31.98241435461713 201 201 0 24 50 100 7 7 0
 31.44072152282023 201 201 1 36 6 97 70 67 0
 29.50598831688738 63 52 1 34 36 73 89 61 934
 28.43017997640184 87 57 1 20 44 83 54 37 36
 27.61715221352102 48 34 1 43 28 67 99 66 8631
 25.13384787063568 201 201 1 19 31 97 47 44 0
 31.40102533037358 201 112 1 51 58 93 56 49 20
 27.43200405008853 201 39 1 14 11 74 76 50 567
 26.8430637393543 201 201 1 50 69 97 41 39 0
 23.64101809113776 201 201 1 19 3 97 70 67 1
 23.11475842648081 201 201 1 44 44 97 46 43 0
 21.68283070211574 201 201 1 19 25 96 64 60 10
 20.69996683306929 115 94 0 21 42 100 7 7 0
 21.11152995165011 63 56 0 47 42 100 7 7 0
 19.92103155936968 90 78 0 11 42 100 7 7 0
 20.62561589069375 66 58 0 34 44 100 7 7 0
 20.2651663965503 90 77 0 26 56 100 7 7 0
 20.05889801500031 83 69 0 1 3 100 7 7 0
 19.97051641144647 85 70 0 13 0 100 7 7 0
 19.97458256776338 87 76 0 9 97 100 7 7 0
 20.1850313714564 85 88 0 11 3 100 7 7 0
 21.93160855633977 100 98 0 11 0 100 7 7 0
 23.43843868021553 106 108 0 24 0 100 7 7 0
 23.4902860133393 154 151 0 10 0 100 7 7 0
 23.59028240928806 188 184 0 16 0 100 7 7 0
 25.83747233296138 145 157 0 4 0 100 7 7 0
 25.42168162415814 101 106 0 11 3 100 7 7 0
 21.33958304419622 72 66 0 17 6 100 7 7 0
 22.61913803349792 51 46 1 20 42 100 46 46 0
 22.63718969510588 142 101 0 20 3 100 7 7 0
 19.95216093565179 29 21 0 1 53 100 7 7 0
 24.87561578974613 44 31 0 16 0 100 7 7 0
 21.97912829501007 31 16 0 16 25 100 7 7 0
 20.38584205715659 26 19 1 34 58 96 60 56 425
 23.24722404002951 42 35 1 24 8 63 81 44 126338
 30.61773669035541 68 61 1 17 3 63 93 56 2768
 30.91127515027895 97 64 1 6 14 63 89 51 19931
 39.63939342638578 51 48 1 9 3 71 84 56 577
 51.404430597925 165 201 1 23 17 83 64 47 44
 51.67494966408628 56 54 1 24 3 76 71 47 14221
 37.04189522132178 65 48 1 26 11 80 73 53 342
 42.63870349341602 179 100 1 9 8 74 77 51 63
 37.97104574035843 201 201 1 29 3 87 59 46 7
 32.22245481855217 153 201 1 20 14 69 89 57 8111
 28.59089347692639 160 114 1 16 19 69 94 63 342
 24.7067218399777 100 95 1 30 47 76 67 43 482
 23.37116913267117 73 0 0 0 0 0 0 0 0


# name: timeElapsed
# type: scalar
41386.94875907898


# name: currTrainEval
# type: matrix
# rows: 1
# columns: 3
 0.91875 0.8718354430379747 0.982174688057041


# name: currTestEval
# type: matrix
# rows: 1
# columns: 3
 0.925 0.8846153846153846 0.9787234042553191


# name: nIterations
# type: scalar
50


