# Created by Octave 3.6.2, Mon May 20 05:36:41 2013 CEST <alex@desktop>
# name: packedTrainedGnn
# type: scalar struct
# ndims: 2
 1 1
# length: 14
# name: transitionNet
# type: scalar struct
# ndims: 2
 1 1
# length: 15
# name: weights1
# type: matrix
# rows: 5
# columns: 7
 0.08359341217681676 0.109257272938871 0.04657130147254718 -0.2069158030960654 -0.1730477066890236 -0.2344262997732894 -0.7971375990838498
 3.990102523693168 -0.004348752474059234 0.06669727187435344 -0.2317237257144909 0.002765890836963912 0.09526355399772837 -0.623814074528115
 0.2145896293431976 -0.01370451942231508 -0.03393293825283726 -0.3669201201415933 0.04429646775204351 -0.2379370070653727 -0.5793272174853981
 0.2998975767141464 -0.04925012599214824 0.1608378484770303 0.1168384778880069 0.07062186705900347 0.1501538017157136 0.1401629381028422
 0.3368591864947055 0.2655762318628832 0.001622499425657328 0.01751124570752994 0.1811038570136794 0.02260460043130803 0.1289236630163153


# name: bias1
# type: matrix
# rows: 5
# columns: 1
 -0.9081161340800945
 -1.796994328166141
 -0.1377254100749936
 -0.3631690317864563
 -0.01973700966195663


# name: weights2
# type: matrix
# rows: 5
# columns: 5
 -0.006152032843004358 0.3326122015771831 0.2543494571257374 -0.9901513951416731 0.3405889609652967
 -0.06700465618322608 -1.579161770431892 -0.1151686120009092 -0.07284710413233836 0.05450792059828285
 -0.06494196325621882 -0.1965684769449202 0.2441890381282612 -0.3930742885769702 -0.05426607526854665
 -0.05668223641756221 -24.83476066307642 -0.2149852672758051 -0.2074140920914569 0.0726805548895115
 -0.9661659218245932 -0.5191171040152183 -1.660349196100793 0.4886727793211285 0.7313478138327094


# name: bias2
# type: matrix
# rows: 5
# columns: 1
 -0.1417495854786266
 -0.1341284414079635
 0.2272348118277762
 0.5042562715599075
 0.6728486897112756


# name: nInputLines
# type: scalar
7


# name: nHiddenNeurons
# type: scalar
5


# name: nOutputNeurons
# type: scalar
5


# name: nWeights
# type: scalar
70


# name: outputFun
# type: sq_string
# elements: 1
# length: 6
tansig


# name: activation1
# type: matrix
# rows: 0
# columns: 0


# name: activationderivative1
# type: matrix
# rows: 0
# columns: 0


# name: activation2ndderivative1
# type: matrix
# rows: 0
# columns: 0


# name: activation2
# type: matrix
# rows: 0
# columns: 0


# name: activationderivative2
# type: matrix
# rows: 0
# columns: 0


# name: activation2ndderivative2
# type: matrix
# rows: 0
# columns: 0




# name: outputNet
# type: scalar struct
# ndims: 2
 1 1
# length: 15
# name: weights1
# type: matrix
# rows: 5
# columns: 5
 -0.3578104173334605 -0.1715271047640527 0.1348859690262052 0.2172940300199245 0.02628513773505518
 -0.09338832170462755 -0.0127923080958574 0.5265072517734123 -0.01241769867350655 -0.02233419212038708
 -0.04402534653188206 -0.009272499836314176 -0.5443016900487639 -0.009353486630445546 -0.07389672942678172
 0.1477165623561762 -0.002418122214751022 0.3588967470145339 0.02275043652100469 0.1346088079878847
 0.1391229583597556 0.05460047571658552 -0.3347142974191881 0.03768136644498755 -0.1193694402352694


# name: bias1
# type: matrix
# rows: 5
# columns: 1
 -1.252411278326265
 -0.1756981955074823
 0.2085335159854893
 -0.1813655717475422
 0.4694299941452937


# name: weights2
# type: matrix
# rows: 1
# columns: 5
 1.000437537298792 0.1185475943869418 -0.1255776851294751 0.162351071370286 -0.5760322450202678


# name: bias2
# type: scalar
-0.1985958631869677


# name: nInputLines
# type: scalar
5


# name: nHiddenNeurons
# type: scalar
5


# name: nOutputNeurons
# type: scalar
1


# name: nWeights
# type: scalar
36


# name: outputFun
# type: sq_string
# elements: 1
# length: 7
purelin


# name: activation1
# type: matrix
# rows: 0
# columns: 0


# name: activationderivative1
# type: matrix
# rows: 0
# columns: 0


# name: activation2ndderivative1
# type: matrix
# rows: 0
# columns: 0


# name: activation2
# type: matrix
# rows: 0
# columns: 0


# name: activationderivative2
# type: matrix
# rows: 0
# columns: 0


# name: activation2ndderivative2
# type: matrix
# rows: 0
# columns: 0




# name: maxIndegree
# type: scalar
11


# name: stateSize
# type: scalar
5


# name: nodeLabelSize
# type: scalar
1


# name: edgeLabelSize
# type: scalar
1


# name: minStateDiff
# type: scalar
1e-08


# name: minErrorAccDiff
# type: scalar
1e-08


# name: contractionConstant
# type: scalar
0.9


# name: nWeights
# type: scalar
106


# name: nodeLabelMeans
# type: scalar
4.296896885387549


# name: nodeLabelStds
# type: scalar
2.876802057339632


# name: edgeLabelMeans
# type: scalar
0


# name: edgeLabelStds
# type: scalar
1




# name: trainStats
# type: matrix
# rows: 51
# columns: 10
 33.70344321991479 12 8 0 0 0 100 7 7 0
 32.48520013571989 17 12 0 44 64 100 7 7 0
 36.04058030396973 13 9 0 21 28 100 7 7 0
 33.2592850673689 10 6 0 56 50 100 7 7 0
 31.26513654638267 13 9 0 3 6 100 7 7 0
 30.21244268470435 61 40 0 16 39 100 7 7 0
 36.79149708132173 201 201 0 54 31 100 7 7 0
 29.75271004633725 201 201 0 7 56 100 7 7 0
 29.414041305178 201 201 0 47 22 100 7 7 0
 30.19083162572808 29 23 0 1 72 100 7 7 0
 29.65193108304355 20 16 0 9 0 100 7 7 0
 33.31666223041527 17 12 0 73 14 100 7 7 0
 28.47572513838903 25 20 0 9 19 100 7 7 0
 31.11176657164662 29 24 0 69 11 100 7 7 0
 28.57753792686048 33 24 0 9 75 100 7 7 0
 30.16470040146384 32 26 0 7 0 100 7 7 0
 32.51594104889903 38 29 0 69 22 100 7 7 0
 30.22984512049369 47 37 1 3 17 99 57 56 21
 29.95079742804631 51 36 1 4 3 99 59 57 1
 29.62729226498044 41 26 1 3 14 99 54 53 1
 29.13776306063738 29 15 0 16 28 100 7 7 0
 29.32873065937904 22 13 0 6 25 100 7 7 0
 29.09181818838002 41 17 0 4 19 100 7 7 0
 28.8050076103127 43 30 1 36 11 70 80 50 340
 28.6472688033268 42 34 1 17 17 77 70 47 101
 28.23756670620116 43 33 1 11 11 67 71 39 348
 27.86954412391903 201 39 1 14 11 64 80 44 1436
 27.44977226676919 15 10 0 39 22 100 7 7 0
 26.6071137207038 59 50 1 11 8 71 79 50 126
 25.89200619168584 201 125 1 34 19 54 99 53 36314
 24.7896430876038 201 71 1 9 0 46 97 43 71308
 23.98289050819434 201 75 1 10 28 43 97 40 6996
 23.14265279383801 201 52 1 11 14 47 100 47 1534
 23.0209214679136 201 22 1 24 19 74 79 53 586
 23.28819899701903 30 23 1 40 25 59 81 40 512
 23.88210128232422 32 25 1 19 50 67 71 39 378
 22.18001316589391 201 19 1 19 47 63 84 47 2825
 22.49663988309729 201 22 1 14 53 61 83 44 182
 20.8777112824753 29 21 1 9 3 51 81 33 218
 20.5075858169177 34 14 1 23 78 51 80 31 1731
 20.74099129528166 30 18 1 19 19 70 71 41 6553
 20.61415941948226 201 38 1 37 78 66 89 54 2100
 20.19624957834466 41 18 1 17 6 73 70 43 11916
 20.29115702845998 201 118 1 41 53 50 93 43 1846
 20.46084221887577 201 133 1 7 3 54 97 51 3786
 20.78803683730481 48 24 1 40 0 77 77 54 105266
 21.59403323067997 201 110 1 21 78 73 73 46 3348
 20.24152448076251 101 74 1 20 0 77 67 44 3972
 20.07431939313523 90 66 1 27 44 43 97 40 20259
 20.0281061963451 201 54 1 14 0 64 79 43 11289
 19.95592059074188 74 0 0 0 0 0 0 0 0


# name: timeElapsed
# type: scalar
32275.4656329155


# name: currTrainEval
# type: matrix
# rows: 1
# columns: 3
 0.9026785714285714 0.8489984591679507 0.9804270462633452


# name: currTestEval
# type: matrix
# rows: 1
# columns: 3
 0.9178571428571428 0.8726114649681529 0.9785714285714285


# name: nIterations
# type: scalar
50


