# Created by Octave 3.6.2, Tue May 21 18:53:39 2013 CEST <alex@desktop>
# name: packedTrainedGnn
# type: scalar struct
# ndims: 2
 1 1
# length: 14
# name: transitionNet
# type: scalar struct
# ndims: 2
 1 1
# length: 15
# name: weights1
# type: matrix
# rows: 5
# columns: 7
 0.5669197113216666 -0.5397097798611289 0.04974569789464874 -0.04058899690407823 0.09052321997282296 0.4711229442039161 0.4065571607043992
 -0.0101646185410507 5.845311516479539 0.07101186264347115 -0.1559604742052087 -0.1118547803264826 -0.06134889462665223 -0.4843933203399477
 0.9781520048832318 -0.01370451942231508 0.21928875737093 -0.05148604701347959 -0.1128781963946968 0.1669968632166538 -0.3485846740774389
 0.1008157365942571 -0.04925012599214824 -0.9268331457423215 -2.759262951681877 -0.590490108157646 -0.8029372007325438 0.2935449386839465
 -0.9177601366394222 0.02699490194288337 -0.03379271266553971 -0.01477572065124398 -0.03395555822743859 0.1308414205825922 -0.6905432252430924


# name: bias1
# type: matrix
# rows: 5
# columns: 1
 -0.7888650493446074
 -0.09071695357069526
 -0.3060778168946445
 0.2844502033704812
 -0.1012613265250688


# name: weights2
# type: matrix
# rows: 5
# columns: 5
 0.05546483077168175 0.1603278380938316 0.3284436355533399 -0.09708788228868559 -0.02513664619601465
 0.04544872537013843 0.06630270975813884 -0.05324684020027943 0.07114915603865318 0.01323349743302397
 0.1107211442162286 -0.07411604455227519 -1.867654324705652 -0.05410260629424035 -0.1655332297386863
 0.0370352493695313 0.1485678225407461 0.2070585333830868 -0.09821416021153051 0.1005112498979438
 -0.03808482924585335 0.07648143649503439 -0.9487276438708235 -0.03024208527067008 0.06813042124965599


# name: bias2
# type: matrix
# rows: 5
# columns: 1
 0.002235784355186906
 0.1882643175820297
 0.06305704416872719
 -0.0379068059483529
 0.1708498303316692


# name: nInputLines
# type: scalar
7


# name: nHiddenNeurons
# type: scalar
5


# name: nOutputNeurons
# type: scalar
5


# name: nWeights
# type: scalar
70


# name: outputFun
# type: sq_string
# elements: 1
# length: 6
tansig


# name: activation1
# type: matrix
# rows: 0
# columns: 0


# name: activationderivative1
# type: matrix
# rows: 0
# columns: 0


# name: activation2ndderivative1
# type: matrix
# rows: 0
# columns: 0


# name: activation2
# type: matrix
# rows: 0
# columns: 0


# name: activationderivative2
# type: matrix
# rows: 0
# columns: 0


# name: activation2ndderivative2
# type: matrix
# rows: 0
# columns: 0




# name: outputNet
# type: scalar struct
# ndims: 2
 1 1
# length: 15
# name: weights1
# type: matrix
# rows: 5
# columns: 5
 -0.1772447507689186 -0.2925058365916419 0.1658790374968687 -0.01386698359057676 -0.07262570880070685
 0.06457142278269454 0.09551560226428842 0.1014457789928247 0.4844822363290253 -0.02772366881932408
 -0.05746654239528724 -0.1053821675988422 -0.07642007949165008 -0.4717768595288516 0.01464184812496749
 0.0558958873769478 0.09433656411701778 0.0839880816791142 0.4851738094194109 -0.0303791045437037
 0.05285114385805426 0.1092188246227047 0.08404585576363588 0.4889709777381514 -0.02078981095654937


# name: bias1
# type: matrix
# rows: 5
# columns: 1
 -0.7156068188630578
 0.5659729121498862
 -0.5609003204192698
 0.5880682646572168
 0.5220515613601183


# name: weights2
# type: matrix
# rows: 1
# columns: 5
 0.4580265513208102 -0.4756700463109366 0.4612210883653328 -0.4466097029962033 -0.5631572021006563


# name: bias2
# type: scalar
-0.2947953394502691


# name: nInputLines
# type: scalar
5


# name: nHiddenNeurons
# type: scalar
5


# name: nOutputNeurons
# type: scalar
1


# name: nWeights
# type: scalar
36


# name: outputFun
# type: sq_string
# elements: 1
# length: 7
purelin


# name: activation1
# type: matrix
# rows: 0
# columns: 0


# name: activationderivative1
# type: matrix
# rows: 0
# columns: 0


# name: activation2ndderivative1
# type: matrix
# rows: 0
# columns: 0


# name: activation2
# type: matrix
# rows: 0
# columns: 0


# name: activationderivative2
# type: matrix
# rows: 0
# columns: 0


# name: activation2ndderivative2
# type: matrix
# rows: 0
# columns: 0




# name: maxIndegree
# type: scalar
11


# name: stateSize
# type: scalar
5


# name: nodeLabelSize
# type: scalar
1


# name: edgeLabelSize
# type: scalar
1


# name: minStateDiff
# type: scalar
1e-08


# name: minErrorAccDiff
# type: scalar
1e-08


# name: contractionConstant
# type: scalar
0.9


# name: nWeights
# type: scalar
106


# name: nodeLabelMeans
# type: scalar
4.360304049265533


# name: nodeLabelStds
# type: scalar
2.920583756710593


# name: edgeLabelMeans
# type: scalar
0


# name: edgeLabelStds
# type: scalar
1




# name: trainStats
# type: matrix
# rows: 51
# columns: 10
 33.69617261270812 11 7 0 0 0 100 7 7 0
 33.48076645199409 28 22 0 43 64 100 7 7 0
 31.44727013835564 19 14 0 37 17 100 7 7 0
 30.19431560187452 22 17 0 39 31 100 7 7 0
 33.85565179379052 171 166 0 21 53 100 7 7 0
 30.06487936598722 24 17 0 64 14 100 7 7 0
 30.64920997962913 68 47 0 14 6 100 7 7 0
 30.20148486283357 99 77 0 67 53 100 7 7 0
 29.15917132875811 44 35 0 6 3 100 7 7 0
 28.61777459400061 37 31 0 1 36 100 7 7 0
 27.70219893395958 29 23 0 4 3 100 7 7 0
 26.31271959496575 34 27 0 1 50 100 7 7 0
 24.69590341943785 21 18 0 13 19 100 7 7 0
 26.46692244266424 31 26 0 71 56 100 7 7 0
 24.41742046112573 21 18 0 13 44 100 7 7 0
 23.60417100071261 26 23 1 46 53 100 67 67 1
 25.30615039677031 40 34 0 11 44 100 7 7 0
 25.4410915735987 87 78 0 0 0 100 7 7 0
 24.94507776356704 65 58 0 1 0 100 7 7 0
 23.14074670274149 75 70 0 0 14 100 7 7 0
 25.76862421137301 21 15 0 83 86 100 7 7 0
 23.12757687137724 111 47 0 7 0 100 7 7 0
 22.75634610689617 51 46 0 29 72 100 7 7 0
 22.57457734872003 87 76 1 53 14 97 44 41 1
 22.22286272749879 68 58 1 29 72 81 67 49 18
 21.88982778570233 106 46 1 17 0 97 66 63 1
 21.43972614852206 201 201 1 26 56 86 73 59 20601
 21.4620616176074 201 201 1 34 17 76 74 50 786
 20.76770845436334 201 201 1 36 56 97 36 33 0
 20.25882641755719 97 74 1 17 0 67 79 46 959
 19.92044513338277 71 63 1 26 47 59 81 40 153
 20.28271185328844 201 201 1 19 14 84 73 57 998
 19.64715111879055 156 169 1 11 83 61 83 44 3979
 19.75233069178541 134 105 1 11 14 69 83 51 1142
 20.77424895012803 72 66 1 20 0 84 70 54 80
 19.44514357761241 73 63 1 14 100 60 89 49 1655
 19.2674587792642 167 152 1 17 0 53 86 39 4713
 19.08939573030255 122 144 1 26 100 79 81 60 3522
 20.21140232652769 124 164 1 31 0 76 77 53 28
 22.73834871955681 108 98 1 34 97 83 73 56 37
 19.75420348319981 92 115 1 31 0 73 80 53 64
 26.06478748469628 148 144 1 34 92 83 71 54 28
 22.44288599155218 199 163 1 16 0 76 79 54 541
 29.09975744340788 154 201 1 26 0 81 71 53 1705
 54.66364440106869 127 148 1 34 72 93 76 69 208
 41.51901824127786 201 201 1 4 0 87 80 67 13
 34.04468431603915 95 107 1 4 42 80 81 61 161
 24.69393536472789 192 110 1 66 14 87 59 46 205
 29.08525409846823 114 79 1 6 0 74 76 50 502
 29.67730933504102 81 58 1 30 0 81 66 47 2029
 30.00801940246977 182 0 0 0 0 0 0 0 0


# name: timeElapsed
# type: scalar
46496.54774594307


# name: currTrainEval
# type: matrix
# rows: 1
# columns: 3
 0.9339285714285714 0.8946515397082658 0.9839572192513369


# name: currTestEval
# type: matrix
# rows: 1
# columns: 3
 0.9142857142857143 0.8679245283018868 0.9787234042553191


# name: nIterations
# type: scalar
50


