# Created by Octave 3.6.2, Thu May 23 19:28:57 2013 CEST <alex@vostro-1520>
# name: trainEval
# type: matrix
# rows: 5
# columns: 3
 0.9026785714285714 0.8489984591679507 0.9804270462633452
 0.89375 0.8637110016420362 0.9359430604982206
 0.91875 0.8718354430379747 0.982174688057041
 0.9339285714285714 0.8946515397082658 0.9839572192513369
 0.9241071428571429 0.8803827751196173 0.9822064056939501


# name: testEval
# type: matrix
# rows: 5
# columns: 3
 0.9178571428571428 0.8726114649681529 0.9785714285714285
 0.8571428571428571 0.8012048192771084 0.95
 0.925 0.8846153846153846 0.9787234042553191
 0.9142857142857143 0.8679245283018868 0.9787234042553191
 0.9357142857142857 0.8961038961038961 0.9857142857142858


