# Created by Octave 3.6.4, Sun Nov 24 21:33:01 2013 CET <alex@desktop>
# name: packedTrainedGnn
# type: scalar struct
# ndims: 2
 1 1
# length: 14
# name: transitionNet
# type: scalar struct
# ndims: 2
 1 1
# length: 15
# name: weights1
# type: matrix
# rows: 5
# columns: 7
 -0.09044329921035098 -5.969466878929442 -0.06676046636285284 -0.02260147368763021 0.06217612157853609 0.6137116925941677 0.06950064382719978
 -0.2273443185945088 0.8986132580634807 -0.005519273339660397 -0.1261198822648483 -0.05085419550707936 -0.1429679381422162 -0.4590133149848699
 -0.7482421044951031 -0.1038281118120112 0.1096486963467475 -0.05575020193887944 0.06011310751057665 0.6888095701579698 0.1398266366462263
 0.6364802617625374 -0.01123131932942009 -0.007287593835203778 -0.1107672648298352 0.06173770723363755 0.02897210895282063 0.1272585655369732
 0.5360085825630808 4.929107585514627 -0.1754304976755394 1.191199313395292 1.318932213596151 -0.319814586407173 0.3556260441242575


# name: bias1
# type: matrix
# rows: 5
# columns: 1
 0.003238311951875104
 0.04784795372028547
 0.2192496792697138
 -0.07498991576187183
 0.1210559633337003


# name: weights2
# type: matrix
# rows: 5
# columns: 5
 -0.242116160656152 0.8420650904903912 0.09668213956449365 -0.5581970643790088 -0.7208988979787203
 0.1982401920998696 -0.6192713548302529 0.09830840393750315 0.05630677897116084 -0.05550832699119343
 -0.03989967065146856 -0.3472984668191267 -0.3244812741461043 0.0945159150950878 -0.02233202703122448
 -0.1992004205904399 0.07584434770511951 -0.6625991721116584 0.2214800946231373 -0.4032223927839065
 0.0900421362204173 -0.1150358903468284 -1.876521466582281 0.9454736486832009 0.04304834677170391


# name: bias2
# type: matrix
# rows: 5
# columns: 1
 0.230960732290116
 0.2100853863113261
 0.1521523419885736
 0.5402977074387915
 0.3203347150261616


# name: nInputLines
# type: scalar
7


# name: nHiddenNeurons
# type: scalar
5


# name: nOutputNeurons
# type: scalar
5


# name: nWeights
# type: scalar
70


# name: outputFun
# type: sq_string
# elements: 1
# length: 6
tansig


# name: activation1
# type: matrix
# rows: 0
# columns: 0


# name: activationderivative1
# type: matrix
# rows: 0
# columns: 0


# name: activation2ndderivative1
# type: matrix
# rows: 0
# columns: 0


# name: activation2
# type: matrix
# rows: 0
# columns: 0


# name: activationderivative2
# type: matrix
# rows: 0
# columns: 0


# name: activation2ndderivative2
# type: matrix
# rows: 0
# columns: 0




# name: outputNet
# type: scalar struct
# ndims: 2
 1 1
# length: 15
# name: weights1
# type: matrix
# rows: 5
# columns: 5
 0.3144369079505537 0.1167368707110879 0.147257833257136 -0.136203454041827 -0.1111937361068609
 0.04593187384731602 -0.01642793443612787 -0.002167951233349799 -0.0561935773296689 0.03758009138338553
 -0.2993652410150368 0.01788127647061613 -0.1204966952961249 0.1470064758968004 0.1387441799485856
 0.3176734387356454 0.004609161117746424 0.1226189188176376 -0.1361773579335403 0.4470954184788503
 0.3335616758610335 0.09801779276069725 0.1396057111240833 -0.1467803690919688 -0.1074757194009605


# name: bias1
# type: matrix
# rows: 5
# columns: 1
 -0.6207235720525084
 0.1832186099703927
 0.4171580682795907
 -0.5856536639870829
 -0.6155071803418823


# name: weights2
# type: matrix
# rows: 1
# columns: 5
 0.3526260264518578 -0.02234687057029861 -0.09049523557816327 0.1360607143938111 0.4726833218663677


# name: bias2
# type: scalar
0.04843827849461237


# name: nInputLines
# type: scalar
5


# name: nHiddenNeurons
# type: scalar
5


# name: nOutputNeurons
# type: scalar
1


# name: nWeights
# type: scalar
36


# name: outputFun
# type: sq_string
# elements: 1
# length: 6
tansig


# name: activation1
# type: matrix
# rows: 0
# columns: 0


# name: activationderivative1
# type: matrix
# rows: 0
# columns: 0


# name: activation2ndderivative1
# type: matrix
# rows: 0
# columns: 0


# name: activation2
# type: matrix
# rows: 0
# columns: 0


# name: activationderivative2
# type: matrix
# rows: 0
# columns: 0


# name: activation2ndderivative2
# type: matrix
# rows: 0
# columns: 0




# name: maxIndegree
# type: scalar
11


# name: stateSize
# type: scalar
5


# name: nodeLabelSize
# type: scalar
1


# name: edgeLabelSize
# type: scalar
1


# name: minStateDiff
# type: scalar
1e-08


# name: minErrorAccDiff
# type: scalar
1e-08


# name: contractionConstant
# type: scalar
0.9


# name: nWeights
# type: scalar
106


# name: nodeLabelMeans
# type: scalar
4.339409773054097


# name: nodeLabelStds
# type: scalar
2.938918403266401


# name: edgeLabelMeans
# type: scalar
0


# name: edgeLabelStds
# type: scalar
1




# name: trainStats
# type: matrix
# rows: 51
# columns: 10
 33.77621286109754 14 10 1 0 0 57 91 49 96782
 31.26535982143501 135 60 1 56 22 40 100 40 39310
 29.96649968480193 56 48 1 13 36 59 91 50 54
 45.4421546431346 201 201 1 41 61 86 73 59 466
 41.4190602260398 201 201 1 26 6 70 79 49 135
 31.24959573900961 201 122 1 20 31 51 91 43 9620
 34.83064330909637 201 201 1 31 53 77 79 56 2973
 36.63627693104053 201 201 1 26 28 79 74 53 27
 32.70423432024108 201 201 1 23 0 86 61 47 2027
 30.79597730827423 201 201 1 30 39 49 100 49 18413
 30.46352072866387 201 201 1 20 19 89 63 51 2409
 30.78693092136951 201 201 1 43 42 84 59 43 546
 29.35885320127925 201 201 1 19 33 64 96 60 2611
 27.87779213555846 201 201 1 24 14 83 70 53 934
 26.99638483997505 201 201 1 11 17 86 73 59 216
 28.31543485886705 201 201 1 46 22 87 61 49 14175
 28.34941159368702 201 201 1 27 50 87 63 50 169
 35.8960413422279 201 201 1 24 19 86 71 57 217
 40.08046437687798 201 201 1 30 8 90 60 50 179
 39.65798923114171 201 201 1 29 6 93 70 63 421
 37.50461221427286 201 201 1 36 6 89 60 49 30
 37.30553215053426 201 201 1 21 11 54 99 53 3580
 35.13440307755226 201 201 1 7 6 57 100 57 3923
 32.56430760330936 201 201 1 31 14 74 79 53 493
 31.61737587221841 201 70 1 4 22 59 100 59 1229
 31.24127351969377 201 138 1 11 56 60 100 60 21159
 31.13536281650512 201 201 1 27 11 80 66 46 851
 31.41578136214366 201 201 1 33 36 74 76 50 363
 30.44814226918011 201 151 1 11 28 49 99 47 6616
 29.70951203447107 201 201 1 29 0 81 67 49 417
 29.29075746351016 201 201 1 20 56 83 67 50 2553
 28.21825673248077 201 201 1 37 11 91 54 46 145
 28.31993030266375 201 201 1 26 11 70 81 51 6252
 27.98055063392724 201 201 1 27 50 89 59 47 2797
 27.91279987581912 201 201 1 37 6 86 63 49 1732
 28.10493501284446 201 201 1 33 11 83 64 47 1914
 27.18410959792109 201 201 1 23 39 96 57 53 0
 28.60002165856079 201 201 1 21 22 94 54 49 152
 29.36139678087476 201 201 1 40 6 89 61 50 584
 27.32472995768148 201 201 1 26 22 83 70 53 416
 28.82189884302895 201 201 1 26 47 87 59 46 437
 29.62749287801069 201 201 1 17 3 84 71 56 2580
 28.56729466611623 201 201 1 6 44 93 66 59 1520
 28.57791145760206 201 201 1 49 6 91 49 40 691
 28.59793709263685 201 201 1 29 33 83 71 54 903
 27.30699958365683 201 201 1 26 22 87 59 46 244
 27.9744102721992 201 201 1 36 8 79 71 50 189
 28.23140243460897 201 201 1 26 31 86 67 53 1684
 27.88381421039076 201 201 1 4 17 87 60 47 496
 27.56215910582097 201 201 1 30 8 87 67 54 781
 28.17602584665711 201 0 0 0 0 0 0 0 0


# name: timeElapsed
# type: scalar
6192.334482908249


# name: currTrainEval
# type: matrix
# rows: 1
# columns: 3
 0.7901785714285714 0.7273991655076495 0.9306049822064056


# name: currTestEval
# type: matrix
# rows: 1
# columns: 3
 0.7642857142857142 0.7202380952380952 0.8642857142857143


# name: nIterations
# type: scalar
50


