# Created by Octave 3.6.4, Sun Nov 24 19:49:49 2013 CET <alex@desktop>
# name: packedTrainedGnn
# type: scalar struct
# ndims: 2
 1 1
# length: 14
# name: transitionNet
# type: scalar struct
# ndims: 2
 1 1
# length: 15
# name: weights1
# type: matrix
# rows: 5
# columns: 7
 -0.190543299210351 -4.077856834103842 -0.09421046636285282 0.06321052631236979 -0.06254787842146387 0.1510591325941677 0.0409506438271998
 -0.1046563185945088 1.285596784463481 0.08059272666033959 -0.2452318822648483 -0.1356541955070794 -0.2702559381422162 -0.4624693149848699
 -0.1709518644951033 -0.1038281118120112 0.02008669634674751 -0.005112701938879435 0.07405010751057665 0.46373757015797 -0.08819736335377369
 0.6307202617625374 -0.01123131932942009 -0.06028759383520375 -0.01989526482983527 0.8091130672336375 -0.02402789104717936 0.04465856553697319
 -0.007758470236919101 3.294489170001027 0.1793915023244606 0.2735551405952925 0.2821709207961509 0.101622773592827 -0.01157395587574245


# name: bias1
# type: matrix
# rows: 5
# columns: 1
 0.3752248119518751
 0.05669795372028546
 -0.01268888073028612
 -0.1510399157618718
 -0.06957667666629976


# name: weights2
# type: matrix
# rows: 5
# columns: 5
 -0.350654720656152 0.1410505112903915 -0.2072564204355063 -0.1028585043790089 0.002868154821279553
 -0.05265980790013032 -0.2621513548302529 -0.3894541560624968 0.1037461389711608 -0.05550832699119344
 -0.06416367065146855 -0.1189044668191267 -0.5001612741461042 0.2132784750950877 -0.04275602703122448
 -0.1122004205904399 0.08386934770511952 -0.5804846121116582 0.3214160946231372 -0.3525343927839065
 0.1895301362204173 -0.7304515703468283 -0.4054017993822812 0.515954595883201 0.02953634677170392


# name: bias2
# type: matrix
# rows: 5
# columns: 1
 0.1018392922901159
 0.186035386311326
 0.01755234198857355
 0.04951114743879156
 -0.09227784497383842


# name: nInputLines
# type: scalar
7


# name: nHiddenNeurons
# type: scalar
5


# name: nOutputNeurons
# type: scalar
5


# name: nWeights
# type: scalar
70


# name: outputFun
# type: sq_string
# elements: 1
# length: 6
tansig


# name: activation1
# type: matrix
# rows: 0
# columns: 0


# name: activationderivative1
# type: matrix
# rows: 0
# columns: 0


# name: activation2ndderivative1
# type: matrix
# rows: 0
# columns: 0


# name: activation2
# type: matrix
# rows: 0
# columns: 0


# name: activationderivative2
# type: matrix
# rows: 0
# columns: 0


# name: activation2ndderivative2
# type: matrix
# rows: 0
# columns: 0




# name: outputNet
# type: scalar struct
# ndims: 2
 1 1
# length: 15
# name: weights1
# type: matrix
# rows: 5
# columns: 5
 0.1673649079505536 0.0009608707110878856 0.208745833257136 -0.188475454041827 -0.3073562961068609
 -0.004168126152683973 -0.006489934436127866 -0.0192299512333498 -0.003793577329668904 -0.1367199086166145
 -0.1522932410150368 0.01960927647061614 -0.1819846952961249 0.1992784758968004 0.3349067399485856
 0.1382014387356454 0.002881161117746417 0.1841069188176376 -0.1824647179335403 -0.3052716343211496
 0.1864896758610334 -0.01775820723930274 0.2010937111240833 -0.1990523690919688 -0.3036382794009604


# name: bias1
# type: matrix
# rows: 5
# columns: 1
 -0.9347357320525084
 -0.1313253900296073
 0.9087942282795906
 -0.647061331187083
 -0.9295193403418823


# name: weights2
# type: matrix
# rows: 1
# columns: 5
 0.5421645864518577 0.08996512942970139 -0.3888632355781633 0.1561607143938111 0.6622218818663677


# name: bias2
# type: scalar
-0.2966337215053876


# name: nInputLines
# type: scalar
5


# name: nHiddenNeurons
# type: scalar
5


# name: nOutputNeurons
# type: scalar
1


# name: nWeights
# type: scalar
36


# name: outputFun
# type: sq_string
# elements: 1
# length: 6
tansig


# name: activation1
# type: matrix
# rows: 0
# columns: 0


# name: activationderivative1
# type: matrix
# rows: 0
# columns: 0


# name: activation2ndderivative1
# type: matrix
# rows: 0
# columns: 0


# name: activation2
# type: matrix
# rows: 0
# columns: 0


# name: activationderivative2
# type: matrix
# rows: 0
# columns: 0


# name: activation2ndderivative2
# type: matrix
# rows: 0
# columns: 0




# name: maxIndegree
# type: scalar
11


# name: stateSize
# type: scalar
5


# name: nodeLabelSize
# type: scalar
1


# name: edgeLabelSize
# type: scalar
1


# name: minStateDiff
# type: scalar
1e-08


# name: minErrorAccDiff
# type: scalar
1e-08


# name: contractionConstant
# type: scalar
0.9


# name: nWeights
# type: scalar
106


# name: nodeLabelMeans
# type: scalar
4.296896885387549


# name: nodeLabelStds
# type: scalar
2.876802057339632


# name: edgeLabelMeans
# type: scalar
0


# name: edgeLabelStds
# type: scalar
1




# name: trainStats
# type: matrix
# rows: 51
# columns: 10
 33.77616036187797 14 10 1 0 0 60 93 53 8097
 31.38318643302469 201 194 1 54 22 49 97 46 7867
 31.09375770855263 80 68 1 14 36 74 76 50 20
 39.806432247477 201 133 1 44 64 71 69 40 97
 32.14068702998486 201 201 1 19 11 84 64 49 101
 32.26350011967024 201 201 1 39 39 96 36 31 0
 27.63349827341919 201 201 1 24 8 77 81 59 150
 26.76183272252696 201 201 1 49 39 96 47 43 0
 28.63969296902864 201 201 1 24 31 96 59 54 0
 24.54441253410997 201 201 1 36 22 84 63 47 20
 31.6221981032652 201 201 1 39 64 96 60 56 0
 25.76449055758578 201 201 1 24 28 90 60 50 87
 24.25297495819724 201 201 1 11 58 96 51 47 0
 25.23572610318148 201 201 1 41 28 79 71 50 91
 27.46439923613187 201 201 1 9 0 83 63 46 1193
 29.64408836810273 201 201 1 27 47 94 53 47 296
 25.63842726198045 201 201 1 19 3 83 73 56 31
 27.97604076441174 201 201 1 30 44 87 66 53 374
 30.9006869616526 201 201 1 19 47 86 76 61 12
 38.12379920942136 201 201 1 23 22 80 84 64 105
 40.7510859536668 201 201 1 43 6 94 53 47 5
 37.96515265044142 201 201 1 24 72 61 94 56 74
 40.96763005355677 201 201 1 10 0 56 89 44 528
 40.51968696073384 201 201 1 6 56 71 89 60 7216
 42.29474662618036 201 94 1 26 0 56 94 50 1549
 41.28985885964277 201 201 1 1 19 59 90 49 25400
 42.63183801758689 201 201 1 50 19 96 50 46 0
 41.81329906623326 201 201 1 27 6 93 56 49 16
 41.86495033399468 201 201 1 16 33 96 71 67 0
 38.34894838488018 201 201 1 50 8 96 50 46 0
 37.49085166420213 201 201 1 30 6 96 54 50 0
 35.66053196992139 201 201 1 31 17 96 51 47 0
 34.26408271149273 201 201 1 37 22 96 60 56 0
 34.59958666500496 201 201 1 33 25 96 47 43 0
 33.06807560207316 201 201 1 11 3 96 44 40 0
 34.36589282161717 201 201 1 40 53 96 47 43 0
 33.54487793701503 201 201 1 29 0 96 53 49 0
 32.63738419043366 201 201 1 17 14 96 50 46 0
 32.6556570978281 201 201 1 34 6 96 76 71 0
 32.33238789029716 201 201 1 31 11 96 57 53 0
 32.18391731807324 201 201 1 31 25 96 46 41 0
 31.83379916272971 201 201 1 39 14 96 64 60 0
 32.25557927545597 201 201 1 20 22 96 57 53 0
 31.34710672809467 201 201 1 23 14 96 70 66 0
 31.80180152165069 201 201 1 20 6 96 57 53 0
 31.30932206813851 201 201 1 30 42 96 47 43 0
 30.98176826176054 201 201 1 19 6 96 41 37 0
 30.60044166150862 201 201 1 37 53 96 44 40 0
 29.76372619754778 201 201 1 21 6 96 41 37 0
 30.18313673538591 201 201 1 50 22 96 51 47 0
 30.04707467396282 201 0 0 0 0 0 0 0 0


# name: timeElapsed
# type: scalar
6341.496649026871


# name: currTrainEval
# type: matrix
# rows: 1
# columns: 3
 0.8151785714285714 0.8721174004192872 0.7402135231316725


# name: currTestEval
# type: matrix
# rows: 1
# columns: 3
 0.8392857142857143 0.88 0.7857142857142857


# name: nIterations
# type: scalar
50


