# Created by Octave 3.6.4, Sun Nov 24 23:14:13 2013 CET <alex@desktop>
# name: packedTrainedGnn
# type: scalar struct
# ndims: 2
 1 1
# length: 14
# name: transitionNet
# type: scalar struct
# ndims: 2
 1 1
# length: 15
# name: weights1
# type: matrix
# rows: 5
# columns: 7
 -0.3175721572960139 -0.5467613675038044 -0.04702336793214922 0.4690646146289997 1.073970987359026 0.8203577252271467 0.3075291221868662
 -0.0001985962707824257 15.73198129371457 0.1529172144668733 -0.1384580268618202 -0.001640308998805696 0.09649476541850484 -0.2745215484765963
 0.104397764982223 -0.1038281118120112 0.05642384118043012 -0.08001905926623942 0.01334466718653869 0.351006493126327 -0.1576704783397106
 0.4244509923472096 -0.01123131932942009 -0.1809377203475493 0.002830479821891068 0.1943508118853639 -0.1519955051073384 0.2165239193548886
 -0.121959731145699 3.125544805354629 0.3221334208386281 0.251864011667542 0.1336031197651328 0.8293663787782404 0.1729188247212074


# name: bias1
# type: matrix
# rows: 5
# columns: 1
 -0.1458162932356909
 -0.008102749840435627
 -0.2637248981511062
 0.01833433958640183
 -0.6340375722271019


# name: weights2
# type: matrix
# rows: 5
# columns: 5
 -1.893229076523619 -0.01323974452872587 -0.2548017531776189 -0.2086678049314708 -3.508350430414211
 -0.3509954987281266 -1.07359602797958 -1.079681173114808 1.723140600813293 -0.9399213707284844
 -0.1639308873524752 -1.667947781715273 -0.4132671096994467 1.96822483641356 -0.2992399242933728
 -0.2457667043533327 0.259872017870789 -0.309788171081912 -0.5215825669920539 -0.9329941223507906
 0.08157397093497734 -1.418063531286676 -0.283293853036786 1.674029011347768 -0.2808310762101036


# name: bias2
# type: matrix
# rows: 5
# columns: 1
 0.5603594966298368
 0.4365498807180135
 0.0764598113269272
 0.1999877385540415
 0.03737278514052365


# name: nInputLines
# type: scalar
7


# name: nHiddenNeurons
# type: scalar
5


# name: nOutputNeurons
# type: scalar
5


# name: nWeights
# type: scalar
70


# name: outputFun
# type: sq_string
# elements: 1
# length: 6
tansig


# name: activation1
# type: matrix
# rows: 0
# columns: 0


# name: activationderivative1
# type: matrix
# rows: 0
# columns: 0


# name: activation2ndderivative1
# type: matrix
# rows: 0
# columns: 0


# name: activation2
# type: matrix
# rows: 0
# columns: 0


# name: activationderivative2
# type: matrix
# rows: 0
# columns: 0


# name: activation2ndderivative2
# type: matrix
# rows: 0
# columns: 0




# name: outputNet
# type: scalar struct
# ndims: 2
 1 1
# length: 15
# name: weights1
# type: matrix
# rows: 5
# columns: 5
 -0.01498326751522367 0.03763730811042709 0.03964627065647518 -0.27452721092441 -0.1984951886765347
 -0.05429809712274554 -0.02093422700580175 -0.03367424380302368 -0.02924013129853214 -0.01571757964775123
 -0.03818827004497528 -0.07129743095970992 -0.067115402726451 0.2645549806241397 0.2528260325182595
 0.07368127617611304 0.05373723357007986 0.08196071223302276 -0.3659415340658739 -0.993867813071848
 0.004141500395256133 0.01891823016003645 0.03199414852342249 -0.2851041259745518 -0.1907831982508635


# name: bias1
# type: matrix
# rows: 5
# columns: 1
 -0.4289465684535704
 0.06188079633243416
 0.4504895198333287
 3.715676674333898
 -0.4237301767429443


# name: weights2
# type: matrix
# rows: 1
# columns: 5
 2.521978314549064 0.1260923957849149 -6.052404988155188 -0.3606866145359269 0.9151970656506652


# name: bias2
# type: scalar
0.05637594903396648


# name: nInputLines
# type: scalar
5


# name: nHiddenNeurons
# type: scalar
5


# name: nOutputNeurons
# type: scalar
1


# name: nWeights
# type: scalar
36


# name: outputFun
# type: sq_string
# elements: 1
# length: 6
tansig


# name: activation1
# type: matrix
# rows: 0
# columns: 0


# name: activationderivative1
# type: matrix
# rows: 0
# columns: 0


# name: activation2ndderivative1
# type: matrix
# rows: 0
# columns: 0


# name: activation2
# type: matrix
# rows: 0
# columns: 0


# name: activationderivative2
# type: matrix
# rows: 0
# columns: 0


# name: activation2ndderivative2
# type: matrix
# rows: 0
# columns: 0




# name: maxIndegree
# type: scalar
11


# name: stateSize
# type: scalar
5


# name: nodeLabelSize
# type: scalar
1


# name: edgeLabelSize
# type: scalar
1


# name: minStateDiff
# type: scalar
1e-08


# name: minErrorAccDiff
# type: scalar
1e-08


# name: contractionConstant
# type: scalar
0.9


# name: nWeights
# type: scalar
106


# name: nodeLabelMeans
# type: scalar
4.342759515153948


# name: nodeLabelStds
# type: scalar
2.913226648119459


# name: edgeLabelMeans
# type: scalar
0


# name: edgeLabelStds
# type: scalar
1




# name: trainStats
# type: matrix
# rows: 51
# columns: 10
 33.78454338726088 14 10 1 0 0 60 89 49 28412
 31.26502092265984 158 103 1 50 22 47 100 47 3904
 33.81281127238227 201 201 1 10 53 87 57 44 17
 37.20177661939152 201 45 1 21 44 74 76 50 533
 34.21604582025522 201 18 1 37 47 81 73 54 1801
 32.01968342545386 201 201 1 23 44 96 61 57 87
 33.39188859931267 201 201 1 39 44 41 94 36 339
 31.60082375387236 201 201 1 16 42 96 60 56 0
 31.58870096880078 201 201 1 29 33 59 99 57 4993
 30.01192854543383 201 201 1 16 19 99 60 59 0
 33.0514292798964 201 201 1 39 36 99 37 36 0
 32.06473288201352 201 201 1 36 8 83 77 60 12807
 30.8611474819878 201 201 1 41 14 99 66 64 0
 29.75497664525873 201 201 1 40 67 99 53 51 0
 30.84537474858295 201 201 1 24 6 99 57 56 0
 29.28657851788737 201 201 1 47 8 99 56 54 0
 29.72612362323584 201 201 1 7 14 99 50 49 0
 28.28348753931306 201 201 1 23 11 99 70 69 0
 27.88739417689747 201 201 1 17 53 99 54 53 0
 27.35196972915153 201 201 1 34 3 99 73 71 0
 26.42357801519239 201 201 1 19 8 96 43 39 0
 32.31734084396235 201 201 1 41 33 69 83 51 38853
 27.24293022436228 201 201 1 23 50 96 44 40 0
 29.09952481833862 201 201 1 26 28 84 63 47 381
 24.26706653780532 201 201 1 7 58 96 50 46 0
 28.80249392337272 201 201 1 34 17 93 50 43 13
 24.84900635063905 201 201 1 23 61 99 47 46 0
 24.10019611108536 201 201 1 14 0 99 56 54 0
 24.65636192688616 201 201 1 17 61 96 47 43 0
 24.13860415949847 201 201 1 6 0 96 49 44 0
 28.90435972239952 201 201 1 77 75 83 71 54 14
 28.50649304469472 201 201 1 6 17 74 57 31 183
 27.52375779069862 201 201 1 29 8 84 64 49 85
 27.96876552237483 201 201 1 11 3 83 54 37 17
 27.21313885826127 201 201 1 26 0 83 57 40 486
 27.60210832318646 201 201 1 21 0 81 54 36 199
 25.44961498837739 201 201 1 41 0 79 80 59 39
 25.01378004654473 201 201 1 17 0 69 66 34 1253
 24.03055081596918 201 201 1 33 3 70 83 53 1976
 23.4602925762569 201 201 1 19 31 63 81 44 776
 23.49579187592092 201 201 1 30 17 79 71 50 289
 23.63988674166431 201 201 1 17 0 66 81 47 305
 21.28935570390914 201 201 1 39 22 87 56 43 160
 21.13084668347227 201 78 1 19 22 57 93 50 1227
 20.774796601611 201 201 1 10 53 57 91 49 4312
 20.21396822920922 201 60 1 19 28 70 89 59 811
 18.94551328060729 201 201 1 21 8 90 73 63 48
 21.05934605723812 201 61 1 9 58 63 94 57 1190
 17.8287088802002 201 61 1 13 14 61 93 54 74164
 19.62656389186195 201 201 1 10 19 64 91 56 1362
 18.73400698281344 201 0 0 0 0 0 0 0 0


# name: timeElapsed
# type: scalar
6071.746327161789


# name: currTrainEval
# type: matrix
# rows: 1
# columns: 3
 0.9098214285714286 0.8733766233766234 0.9590017825311943


# name: currTestEval
# type: matrix
# rows: 1
# columns: 3
 0.9285714285714286 0.8954248366013072 0.9716312056737588


# name: nIterations
# type: scalar
50


