# Created by Octave 3.6.4, Mon Nov 25 21:06:55 2013 CET <alex@desktop>
# name: trainEval
# type: matrix
# rows: 5
# columns: 3
 0.8151785714285714 0.8721174004192872 0.7402135231316725
 0.7901785714285714 0.7273991655076495 0.9306049822064056
 0.9098214285714286 0.8733766233766234 0.9590017825311943
 0.8232142857142857 0.8579881656804734 0.7754010695187166
 0.8973214285714286 0.8486739469578783 0.9679715302491103


# name: testEval
# type: matrix
# rows: 5
# columns: 3
 0.8392857142857143 0.88 0.7857142857142857
 0.7642857142857142 0.7202380952380952 0.8642857142857143
 0.9285714285714286 0.8954248366013072 0.9716312056737588
 0.8428571428571429 0.875968992248062 0.8014184397163121
 0.9321428571428572 0.8903225806451613 0.9857142857142858


# name: meanTrainEval
# type: matrix
# rows: 1
# columns: 3
 0.8471428571428572 0.8359110603883824 0.8746385775274199


# name: meanTestEval
# type: matrix
# rows: 1
# columns: 3
 0.8614285714285715 0.8523909009465251 0.8817527862208714


