# Created by Octave 3.6.4, Mon Nov 25 02:39:33 2013 CET <alex@desktop>
# name: packedTrainedGnn
# type: scalar struct
# ndims: 2
 1 1
# length: 14
# name: transitionNet
# type: scalar struct
# ndims: 2
 1 1
# length: 15
# name: weights1
# type: matrix
# rows: 5
# columns: 7
 0.782799100789649 -7.176826878929441 -0.6441060663628527 -0.0005295376876301543 0.1640312575785361 0.1972579325941677 0.3488630598271998
 -0.04771631859450876 2.48449281334028 -0.03254727333966043 -0.01418868226484832 0.3596462204929206 -0.1340991381422162 -0.2905621149848699
 0.09617213550489663 -0.1038281118120112 0.01102669634674753 0.06248009806112055 0.5215283715105765 0.25204477015797 -0.04871336335377371
 0.3021696774425374 -0.01123131932942009 -0.1118075298352038 -0.1925881288298352 0.1229450032336375 -0.07554782704717938 0.1706457655369731
 0.07699032976308087 4.257497540689027 0.1223915023244606 0.1191151405952924 0.3685156247961509 0.03837277359282701 0.2216188441242575


# name: bias1
# type: matrix
# rows: 5
# columns: 1
 0.730741043631875
 0.1500047537202855
 -0.5280921447302861
 0.2922401482381282
 0.1190265233337003


# name: weights2
# type: matrix
# rows: 5
# columns: 5
 -0.482803520656152 0.08166971129039145 -0.1485748204355063 -0.3104360403790088 -0.8793781171787204
 -0.2139029439001303 0.3945244032497469 -0.7782343877424968 -0.04498609270883912 -0.4832385586711934
 -0.1441124706514685 0.1116809815008732 -0.3223500741461043 0.1944496110950878 -0.7996586113512245
 -0.3731404205904399 0.4886419477051195 -0.09360781211165835 -0.07324790537686275 -0.8267935927839064
 0.3805425522204173 -1.468832513706828 -0.1620057993822811 1.307990353963201 0.007579546771703929


# name: bias2
# type: matrix
# rows: 5
# columns: 1
 0.9359641242901158
 0.312128250311326
 0.2508452059885736
 0.5804193791187915
 -0.1006372199738384


# name: nInputLines
# type: scalar
7


# name: nHiddenNeurons
# type: scalar
5


# name: nOutputNeurons
# type: scalar
5


# name: nWeights
# type: scalar
70


# name: outputFun
# type: sq_string
# elements: 1
# length: 6
tansig


# name: activation1
# type: matrix
# rows: 0
# columns: 0


# name: activationderivative1
# type: matrix
# rows: 0
# columns: 0


# name: activation2ndderivative1
# type: matrix
# rows: 0
# columns: 0


# name: activation2
# type: matrix
# rows: 0
# columns: 0


# name: activationderivative2
# type: matrix
# rows: 0
# columns: 0


# name: activation2ndderivative2
# type: matrix
# rows: 0
# columns: 0




# name: outputNet
# type: scalar struct
# ndims: 2
 1 1
# length: 15
# name: weights1
# type: matrix
# rows: 5
# columns: 5
 0.01026490795055364 0.1359368707110879 0.137945833257136 -0.06427545404182708 -0.2838362961068609
 0.270175009847316 -0.05067993443612787 -0.0634199512333498 0.1296936226703311 -0.07850710861661446
 -0.1211332410150368 -0.09399172352938383 -0.08980969529612491 -0.06118872410319952 0.2199467399485857
 0.1232414387356454 0.1616171611177464 0.1370669188176376 0.03134648206645965 -0.2133228343211497
 0.02938967586103343 0.1172177927606972 0.1302937111240833 -0.07485236909196882 -0.2801182794009604


# name: bias1
# type: matrix
# rows: 5
# columns: 1
 -0.4829098120525084
 0.06430580997039267
 0.9416400522795905
 -0.4866591551870829
 -0.4776934203418823


# name: weights2
# type: matrix
# rows: 1
# columns: 5
 0.2543306664518578 -0.0252948705702986 -1.350054302816563 0.1108007143938111 0.3743879618663677


# name: bias2
# type: scalar
-0.1769985215053876


# name: nInputLines
# type: scalar
5


# name: nHiddenNeurons
# type: scalar
5


# name: nOutputNeurons
# type: scalar
1


# name: nWeights
# type: scalar
36


# name: outputFun
# type: sq_string
# elements: 1
# length: 6
tansig


# name: activation1
# type: matrix
# rows: 0
# columns: 0


# name: activationderivative1
# type: matrix
# rows: 0
# columns: 0


# name: activation2ndderivative1
# type: matrix
# rows: 0
# columns: 0


# name: activation2
# type: matrix
# rows: 0
# columns: 0


# name: activationderivative2
# type: matrix
# rows: 0
# columns: 0


# name: activation2ndderivative2
# type: matrix
# rows: 0
# columns: 0




# name: maxIndegree
# type: scalar
11


# name: stateSize
# type: scalar
5


# name: nodeLabelSize
# type: scalar
1


# name: edgeLabelSize
# type: scalar
1


# name: minStateDiff
# type: scalar
1e-08


# name: minErrorAccDiff
# type: scalar
1e-08


# name: contractionConstant
# type: scalar
0.9


# name: nWeights
# type: scalar
106


# name: nodeLabelMeans
# type: scalar
4.383420111226849


# name: nodeLabelStds
# type: scalar
2.885950052234235


# name: edgeLabelMeans
# type: scalar
0


# name: edgeLabelStds
# type: scalar
1




# name: trainStats
# type: matrix
# rows: 51
# columns: 10
 33.77590697213445 14 10 1 0 0 63 87 50 2254
 31.18722113489994 44 32 1 53 31 53 96 49 1392
 41.97686966791689 68 56 1 10 56 49 97 46 932
 30.91709118591484 201 33 1 34 19 61 89 50 997
 31.03719999299265 201 30 1 16 50 80 71 51 18
 31.36565408065018 201 12 1 54 39 87 81 69 29
 31.4075878953018 201 36 1 6 50 49 97 46 45
 28.95684585061398 201 201 1 21 17 41 100 41 49276
 28.22286263258374 201 40 1 36 25 71 87 59 22
 27.26298704887054 201 201 1 33 50 49 86 34 171
 28.12350980279798 201 64 1 24 33 71 89 60 40
 25.95678124844578 201 48 1 13 17 66 93 59 144
 24.8517751035515 201 63 1 17 31 63 91 54 209
 23.58206452539732 201 111 1 24 14 39 96 34 308
 29.02858122289842 201 201 1 29 64 81 74 56 367
 23.65080908565814 201 201 1 40 22 93 51 44 4
 22.72456100633146 201 201 1 19 58 86 44 30 725
 22.44789459839143 201 201 1 29 14 83 56 39 161
 23.09570510566743 201 158 1 37 0 59 91 50 6756
 33.73948101834007 201 53 1 10 14 49 91 40 2074
 39.57758259394488 201 38 1 29 14 63 91 54 643
 41.06962376836803 201 38 1 19 0 56 96 51 603
 45.05121992620401 201 27 1 10 61 60 100 60 67341
 45.16763557000448 201 47 1 11 6 49 100 49 422453
 45.43830636806655 201 201 1 16 25 51 100 51 165075
 43.63245018236557 201 135 1 16 42 57 100 57 200269
 39.48466201221483 201 176 1 10 14 46 100 46 13744
 33.89651788537915 201 201 1 40 17 86 74 60 79991
 36.29598813064838 201 201 1 11 17 89 69 57 46
 33.6039221284183 201 201 1 24 0 89 71 60 130
 32.90610589870482 201 201 1 20 28 76 86 61 753
 33.25697846049581 201 201 1 19 0 73 96 69 895
 32.39036469854323 201 201 1 26 14 86 67 53 511
 32.41580987590495 201 201 1 30 17 81 71 53 2234
 31.79676338023314 201 201 1 23 3 71 86 57 212
 31.65086724599143 201 201 1 14 19 60 100 60 7315
 31.46205581796343 201 201 1 23 6 84 74 59 81086
 31.40613477801793 201 201 1 3 8 77 79 56 44157
 30.84599623817221 201 201 1 37 17 81 71 53 5447
 30.51183336056368 201 201 1 10 28 83 63 46 145
 29.90466427741152 201 201 1 11 8 80 66 46 173
 29.29300281359999 201 201 1 37 3 69 100 69 1941
 27.71746234434422 201 88 1 11 28 60 97 57 3268
 26.76748920929326 201 201 1 33 8 79 66 44 17481
 24.55607000363467 201 201 1 4 25 83 57 40 161
 23.39378118765837 201 70 1 41 11 56 99 54 6504
 24.50164234549733 201 201 1 13 28 81 59 40 188
 23.24839634337153 201 201 1 31 14 81 71 53 157
 22.99432161353347 201 201 1 20 19 79 59 37 438
 23.3007864475444 201 201 1 23 11 59 94 53 734
 24.67599573292271 201 0 0 0 0 0 0 0 0


# name: timeElapsed
# type: scalar
6289.417820930481


# name: currTrainEval
# type: matrix
# rows: 1
# columns: 3
 0.8973214285714286 0.8486739469578783 0.9679715302491103


# name: currTestEval
# type: matrix
# rows: 1
# columns: 3
 0.9321428571428572 0.8903225806451613 0.9857142857142858


# name: nIterations
# type: scalar
50


