# Created by Octave 3.6.4, Mon Nov 25 00:54:44 2013 CET <alex@desktop>
# name: packedTrainedGnn
# type: scalar struct
# ndims: 2
 1 1
# length: 14
# name: transitionNet
# type: scalar struct
# ndims: 2
 1 1
# length: 15
# name: weights1
# type: matrix
# rows: 5
# columns: 7
 -0.07537671285701439 12.35917082087525 0.4353028287089969 0.1609172212873459 0.5417542752642459 0.1247570568624558 -0.2754590153355942
 -0.07343212965846431 24.51418036435799 0.198252941933962 0.06430126152551925 0.01839477120675617 -0.2761937876063698 -0.1614126684271739
 1.563185750778834 -0.1038281118120112 0.05985946584411241 0.783178092646735 0.1769181535122406 6.791120519379247 -0.2894993668196336
 0.2780658063265212 -0.01123131932942009 0.359006074358495 0.3057769625701725 30.32408533618724 -0.0367545516553137 0.251411001810371
 0.8656502218743589 31.52910758551462 0.1187308876523846 0.03278241242799131 0.1940832063243788 0.067634456984251 -0.03188760404304359


# name: bias1
# type: matrix
# rows: 5
# columns: 1
 0.422370185507075
 0.1869909973883976
 -0.270370096821062
 -0.03067163946187574
 -0.02918618040389971


# name: weights2
# type: matrix
# rows: 5
# columns: 5
 -0.1514698143807625 -0.8166545718956348 -0.1783056423731064 -0.05331830454630995 -0.251599380503331
 -0.5569244733372938 -1.135532291219457 0.7550395938742046 0.2936641819882047 0.4175737904172857
 -1.307172130222668 -0.06555755316782712 -0.6984272854722071 0.2180834410598877 -0.3864046698523997
 -0.7285129650816324 0.4184118815496319 -1.320716685736184 -0.07054201997482454 -0.4665319935611981
 0.1386811027766485 0.1211845350696451 -0.1095973332829452 2.465371703411012 0.1345365673881775


# name: bias2
# type: matrix
# rows: 5
# columns: 1
 0.2230520979892215
 0.4459363380302118
 0.8785430871052758
 0.9786245316478247
 -0.8718348568984463


# name: nInputLines
# type: scalar
7


# name: nHiddenNeurons
# type: scalar
5


# name: nOutputNeurons
# type: scalar
5


# name: nWeights
# type: scalar
70


# name: outputFun
# type: sq_string
# elements: 1
# length: 6
tansig


# name: activation1
# type: matrix
# rows: 0
# columns: 0


# name: activationderivative1
# type: matrix
# rows: 0
# columns: 0


# name: activation2ndderivative1
# type: matrix
# rows: 0
# columns: 0


# name: activation2
# type: matrix
# rows: 0
# columns: 0


# name: activationderivative2
# type: matrix
# rows: 0
# columns: 0


# name: activation2ndderivative2
# type: matrix
# rows: 0
# columns: 0




# name: outputNet
# type: scalar struct
# ndims: 2
 1 1
# length: 15
# name: weights1
# type: matrix
# rows: 5
# columns: 5
 0.2362971557191942 0.05242680846421553 0.2463241420178625 0.3733425749766504 -4.417297631441897
 10.60548214476241 0.3449344068908353 0.5499144832732868 0.5457284900342678 -0.06070059998055117
 -0.1403408432723134 -0.8262800322158821 -0.3263147120931103 -0.05418245030244716 4.855346408619795
 0.003871696568428068 0.01772598576289994 0.04198113652534958 -0.1288705002258283 -0.2382999049835496
 0.100151191235411 0.3663826116101758 0.2699071927194712 -0.01290015376023692 -3.703457844110017


# name: bias1
# type: matrix
# rows: 5
# columns: 1
 -1.074741834447449
 -0.5822312972786439
 1.931874117561411
 0.5271136663188341
 -1.709044577906875


# name: weights2
# type: matrix
# rows: 1
# columns: 5
 0.02666780642964724 0.05708928439783916 -0.08516957555595275 -7.555857221140168 0.1752321410024013


# name: bias2
# type: scalar
0.05151993851682293


# name: nInputLines
# type: scalar
5


# name: nHiddenNeurons
# type: scalar
5


# name: nOutputNeurons
# type: scalar
1


# name: nWeights
# type: scalar
36


# name: outputFun
# type: sq_string
# elements: 1
# length: 6
tansig


# name: activation1
# type: matrix
# rows: 0
# columns: 0


# name: activationderivative1
# type: matrix
# rows: 0
# columns: 0


# name: activation2ndderivative1
# type: matrix
# rows: 0
# columns: 0


# name: activation2
# type: matrix
# rows: 0
# columns: 0


# name: activationderivative2
# type: matrix
# rows: 0
# columns: 0


# name: activation2ndderivative2
# type: matrix
# rows: 0
# columns: 0




# name: maxIndegree
# type: scalar
11


# name: stateSize
# type: scalar
5


# name: nodeLabelSize
# type: scalar
1


# name: edgeLabelSize
# type: scalar
1


# name: minStateDiff
# type: scalar
1e-08


# name: minErrorAccDiff
# type: scalar
1e-08


# name: contractionConstant
# type: scalar
0.9


# name: nWeights
# type: scalar
106


# name: nodeLabelMeans
# type: scalar
4.360304049265533


# name: nodeLabelStds
# type: scalar
2.920583756710593


# name: edgeLabelMeans
# type: scalar
0


# name: edgeLabelStds
# type: scalar
1




# name: trainStats
# type: matrix
# rows: 51
# columns: 10
 33.7844520559383 13 9 1 0 0 66 86 51 3529
 31.2507006097777 34 25 1 50 31 57 94 51 800
 42.17091065847138 86 71 1 13 56 50 90 40 409
 32.36714958692655 201 54 1 30 25 57 90 47 28
 37.52408302317292 201 70 1 33 50 53 91 44 2629
 33.61411959724646 201 41 1 24 11 64 74 39 92
 33.18387740133511 201 201 1 21 42 51 100 51 3837
 33.70779340015859 201 201 1 26 14 59 99 57 5423
 33.67680844919766 201 69 1 24 53 49 99 47 16778
 33.21649096138431 201 40 1 11 6 59 100 59 45249
 32.57222464988973 201 13 1 24 17 60 87 47 20292
 31.65826358445797 201 21 1 47 36 63 89 51 583
 30.81221556976511 201 25 1 14 0 50 94 44 4178
 32.45786540098715 201 52 1 30 42 59 91 50 12083
 29.51293561350097 201 21 1 27 3 71 74 46 16999
 29.1434984813201 201 201 1 36 36 81 77 59 954
 27.61699255024314 201 25 1 20 8 69 86 54 2569
 26.32580636361407 201 27 1 19 14 80 81 61 102874
 30.7392570773468 201 62 1 49 53 67 90 57 21753
 25.41435522267549 201 201 1 23 25 50 90 40 427207050
 24.93010082685118 201 62 1 33 33 66 83 49 241709
 23.78495725353193 201 201 1 31 28 93 67 60 4
 22.46787787478131 201 126 1 27 25 69 80 49 13123
 22.75154025536649 201 201 1 34 6 87 46 33 131
 23.01825721739688 201 104 1 31 39 67 91 59 159116
 25.48848693586148 201 201 1 31 17 90 53 43 360
 24.91826035247679 201 201 1 16 8 96 46 41 70
 24.35002688483866 201 201 1 44 44 86 67 53 321
 25.91104063617712 201 64 1 14 17 66 91 57 123054
 22.46759835703204 201 82 1 27 39 64 79 43 220272
 22.89049069072325 201 32 1 13 22 66 70 36 2594979362371
 23.54596990127995 201 201 1 4 44 73 77 50 327147
 24.97720425715575 201 28 1 23 19 71 73 44 185047
 26.11413802808034 201 201 1 33 11 84 50 34 814315
 24.9751914544962 201 27 1 17 39 80 76 56 137286063
 25.90909321975586 201 39 1 20 8 63 84 47 54793
 27.05391435080618 201 35 1 9 0 66 83 49 33370
 25.55870323333855 201 28 1 23 22 71 70 41 566249
 26.77966848833016 201 140 1 7 44 61 84 46 3408471
 26.06211989994413 201 201 1 24 14 51 83 34 596254194
 27.86623783968701 201 74 1 27 33 70 77 47 5816669
 26.00799984700989 201 80 1 20 8 56 90 46 6643253
 26.93138645416522 201 201 1 23 25 60 87 47 5374434968
 24.63610111193571 201 111 1 13 6 49 91 40 1641247
 24.44870261015257 201 201 1 43 0 70 60 30 341115
 22.27862403036377 201 201 1 20 56 67 84 51 15307815
 23.9399003800347 201 154 1 11 0 47 94 41 872038530
 24.44525362151162 201 201 1 11 8 56 90 46 103733018
 23.35821376491486 201 201 1 19 42 69 87 56 11921141252437
 25.31029050653127 201 201 1 19 22 54 97 51 957685
 26.2687256521145 201 0 0 0 0 0 0 0 0


# name: timeElapsed
# type: scalar
6031.2724609375


# name: currTrainEval
# type: matrix
# rows: 1
# columns: 3
 0.8232142857142857 0.8579881656804734 0.7754010695187166


# name: currTestEval
# type: matrix
# rows: 1
# columns: 3
 0.8428571428571429 0.875968992248062 0.8014184397163121


# name: nIterations
# type: scalar
50


