# Created by Octave 3.6.2, Wed May 22 11:00:07 2013 CEST <alex@desktop>
# name: trainStats
# type: matrix
# rows: 51
# columns: 10
 11.10159264218779 11 8 0 0 0 100 7 7 0
 10.74276292108539 16 13 0 51 47 100 7 7 0
 13.23011616514652 26 21 0 31 47 100 7 7 0
 10.98422697152141 161 141 0 23 25 100 7 7 0
 10.78844076239878 201 201 0 30 11 100 7 7 0
 11.10394366457162 201 201 0 34 47 100 7 7 0
 10.91693771875726 201 201 0 29 17 100 7 7 0
 10.77146993733984 201 201 0 36 25 100 7 7 0
 10.77801235194276 201 201 0 20 50 100 7 7 0
 10.909512902002 201 201 0 26 17 100 7 7 0
 10.78630287594719 149 86 0 60 53 100 7 7 0
 10.74108102433889 201 201 0 9 28 100 7 7 0
 10.73524112171777 201 201 1 46 28 100 43 43 1
 10.76757248212591 201 201 0 33 25 100 7 7 0
 10.77871619359218 201 201 0 20 75 100 7 7 0
 10.74510262630049 201 201 1 7 11 100 63 63 0
 10.71534379221374 201 201 1 36 11 100 66 66 0
 10.6755398584338 201 201 1 34 11 93 46 39 12
 10.6262154031666 201 201 1 29 25 99 56 54 3
 10.68590713051029 201 201 1 19 61 97 49 46 23
 10.66728405955629 201 201 1 24 14 100 39 39 0
 10.74696924692874 201 201 1 39 14 100 57 57 0
 10.68370307729839 201 201 1 30 53 100 61 61 0
 10.67077879248119 201 201 1 40 19 100 36 36 1
 10.64033527316724 201 201 1 34 0 94 51 46 9
 10.64523026822513 201 201 1 21 42 100 54 54 1
 10.62558910446979 201 201 1 30 25 100 70 70 0
 10.60430767703121 201 201 1 31 19 100 70 70 6
 10.59111036605604 201 201 1 39 53 97 50 47 3
 10.58697895047462 201 201 1 27 11 99 47 46 4
 10.60067011569745 201 201 1 34 17 99 70 69 12
 10.57014886188817 201 201 1 43 17 100 47 47 0
 10.52572108969991 201 201 1 21 3 100 74 74 1
 10.52750817981392 201 201 1 24 6 100 73 73 4
 10.51442685463287 201 201 1 44 11 100 44 44 1
 10.47408364261286 201 201 1 16 61 100 43 43 0
 10.48313193252564 201 201 1 36 3 100 59 59 4
 10.46182881441024 201 201 1 17 22 100 51 51 2
 10.50889460889098 201 201 1 31 22 99 57 56 5
 10.33758205100305 201 201 1 33 22 96 74 70 2
 10.51490734612061 201 201 1 11 58 100 74 74 0
 10.43512669568668 201 201 1 31 28 100 47 47 0
 10.36504018176429 201 201 1 20 36 100 60 60 4
 10.5042948168657 201 201 1 19 42 93 73 66 6
 10.25628800881476 201 201 1 13 6 100 64 64 1
 10.27243338489269 201 201 1 14 25 99 73 71 2
 10.5020594664498 201 201 1 17 42 100 66 66 0
 10.39424631690203 201 201 1 41 3 100 43 43 0
 10.27974134140426 201 201 1 23 72 99 74 73 1
 10.33707882785969 201 201 1 26 0 99 57 56 1
 10.40437466114126 201 0 0 0 0 0 0 0 0


# name: timeElapsed
# type: scalar
5082.824838876724


# name: evaluation
# type: matrix
# rows: 1
# columns: 3
 0.6333333333333333 0.8048780487804879 0.4782608695652174


# name: contractionConstant
# type: scalar
1.2


# name: minStateDiff
# type: scalar
1e-08


# name: minErrorAccDiff
# type: scalar
1e-08


