# Created by Octave 3.6.2, Wed May 22 06:26:14 2013 CEST <alex@desktop>
# name: trainStats
# type: matrix
# rows: 51
# columns: 10
 11.10159264218793 12 8 0 0 0 100 7 7 0
 10.7427629211139 16 13 0 51 47 100 7 7 0
 13.23011616497728 27 21 1 30 47 94 51 46 54
 10.88856141236137 151 124 0 24 8 100 7 7 0
 11.05842008918224 44 37 0 24 33 100 7 7 0
 10.75010172267628 39 33 1 21 19 94 54 49 8
 10.49972552972993 47 40 0 16 58 100 7 7 0
 10.36967063049205 43 37 1 16 19 97 60 57 7
 10.24175929890842 91 80 1 16 39 93 57 50 219
 9.799288948300537 70 53 1 31 14 54 97 51 96
 9.842711752504526 201 201 1 11 31 61 99 60 403
 9.210265539534902 201 144 1 26 14 56 99 54 123
 10.09769100435373 201 201 1 37 31 74 79 53 22
 10.12789860438315 201 201 1 19 22 67 86 53 571
 10.09654100708415 201 201 1 13 33 53 100 53 6597
 10.08126630352671 56 40 1 34 22 81 81 63 147
 10.28313232665855 22 14 0 41 44 100 7 7 0
 10.28452110107909 116 80 1 23 19 64 79 43 355
 10.44683343479529 190 134 1 36 28 73 79 51 79
 10.25441789263672 125 117 1 14 19 66 79 44 810
 10.33456446045569 201 201 1 19 8 79 70 49 1734
 10.33786000405663 98 71 1 29 36 63 87 50 397
 10.25245796318268 76 61 1 24 22 63 96 59 9537
 10.36103131042361 54 51 0 30 33 100 7 7 0
 10.32263948307123 123 117 1 19 25 70 87 57 13387
 10.19578950210561 42 47 0 24 25 100 7 7 0
 10.13124371725002 41 29 0 9 8 100 7 7 0
 9.863539561362334 29 21 0 27 25 100 7 7 0
 10.05184361370333 201 201 1 33 44 41 96 37 1025
 10.0048553489801 47 40 1 31 22 80 70 50 15383131
 9.95393265080949 55 42 1 19 8 76 67 43 629758910
 9.873250723610285 44 44 0 29 6 100 7 7 0
 9.81978077243048 48 52 1 23 44 67 83 50 11776036728
 9.740913390482948 40 37 1 34 8 99 46 44 1572222442210
 9.67493597670255 36 28 0 13 28 100 7 7 0
 9.500509682982683 32 24 0 14 8 100 7 7 0
 9.540322929414987 27 19 1 19 14 93 47 40 1115706586609572
 9.428090716480046 28 21 0 30 22 100 7 7 0
 9.37035539154728 36 24 1 26 22 74 57 31 2790771052775365
 9.229760939917181 34 24 1 14 14 91 44 36 3438530502589481
 9.137933880275847 22 16 0 19 6 100 7 7 0
 9.545404279528064 201 52 1 34 36 69 69 37 64623
 9.104246339066403 64 61 1 3 3 81 67 49 1999097500185147
 9.214352022630784 75 70 1 21 53 80 51 31 2.631776780605828e+16
 9.152474102824124 56 43 1 10 3 89 40 29 7.238863756294491e+16
 9.252188535434229 64 50 1 7 6 71 51 23 5.590524264403251e+17
 9.49957055994952 201 45 1 49 6 61 77 39 1341040
 9.149930731364323 19 10 1 23 19 96 30 26 3799638012082973
 9.18574037387784 42 35 1 26 19 81 63 44 5639982239403119
 9.038043272780518 39 34 1 0 11 76 64 40 6.550384586259006e+16
 8.893071282971567 36 0 0 0 0 0 0 0 0


# name: timeElapsed
# type: scalar
2384.711393117905


# name: evaluation
# type: matrix
# rows: 1
# columns: 3
 0.725 0.8333333333333334 0.6521739130434783


# name: contractionConstant
# type: scalar
0.9


# name: minStateDiff
# type: scalar
1e-08


# name: minErrorAccDiff
# type: scalar
1e-08


