# Created by Octave 3.6.2, Wed May 22 16:27:19 2013 CEST <alex@desktop>
# name: trainStats
# type: matrix
# rows: 51
# columns: 10
 11.10159264218546 10 6 0 0 0 100 7 7 0
 10.74276292082908 14 11 0 51 47 100 7 7 0
 13.23011616768029 23 17 1 26 47 61 79 40 531
 10.99643568815272 41 33 1 29 8 50 89 39 2624
 10.7002811176276 180 157 1 24 47 53 91 44 17086
 10.97732915390597 70 65 1 24 53 73 90 63 4477
 11.06391620931568 92 77 1 30 44 91 59 50 59
 10.89049584899823 201 201 1 31 14 83 60 43 299
 11.1386743178776 54 46 1 23 42 76 77 53 25258
 10.98280615161468 101 94 1 29 3 97 49 46 3
 10.83123709265288 77 74 0 10 0 100 7 7 0
 10.83758548183552 101 68 0 9 64 100 7 7 0
 10.69304462118919 161 148 1 10 3 100 56 56 1
 10.51517251917491 100 70 1 19 22 97 44 41 5
 10.27855126826175 45 36 1 7 28 97 44 41 3
 10.01908997792264 28 23 1 27 36 100 50 50 1
 10.16801197617278 201 201 1 41 25 53 94 47 827
 9.690315867494188 41 28 1 14 33 100 49 49 18
 8.769350373772687 17 15 1 39 28 63 83 46 108
 8.591911158882414 71 49 1 20 25 51 99 50 14465
 8.966539567110679 33 21 1 39 22 64 77 41 2350
 9.109553319783375 69 62 1 17 11 71 93 64 615
 8.496372262115509 64 43 1 16 58 57 91 49 4729
 8.592849962774389 201 173 1 4 3 60 89 49 668
 8.927967676901085 201 201 1 33 22 81 70 51 11629
 8.951824870598422 201 201 1 11 36 91 57 49 109
 8.706722582734109 201 201 1 20 36 97 50 47 0
 8.633514286126903 74 58 0 17 28 100 7 7 0
 9.08123794979084 93 79 0 39 42 100 7 7 0
 12.52758611006045 201 201 1 34 25 96 53 49 128
 12.8431153862096 54 99 1 26 17 76 77 53 49
 10.96701367555455 116 157 1 39 8 89 66 54 133
 12.32396952180463 150 201 1 23 3 90 60 50 23
 11.22721630132611 201 201 1 26 8 90 57 47 42
 11.42753761565115 147 201 1 30 0 96 50 46 565
 11.51466944017243 133 201 1 43 8 86 60 46 3
 10.49378764506376 201 201 1 21 36 97 71 69 5
 10.37880534949156 201 201 1 30 11 97 53 50 2
 10.18882499317442 86 140 1 36 61 89 56 44 12
 10.61433950376748 39 16 1 40 14 100 43 43 18
 9.874831976470169 201 201 1 6 33 89 56 44 394
 10.06034862947627 112 87 1 64 33 90 56 46 44
 9.623976757162611 114 48 1 6 8 74 74 49 170
 9.591426135679814 111 201 1 31 11 90 67 57 7
 9.379099192861442 133 201 1 17 17 89 56 44 140
 9.290307151239311 201 201 1 33 31 91 60 51 161
 9.126879773386332 201 201 1 33 11 96 40 36 3
 9.13664366675704 110 40 1 20 19 80 74 54 50
 8.98133658171882 201 201 1 37 17 90 56 46 19
 8.90798980169702 119 201 1 13 3 86 64 50 12
 8.791631099331561 55 0 0 0 0 0 0 0 0


# name: timeElapsed
# type: scalar
3295.862262010574


# name: evaluation
# type: matrix
# rows: 1
# columns: 3
 0.6833333333333333 0.9696969696969697 0.463768115942029


# name: contractionConstant
# type: scalar
0.6


# name: minStateDiff
# type: scalar
1e-07


# name: minErrorAccDiff
# type: scalar
1e-07


