# Created by Octave 3.6.2, Tue May 21 10:09:03 2013 CEST <alex@desktop>
# name: trainStats
# type: matrix
# rows: 51
# columns: 10
 11.10064159978311 1 6 0 0 0 100 7 7 0
 10.76439301197761 1 12 0 50 50 100 7 7 0
 12.01858585809567 1 15 1 33 44 96 53 49 6
 10.90474718817701 1 24 0 19 11 100 7 7 0
 10.86928464983853 1 14 0 14 33 100 7 7 0
 10.74244263573763 1 74 0 17 22 100 7 7 0
 10.38192174262173 1 29 0 17 53 100 7 7 0
 10.06008913537049 1 24 0 17 25 100 7 7 0
 9.93890781733935 1 21 0 36 47 100 7 7 0
 10.16467451182209 1 26 0 31 28 100 7 7 0
 9.751994767190785 1 17 0 29 36 100 7 7 0
 9.770086728591169 1 25 0 27 33 100 7 7 0
 9.840657505950645 1 20 0 39 33 100 7 7 0
 9.85022184784594 1 37 0 29 17 100 7 7 0
 9.892765183711031 1 45 1 33 39 99 57 56 2
 9.700262773229392 1 66 1 31 50 100 49 49 0
 9.590464241941163 1 84 1 19 17 81 80 61 83
 9.296338741411239 1 29 1 29 25 97 57 54 5
 9.19474257934519 1 201 1 44 6 87 63 50 57
 9.571168315198445 1 201 1 23 56 96 46 41 77
 9.280135593037253 1 201 1 14 8 94 60 54 6
 9.185003262372293 1 111 1 47 28 93 66 59 6
 9.002503042883633 1 201 1 13 19 80 79 59 28
 9.008296912137244 1 201 1 44 22 100 57 57 1
 9.086796689145228 1 201 1 20 61 86 60 46 69
 9.205449572918642 1 201 1 30 8 99 34 33 5
 8.931433055886071 1 201 1 37 33 100 64 64 50
 9.171684613575524 1 201 1 30 58 100 41 41 1
 9.019036411381798 1 201 1 29 28 96 51 47 8
 8.835212262738123 1 105 1 6 33 94 37 31 3
 8.531333555300792 1 201 1 47 14 97 53 50 3
 9.02161573156193 1 83 1 10 28 87 54 41 17
 8.678571882689006 1 201 1 17 6 99 44 43 1
 8.980001401798038 1 201 1 17 33 99 51 50 8
 8.90415045691593 1 201 1 46 33 99 71 70 26
 9.012584488328184 1 85 1 16 8 84 71 56 30
 9.121541296141714 1 201 1 34 58 94 57 51 8
 8.197293132511787 1 201 1 21 8 97 60 57 27
 8.631284079397041 1 201 1 31 36 94 46 40 7
 8.948233226030238 1 201 1 30 25 97 63 60 4
 9.295209797678725 1 176 1 17 17 96 50 46 18
 9.145008846870208 1 83 1 30 47 93 70 63 5
 9.236789053820099 1 65 1 4 14 84 67 51 10312
 9.09785966880086 1 101 1 16 11 83 74 57 23
 8.396983400496271 1 201 1 24 17 97 70 67 12
 8.775269922525444 1 201 1 3 19 90 74 64 143
 8.795491840741382 1 48 1 14 0 86 77 63 8
 8.76690900711273 1 201 1 26 19 80 69 49 27
 8.804682834658976 1 39 1 9 0 83 83 66 353
 8.586291454472233 1 32 1 9 8 70 84 54 17
 9.554311428984164 1 0 0 0 0 0 0 0 0


# name: timeElapsed
# type: scalar
396.0368959903717


# name: evaluation
# type: matrix
# rows: 1
# columns: 3
 0.7416666666666667 0.8392857142857143 0.6811594202898551


# name: contractionConstant
# type: scalar
1.2


# name: minStateDiff
# type: scalar
1e-07


# name: minErrorAccDiff
# type: scalar
1e-07


