# Created by Octave 3.6.2, Wed May 22 01:48:02 2013 CEST <alex@desktop>
# name: trainStats
# type: matrix
# rows: 51
# columns: 10
 11.10159264218573 11 8 0 0 0 100 7 7 0
 10.74276292113614 16 13 0 51 47 100 7 7 0
 13.23011616518035 26 21 1 26 47 61 79 40 531
 10.9964356881445 43 39 1 29 8 50 89 39 2624
 10.70028111592471 168 184 1 24 47 53 91 44 17087
 10.97732915460274 82 75 1 24 53 73 90 63 4477
 11.06391620986816 123 90 1 30 44 91 59 50 61
 11.03875248938739 201 201 1 24 19 86 67 53 553
 11.01217889648349 201 201 1 29 28 79 77 56 398
 10.99924923068555 201 201 1 19 3 96 54 50 3
 10.8912007566118 109 88 1 19 17 83 74 57 4542
 10.80967468190967 201 156 1 10 56 77 81 59 1414
 10.74679573326781 201 169 1 23 17 70 83 53 126
 10.6526291241133 201 201 1 20 28 51 91 43 260
 10.74997406060935 201 76 1 33 11 81 59 40 35
 10.53458718202636 201 158 1 13 36 74 76 50 235
 10.45253494633574 201 201 1 19 11 54 96 50 655
 10.39844001491098 201 157 1 9 14 66 93 59 29002
 10.26761657685974 201 48 0 29 8 100 7 7 0
 10.57850395698725 201 28 1 23 42 74 80 54 90
 10.42432645327205 201 53 1 30 31 90 71 61 252
 10.35279431795212 201 41 0 26 14 100 7 7 0
 10.26577900967247 55 51 0 21 14 100 7 7 0
 10.52644605489802 201 53 0 11 36 100 7 7 0
 10.38465206535853 201 22 1 36 8 76 71 47 251
 10.14323362936618 39 30 1 23 53 57 91 49 8793
 10.12840926731431 201 28 1 24 22 49 90 39 1388
 10.43867967599708 201 90 1 14 50 57 96 53 3581
 10.38361904331618 76 63 1 30 14 53 96 49 577
 10.27636452850346 201 29 1 9 33 61 96 57 830
 10.38722603244355 201 201 1 33 53 86 70 56 361
 10.0994945282936 201 40 1 16 28 56 93 49 7005
 10.10346822122022 201 60 1 21 25 50 90 40 9464
 10.02014953676847 53 49 1 14 19 59 96 54 1105
 9.998520267899909 201 48 1 37 6 76 69 44 27
 10.09629754067469 118 135 1 17 19 74 70 44 1017
 10.76147639515092 101 90 1 20 22 91 67 59 5
 10.74886165137797 101 87 0 20 3 100 7 7 0
 10.5492190226053 157 137 0 21 8 100 7 7 0
 10.83129330685004 99 76 0 33 0 100 7 7 0
 10.18136718352438 99 77 1 33 33 69 91 60 142
 10.41221604436269 88 57 0 16 3 100 7 7 0
 10.38730151223038 67 43 1 41 39 79 69 47 42
 10.16146151468217 53 41 1 9 0 93 67 60 78
 10.0353353538062 69 46 1 19 14 83 84 67 14
 10.16768478187874 49 33 0 29 31 100 7 7 0
 10.05134665556392 37 25 1 17 3 74 81 56 1241
 9.822846024076785 99 33 1 36 47 74 79 53 608
 9.908483970248497 29 22 1 4 3 84 67 51 15
 9.72391818674066 42 25 1 23 28 79 77 56 6929
 9.929466006839524 35 0 0 0 0 0 0 0 0


# name: timeElapsed
# type: scalar
3691.41229891777


# name: evaluation
# type: matrix
# rows: 1
# columns: 3
 0.4416666666666667 1 0.02898550724637681


# name: contractionConstant
# type: scalar
0.6


# name: minStateDiff
# type: scalar
1e-08


# name: minErrorAccDiff
# type: scalar
1e-08


