# Created by Octave 3.6.2, Mon May 20 22:29:11 2013 CEST <alex@desktop>
# name: trainStats
# type: matrix
# rows: 51
# columns: 10
 11.10159312994541 4 8 0 0 0 100 7 7 0
 10.74282741082689 4 13 0 51 47 100 7 7 0
 13.19819152108078 4 21 1 26 47 61 80 41 525
 10.96543541470339 4 37 1 23 8 59 89 47 1557
 10.6642950800888 4 201 1 39 36 97 59 56 0
 10.61043277143501 4 95 1 30 42 61 96 57 5300
 10.48486005806324 4 114 1 16 39 57 99 56 186016
 10.53818605482553 4 58 1 13 58 59 91 50 11629
 10.45911831561994 4 54 1 27 17 60 97 57 14929
 10.51891049233457 4 201 1 7 42 51 99 50 12437
 11.37792351968041 4 201 1 14 44 70 91 61 2683
 12.32630599158964 4 201 1 37 11 96 51 47 309
 12.21744308178443 4 201 1 31 22 86 60 46 76
 12.88051352791605 4 201 1 31 14 99 46 44 0
 12.03422892571907 4 201 1 30 19 99 49 47 0
 11.43418140433525 4 201 1 33 8 94 71 66 3558
 11.04627359297758 4 201 1 31 11 81 73 54 315
 10.78045135241896 4 201 1 14 11 53 97 50 1017
 10.64828091847037 4 201 1 37 39 96 51 47 0
 10.70509868951918 4 201 1 31 39 91 60 51 274
 10.61716649077176 4 201 1 20 19 96 54 50 0
 10.57839059703284 4 201 1 49 36 96 51 47 0
 10.56960688943117 4 201 1 20 39 96 49 44 0
 10.52417824209405 4 201 1 24 6 96 50 46 0
 10.48583130171606 4 201 1 6 33 96 56 51 0
 10.50269611157434 4 201 1 36 36 96 50 46 0
 10.37477727710519 4 201 1 33 14 96 46 41 0
 10.43206054225705 4 201 1 30 47 96 44 40 0
 10.36172608274257 4 201 1 27 8 96 57 53 0
 10.5049508953924 4 201 1 23 58 96 53 49 0
 10.36578330324327 4 201 1 23 6 96 54 50 0
 10.30598913453247 4 201 1 39 44 96 50 46 0
 10.29163674507081 4 201 1 50 14 89 63 51 2
 10.42474709601608 4 201 1 27 44 96 61 57 0
 10.3237332117692 4 201 1 37 22 96 49 44 0
 10.44936646702 4 201 1 40 11 96 56 51 0
 10.37533915264413 4 201 1 29 31 96 51 47 0
 10.42293882322435 4 201 1 39 31 96 61 57 0
 10.33409226769029 4 201 1 27 17 96 57 53 0
 10.37017925007247 4 201 1 33 8 96 61 57 0
 10.24940009615462 4 201 1 33 53 96 53 49 0
 10.44435947218196 4 201 1 24 14 96 57 53 0
 10.40839507427982 4 201 1 23 39 96 57 53 0
 10.28828858573986 4 201 1 41 33 96 51 47 0
 10.19002389461895 4 201 1 33 25 96 60 56 0
 10.23933611057989 4 201 1 30 36 96 56 51 0
 10.31536886728719 4 201 1 11 28 96 53 49 0
 10.33592469358614 4 201 1 51 39 96 51 47 0
 10.34967701922161 4 201 1 26 19 96 51 47 0
 10.2811290964839 4 201 1 49 42 96 53 49 0
 10.25110407991393 4 0 0 0 0 0 0 0 0


# name: timeElapsed
# type: scalar
886.812882900238


# name: evaluation
# type: matrix
# rows: 1
# columns: 3
 0.6 0.6521739130434783 0.6521739130434783


# name: contractionConstant
# type: scalar
0.6


# name: minStateDiff
# type: scalar
1e-08


# name: minErrorAccDiff
# type: scalar
1e-08


