# Created by Octave 3.6.2, Wed May 22 15:32:23 2013 CEST <alex@desktop>
# name: trainStats
# type: matrix
# rows: 51
# columns: 10
 11.10159264218866 11 8 0 0 0 100 7 7 0
 10.74276292110141 17 13 0 51 47 100 7 7 0
 13.23011616497083 27 21 1 26 47 61 79 40 531
 10.99643568815913 45 39 1 29 8 50 89 39 2624
 10.7002811157872 185 184 1 24 47 53 91 44 17087
 10.97732915480325 84 75 1 24 53 73 90 63 4477
 11.06391620985209 120 90 1 30 44 91 59 50 61
 10.91471482782318 201 201 1 26 19 81 66 47 1331
 10.97191370669481 201 201 1 19 28 94 63 57 8
 10.83647780915831 201 201 0 33 3 100 7 7 0
 10.73855267825475 201 201 1 30 11 60 89 49 194
 10.67275580133202 201 201 1 24 53 57 97 54 501
 10.63118370143566 201 201 1 4 6 63 90 53 275
 10.40994027927662 201 201 1 20 25 70 80 50 644
 10.39549287074059 201 186 1 19 25 64 84 49 93
 10.93527199365708 146 149 1 27 28 57 90 47 141
 10.5826933963934 201 201 1 7 3 79 84 63 160
 10.40862756540417 127 113 1 20 50 67 94 61 234627
 10.3962013025735 201 130 1 16 14 64 99 63 16827
 10.46665317524344 109 92 1 11 33 60 97 57 11619
 10.55976833321455 201 143 1 29 17 66 86 51 2640
 10.68202608217349 19 11 1 14 22 79 76 54 205
 10.61819383117619 12 9 1 13 39 70 81 51 1215
 10.9812053932775 201 201 1 30 31 54 99 53 55670
 10.46887207748373 13 9 1 14 22 76 77 53 180
 10.65723516276601 201 201 1 26 50 81 71 53 132
 10.92820880219412 201 201 1 29 11 54 89 43 3408951
 10.68137055539773 154 99 1 14 44 57 96 53 246
 10.58614064518936 201 127 1 21 0 59 90 49 523
 10.53107649030231 201 201 1 29 17 81 59 40 575
 10.87962171741697 201 201 1 27 42 54 93 47 642077255
 10.91023819509319 201 201 1 39 47 86 76 61 234
 11.07690473671011 201 201 1 24 6 86 59 44 37
 10.98361466027457 201 201 1 53 42 96 37 33 26
 10.83106766428174 115 93 1 21 6 50 84 34 755107326
 10.79768019182965 201 201 1 37 19 93 47 40 46
 10.77034344659349 201 120 1 16 11 59 100 59 1529621788
 10.77572564546093 60 43 1 19 56 67 93 60 1339861601
 10.9460503515868 201 74 1 26 17 69 93 61 2493089153
 10.87662855514653 201 201 1 27 19 83 70 53 979
 10.87886910737557 201 201 1 23 17 81 77 59 1159
 10.87339929040326 201 24 0 36 44 100 7 7 0
 10.82135547564623 201 14 1 13 8 90 57 47 4
 10.87089879025858 201 19 0 37 33 100 7 7 0
 10.86377938191824 201 201 1 34 25 94 70 64 40
 10.86839065629504 201 54 1 17 6 54 87 41 55
 10.84197445607803 201 16 1 26 33 49 96 44 156698612430
 10.87938529703828 201 201 1 30 6 83 63 46 35
 10.85145540278626 201 201 1 20 31 81 70 51 240
 10.85527945825237 51 20 1 36 11 69 89 57 3864156153
 10.84635877365478 201 0 0 0 0 0 0 0 0


# name: timeElapsed
# type: scalar
4506.31586098671


# name: evaluation
# type: matrix
# rows: 1
# columns: 3
 0.5666666666666667 0.6164383561643836 0.6521739130434783


# name: contractionConstant
# type: scalar
0.6


# name: minStateDiff
# type: scalar
1e-08


# name: minErrorAccDiff
# type: scalar
1e-08


