# Created by Octave 3.6.2, Wed May 22 08:33:53 2013 CEST <alex@desktop>
# name: trainStats
# type: matrix
# rows: 51
# columns: 10
 11.10159264218647 11 8 0 0 0 100 7 7 0
 10.74276292111793 16 13 0 51 47 100 7 7 0
 13.23011616519502 26 21 1 26 47 61 79 40 531
 10.99643568815901 45 39 1 29 8 50 89 39 2624
 10.70028111604022 196 184 1 24 47 53 91 44 17087
 10.97732915479592 79 75 1 24 53 73 90 63 4477
 11.06391620983968 120 90 1 30 44 91 59 50 61
 11.03749839020377 201 201 1 29 14 86 63 49 225
 11.08760679673848 41 33 1 26 25 80 71 51 221
 10.79999274779317 85 82 1 31 14 56 93 49 2136
 10.7491911416083 62 52 1 19 3 67 97 64 3480
 10.82321826628317 98 87 1 29 53 51 90 41 122
 10.69638174950605 111 160 1 19 22 57 93 50 1028
 10.71123265593848 196 119 1 11 22 54 93 47 1742
 10.67465778776805 105 75 1 16 3 47 96 43 3011
 10.97640362796468 67 20 0 51 58 100 7 7 0
 10.7934871145863 201 201 1 19 42 94 60 54 80
 10.80145410675818 201 201 1 36 33 97 50 47 0
 10.82391495170924 201 201 1 7 47 97 46 43 0
 10.85824638186281 201 201 1 53 39 97 46 43 0
 10.8583672267946 201 201 1 26 14 74 90 64 817
 10.82090046833071 201 201 1 30 36 100 50 50 0
 10.91721013152005 201 201 1 26 47 96 66 61 275
 10.80184193005996 201 201 1 11 22 99 50 49 0
 10.86100489001054 201 201 1 30 56 99 54 53 0
 10.82009067547071 201 201 1 14 17 99 59 57 167
 10.82594681423784 201 201 1 39 8 54 93 47 1520
 10.81274223690192 201 60 1 11 75 76 91 67 6510
 10.79893203748036 201 20 1 31 6 61 87 49 85
 10.81139418800549 201 61 1 23 19 89 66 54 14
 10.85326887736858 201 201 1 26 33 89 70 59 54
 10.81895180848679 201 201 1 34 0 91 64 56 219
 10.82154371923782 201 201 1 11 36 73 66 39 5867
 10.80218370270459 201 201 1 21 8 84 83 67 1538
 10.80878137586557 201 80 1 19 25 80 90 70 12475
 10.81972238851418 201 201 0 23 19 100 7 7 0
 10.81083412805823 201 201 0 9 19 100 7 7 0
 10.76818531469168 201 201 1 27 47 89 69 57 515
 10.7807274915536 201 201 0 14 6 100 7 7 0
 10.74914673942888 201 201 0 7 19 100 7 7 0
 10.7506983464672 201 201 0 7 0 100 7 7 0
 10.75661613841465 201 201 0 40 6 100 7 7 0
 10.74252682490999 201 201 0 0 6 100 7 7 0
 10.72654983045167 201 201 0 57 3 100 7 7 0
 10.70366082554304 201 201 0 30 3 100 7 7 0
 10.73429163962166 201 201 0 17 31 100 7 7 0
 10.71438290408686 201 201 0 1 14 100 7 7 0
 10.71052429905829 201 201 0 34 6 100 7 7 0
 10.71350576861202 201 201 0 16 11 100 7 7 0
 10.75913876884195 201 201 1 26 6 99 69 67 158
 10.67828125491603 201 0 0 0 0 0 0 0 0


# name: timeElapsed
# type: scalar
4683.164149999619


# name: evaluation
# type: matrix
# rows: 1
# columns: 3
 0.5833333333333334 0.5922330097087378 0.8840579710144928


# name: contractionConstant
# type: scalar
0.6


# name: minStateDiff
# type: scalar
1e-08


# name: minErrorAccDiff
# type: scalar
1e-08


