# Created by Octave 3.6.2, Tue May 21 09:46:21 2013 CEST <alex@desktop>
# name: trainStats
# type: matrix
# rows: 51
# columns: 10
 11.10051523038439 1 8 0 0 0 100 7 7 0
 10.73884863552595 1 13 0 44 47 100 7 7 0
 12.81289399091779 1 57 1 33 47 89 69 57 13
 11.10117367130389 1 201 0 23 17 100 7 7 0
 10.81087822463496 1 201 1 23 25 76 81 57 174
 10.63616970653903 1 201 1 13 42 76 80 56 510
 10.77938827708058 1 63 1 23 47 91 70 61 21
 10.45211538272885 1 201 1 21 42 76 81 57 2301
 10.29652334322341 1 201 1 31 17 89 53 41 79
 10.39294175838875 1 201 1 16 33 96 43 39 20
 10.16923905659553 1 201 1 26 47 86 61 47 2888
 10.13722360486373 1 201 1 39 17 69 99 67 473
 9.820350118495176 1 201 1 27 19 94 64 59 1902
 9.749673348783309 1 201 1 40 14 96 51 47 78
 10.35826671441807 1 201 1 30 64 89 60 49 175
 9.865148775498586 1 201 1 37 3 86 73 59 813
 9.979193539244344 1 201 1 27 19 93 70 63 44
 10.03942164300608 1 201 1 53 25 91 66 57 285
 9.996271647043356 1 201 1 13 33 87 53 40 274
 10.02613746767629 1 201 1 34 0 91 59 50 1243
 9.6833819238982 1 201 1 20 92 90 64 54 53
 9.760403445492495 1 201 1 37 0 96 60 56 474
 9.784324995397721 1 201 1 40 19 91 59 50 589
 9.540056383750562 1 201 1 21 19 94 51 46 71
 9.690735251820511 1 201 1 44 47 100 47 47 0
 9.465868789758071 1 201 1 20 22 100 49 49 0
 9.308641918404557 1 201 1 40 14 93 51 44 259
 9.556511440938673 1 201 1 19 17 89 57 46 1524
 9.3870110439754 1 201 1 14 58 94 53 47 36
 9.149945880292341 1 201 1 51 17 93 70 63 84
 9.442686088227196 1 201 1 23 25 93 64 57 34
 9.090306262141103 1 201 1 41 36 96 54 50 73
 8.943988523085558 1 201 1 17 31 91 56 47 16
 8.967862952371338 1 201 1 10 11 97 49 46 14
 8.965665170097914 1 201 1 37 19 87 59 46 388
 8.774180464746076 1 201 1 16 72 87 69 56 245
 8.84253519788283 1 201 1 16 6 100 57 57 0
 9.449349447435271 1 201 1 39 42 84 63 47 57
 8.973390410850309 1 201 1 34 25 90 56 46 244
 9.455278778778769 1 201 1 20 53 99 51 50 37
 9.030091690900038 1 201 1 31 22 90 66 56 176
 8.642410960151848 1 201 1 23 8 96 51 47 532
 8.605813051191303 1 201 1 31 69 93 54 47 56
 8.789256325347443 1 201 1 37 25 47 97 44 413
 8.454442226896649 1 201 1 19 19 94 60 54 11
 8.493187594622528 1 201 1 27 50 93 60 53 76
 8.533422106721 1 201 1 17 28 97 67 64 90
 8.44017233712202 1 201 1 36 33 97 56 53 6
 8.663767321214324 1 201 1 16 33 86 71 57 17
 8.566775524839262 1 201 1 29 17 60 89 49 2123
 8.897912640523165 1 0 0 0 0 0 0 0 0


# name: timeElapsed
# type: scalar
499.4404289722443


# name: evaluation
# type: matrix
# rows: 1
# columns: 3
 0.7833333333333333 0.8115942028985508 0.8115942028985508


# name: contractionConstant
# type: scalar
0.6


# name: minStateDiff
# type: scalar
1e-08


# name: minErrorAccDiff
# type: scalar
1e-08


