# Created by Octave 3.6.2, Mon May 20 21:58:46 2013 CEST <alex@desktop>
# name: trainStats
# type: matrix
# rows: 51
# columns: 10
 11.10159129632892 4 6 0 0 0 100 7 7 0
 10.7427889980347 4 11 0 51 47 100 7 7 0
 13.20670201868727 4 18 0 31 47 100 7 7 0
 10.97829417914379 4 119 0 31 22 100 7 7 0
 10.86013084821339 4 201 0 26 25 100 7 7 0
 10.59710675275107 4 44 0 20 6 100 7 7 0
 10.36515942534519 4 77 0 19 83 100 7 7 0
 10.24583327502239 4 27 0 14 6 100 7 7 0
 9.806897207350502 4 21 1 19 39 93 41 34 5
 9.614662392553512 4 14 1 11 17 89 67 56 13
 9.774747244222469 4 22 1 20 19 84 66 50 16
 9.891818786184178 4 35 0 20 39 100 7 7 0
 10.15162945965929 4 36 1 23 31 97 43 40 4
 10.12771756857046 4 42 0 23 17 100 7 7 0
 10.0372284966009 4 17 0 19 42 100 7 7 0
 10.1395088048382 4 75 0 37 19 100 7 7 0
 9.877412065874871 4 29 0 27 22 100 7 7 0
 9.991049823191227 4 118 0 9 31 100 7 7 0
 9.744116334589519 4 201 0 34 28 100 7 7 0
 9.739072676304236 4 201 0 31 14 100 7 7 0
 9.410112658173576 4 201 0 31 25 100 7 7 0
 9.427267281541127 4 201 1 9 17 100 61 61 1
 9.593914593591608 4 121 0 14 8 100 7 7 0
 9.664754633106009 4 201 0 17 3 100 7 7 0
 9.427539372513596 4 201 0 34 11 100 7 7 0
 9.560731800607488 4 201 0 33 3 100 7 7 0
 9.578399561451022 4 201 0 26 39 100 7 7 0
 9.645219447382631 4 201 1 46 3 100 51 51 0
 9.269684879119565 4 55 0 13 28 100 7 7 0
 9.362983156931611 4 201 0 59 11 100 7 7 0
 8.973241463151316 4 201 0 13 39 100 7 7 0
 8.98692006638224 4 201 0 43 0 100 7 7 0
 8.500275332822275 4 201 0 10 14 100 7 7 0
 8.705722113352181 4 201 0 31 36 100 7 7 0
 8.431824111593286 4 59 0 27 14 100 7 7 0
 8.108178364309611 4 157 0 21 22 100 7 7 0
 7.921985529824207 4 90 0 11 14 100 7 7 0
 8.084043535510341 4 201 0 41 17 100 7 7 0
 8.169750812751499 4 201 0 24 22 100 7 7 0
 7.758767060010082 4 201 0 26 22 100 7 7 0
 7.780309467521191 4 201 0 43 14 100 7 7 0
 7.674802612252721 4 201 0 17 17 100 7 7 0
 7.83561465162142 4 201 0 37 36 100 7 7 0
 7.69843317869258 4 201 0 17 17 100 7 7 0
 7.376821097729231 4 201 0 39 3 100 7 7 0
 7.441777991107043 4 201 0 37 14 100 7 7 0
 7.484061720995951 4 201 0 4 28 100 7 7 0
 7.733846975918813 4 201 0 60 17 100 7 7 0
 7.500516676408499 4 201 0 14 3 100 7 7 0
 7.284058666985666 4 201 0 33 25 100 7 7 0
 7.122061794581636 4 0 0 0 0 0 0 0 0


# name: timeElapsed
# type: scalar
451.8927919864655


# name: evaluation
# type: matrix
# rows: 1
# columns: 3
 0.7916666666666666 0.9399999999999999 0.6811594202898551


# name: contractionConstant
# type: scalar
1.2


# name: minStateDiff
# type: scalar
1e-07


# name: minErrorAccDiff
# type: scalar
1e-07


