# Created by Octave 3.6.2, Tue May 21 10:34:22 2013 CEST <alex@desktop>
# name: trainStats
# type: matrix
# rows: 51
# columns: 10
 11.10049293579571 1 8 0 0 0 100 7 7 0
 10.74570799499261 1 12 0 44 56 100 7 7 0
 12.48788750965108 1 21 1 37 39 97 66 63 4
 10.94275781455999 1 17 0 34 25 100 7 7 0
 10.88909437485122 1 19 1 11 14 86 77 63 95
 10.52124126715675 1 201 1 37 28 90 63 53 44
 10.87455731348617 1 201 1 40 44 96 54 50 0
 10.54643076955768 1 201 1 21 31 97 44 41 29
 10.42245499368085 1 201 0 51 36 100 7 7 0
 10.46162085986711 1 201 0 10 33 100 7 7 0
 10.3592118601465 1 201 1 17 25 100 46 46 4
 10.23868894418265 1 201 1 39 25 100 53 53 0
 10.20781479025051 1 192 0 24 8 100 7 7 0
 10.1271865679727 1 201 0 13 11 100 7 7 0
 9.810112867861445 1 201 0 33 25 100 7 7 0
 9.7916051378094 1 201 1 43 11 100 50 50 0
 9.791446741110791 1 201 1 4 33 100 56 56 0
 9.589884424325435 1 201 1 74 8 100 41 41 1
 9.420776267997903 1 201 1 7 47 84 61 46 11
 9.129772658420416 1 201 1 51 17 87 70 57 74
 9.326195581342953 1 201 1 10 8 97 56 53 4
 8.847347320446133 1 201 1 13 8 100 56 56 1
 8.984213010020651 1 201 1 40 8 100 59 59 1
 8.883958288442486 1 201 1 10 31 96 61 57 3
 9.186824396635245 1 201 1 41 25 97 69 66 2
 9.215727760849321 1 201 1 14 11 99 64 63 3
 9.931151792284686 1 201 1 36 19 100 49 49 0
 8.610241056811944 1 201 1 51 39 100 60 60 0
 8.667989739084502 1 201 1 23 11 100 59 59 0
 9.414277268606723 1 201 1 59 33 99 53 51 1
 9.446768242798623 1 201 1 19 8 100 57 57 0
 8.954146006364818 1 201 1 39 42 100 54 54 0
 9.559147938021429 1 201 1 30 6 100 46 46 1
 8.83394521847419 1 201 1 51 39 100 67 67 0
 8.619424237448396 1 201 1 24 36 100 46 46 0
 9.029683965185876 1 201 1 39 42 100 60 60 334
 9.218055477549761 1 201 1 21 17 100 54 54 1
 9.162065333988355 1 201 1 11 25 100 57 57 0
 8.892228028059222 1 201 1 37 33 100 67 67 0
 9.259131144159698 1 201 1 43 28 100 49 49 0
 8.83586075025962 1 201 1 3 22 100 49 49 0
 9.311496744577784 1 201 1 11 17 100 44 44 0
 8.927393660259577 1 201 1 57 39 100 53 53 0
 8.898441907831502 1 201 1 21 17 100 56 56 0
 8.877999060981683 1 201 1 51 28 100 56 56 0
 8.696213415929195 1 201 1 9 19 100 66 66 0
 8.546774525429305 1 201 1 46 17 100 51 51 0
 8.614818622850706 1 201 1 29 19 100 53 53 0
 8.624694027060416 1 201 1 36 22 100 49 49 0
 8.834871339674013 1 201 1 39 19 100 51 51 0
 8.420946577004324 1 0 0 0 0 0 0 0 0


# name: timeElapsed
# type: scalar
586.2783710956573


# name: evaluation
# type: matrix
# rows: 1
# columns: 3
 0.7166666666666667 0.9487179487179487 0.5362318840579711


# name: contractionConstant
# type: scalar
0.6


# name: minStateDiff
# type: scalar
1e-08


# name: minErrorAccDiff
# type: scalar
1e-08


