# Created by Octave 3.6.2, Wed May 22 23:57:31 2013 CEST <alex@desktop>
# name: trainStats
# type: matrix
# rows: 51
# columns: 10
 11.10159264220237 10 6 0 0 0 100 7 7 0
 10.74276292106749 15 11 0 51 47 100 7 7 0
 13.2301161693426 23 17 1 26 47 61 79 40 531
 10.99643568804475 40 33 1 29 8 50 89 39 2624
 10.70028111631929 165 157 1 24 47 53 91 44 17086
 10.97732915579915 68 65 1 24 53 73 90 63 4477
 11.06391621005808 105 77 1 30 44 91 59 50 59
 11.00376007620793 201 201 1 30 14 86 61 47 895
 11.07638581898881 85 71 1 26 25 80 73 53 119
 10.91658808892012 55 50 1 26 14 60 87 47 2553
 10.84958486804403 68 68 1 26 19 51 96 47 1006
 10.87011996520716 67 50 1 19 53 60 93 53 21929
 10.83023643518675 85 59 1 14 11 69 94 63 251
 11.03041389409387 129 76 1 31 25 51 96 47 11860
 10.84008214036422 153 112 1 3 36 63 93 56 947
 10.70577970687871 201 123 1 13 6 56 94 50 8568
 10.80713494671061 201 201 1 36 64 74 74 49 328
 11.25691743007613 201 201 1 10 22 54 96 50 2844
 11.231704751824 201 201 1 40 0 87 61 49 49
 10.79740133132128 201 201 1 29 78 51 100 51 1419
 10.93199187897992 201 47 1 23 0 49 96 44 13080
 10.91743257177291 201 201 1 43 33 77 69 46 369
 10.86161888328823 201 201 1 29 6 80 63 43 26218
 10.83618225586079 201 15 1 27 39 57 86 43 15286
 10.83659919166874 201 31 1 21 3 59 99 57 2053
 10.8243003067252 201 22 1 14 81 73 77 50 901
 10.81507957555559 201 38 1 33 3 89 71 60 2516
 10.78099114337398 201 201 1 24 56 49 87 36 7044
 10.77998405563251 201 201 1 46 17 86 61 47 263
 10.76356011978401 201 201 1 24 11 89 74 63 569
 10.7418699044731 201 201 1 23 14 90 67 57 341
 10.78947567690826 201 201 1 19 44 84 60 44 139
 10.75978949517676 201 201 1 47 22 87 77 64 511
 10.72664152729378 201 201 1 20 3 84 66 50 589
 10.68683109418658 201 201 1 41 6 89 64 53 930
 10.65604379173006 201 201 1 11 31 86 67 53 2596
 10.67452652084396 201 201 1 20 14 90 47 37 1320
 10.57690301959277 201 201 1 34 31 87 66 53 425
 10.55813054429459 201 201 1 20 3 87 61 49 724
 10.59585066558283 201 201 1 29 17 87 61 49 28
 10.44616121149775 201 201 1 47 0 87 67 54 317
 10.54913120930004 201 201 1 21 50 93 56 49 74
 10.43655607817331 201 201 1 26 11 90 37 27 36
 10.29311199534449 201 201 1 33 28 89 69 57 200
 10.60442360164318 201 201 1 33 58 89 57 46 67
 10.5532150421598 201 201 1 24 14 93 51 44 53
 10.59651676662186 201 201 1 46 11 91 54 46 277
 10.69217950590624 201 201 1 21 25 96 44 40 62
 10.51364160364418 201 201 1 40 61 91 56 47 1009
 10.85728674054658 201 201 1 16 11 96 60 56 0
 10.65552309055244 201 0 0 0 0 0 0 0 0


# name: timeElapsed
# type: scalar
5720.391285896301


# name: evaluation
# type: matrix
# rows: 1
# columns: 3
 0.575 0.5775862068965517 0.9710144927536232


# name: contractionConstant
# type: scalar
0.6


# name: minStateDiff
# type: scalar
1e-07


# name: minErrorAccDiff
# type: scalar
1e-07


