# Created by Octave 3.6.2, Tue May 21 19:36:40 2013 CEST <alex@desktop>
# name: packedGnn
# type: scalar struct
# ndims: 2
 1 1
# length: 10
# name: transitionNet
# type: scalar struct
# ndims: 2
 1 1
# length: 15
# name: weights1
# type: matrix
# rows: 5
# columns: 7
 -0.0551325792246103 0.08494914148685689 -0.1007396877610667 -0.1090855792875259 -0.06616011206839374 0.06134735818520159 0.01646628453559104
 0.1072229318013574 0.00256539139358497 0.01382799406078092 -0.09849353060508108 -0.01136104384082152 -0.06456029884561031 -0.07933334601420476
 0.1062240672346528 -0.02033235434753632 -0.05262803390000202 -0.09240462331261086 -0.02338454861543758 -0.09684517718271431 -0.08073345239882189
 0.03244560801558635 0.006865356968477121 -0.1023707081134024 0.003523594313186967 -0.09118700874804943 -0.02605798432562677 0.115372695091125
 -0.08603617867306666 -0.0005586477901510095 -0.05363447174701035 0.04661288660160726 -0.04842326857932887 -0.02896251024371606 -0.1030051478760104


# name: bias1
# type: matrix
# rows: 5
# columns: 1
 -0.06325526817175907
 0.09504474165585849
 0.09812890665209978
 0.07774199716073443
 -0.02071520223230612


# name: weights2
# type: matrix
# rows: 5
# columns: 5
 -0.1384660146523415 0.07526450697114544 -0.1447104892776439 0.1394963134582016 0.07087288867355794
 -0.1622209451947823 0.0789097232268003 0.05161217546796145 -0.03182842900166385 0.03147579738941745
 -0.02523593895746684 -0.1280818047594904 0.002704525760531558 0.0008130950124113356 -0.05016867859597457
 0.1515508555846416 0.1203024365597267 -0.1467309224313163 -0.02987263050532183 -0.00409800094257982
 -0.0577941074923089 0.03080911307684468 -0.02822467809154426 -0.05219236566969434 0.00117917941341709


# name: bias2
# type: matrix
# rows: 5
# columns: 1
 -0.09971827268023482
 -0.08619396450706619
 -0.08642076215252047
 -0.1594001274852241
 0.07381952618172034


# name: nInputLines
# type: scalar
7


# name: nHiddenNeurons
# type: scalar
5


# name: nOutputNeurons
# type: scalar
5


# name: nWeights
# type: scalar
70


# name: outputFun
# type: sq_string
# elements: 1
# length: 6
tansig


# name: activation1
# type: matrix
# rows: 0
# columns: 0


# name: activationderivative1
# type: matrix
# rows: 0
# columns: 0


# name: activation2ndderivative1
# type: matrix
# rows: 0
# columns: 0


# name: activation2
# type: matrix
# rows: 0
# columns: 0


# name: activationderivative2
# type: matrix
# rows: 0
# columns: 0


# name: activation2ndderivative2
# type: matrix
# rows: 0
# columns: 0




# name: outputNet
# type: scalar struct
# ndims: 2
 1 1
# length: 15
# name: weights1
# type: matrix
# rows: 5
# columns: 5
 -0.0183831066427088 -0.01293921662838165 0.001398523160769642 -0.02255765277563841 0.02776242696746389
 0.01657820101802404 0.001596568644321672 0.01914775661761704 0.02838589300403156 0.03266136242328065
 -0.02076167601972804 0.01297034921734042 0.02208371927000175 0.01604250600139641 -0.009011814992069152
 0.02282858824419502 -0.01098583247021399 -0.01167169003389763 0.01773966032055243 0.008497055259832648
 -0.01708849339975791 -0.007719218649969417 0.006953460919981487 -0.02935468335439637 -0.01174378812432457


# name: bias1
# type: matrix
# rows: 5
# columns: 1
 -0.1285162502740376
 0.1317430330268958
 0.1528202973229739
 0.1053531684026474
 -0.1564638684616349


# name: weights2
# type: matrix
# rows: 1
# columns: 5
 0.06408486277784946 0.1569618444752182 -0.1260456081214157 0.1641111565527044 -0.06875385445775185


# name: bias2
# type: scalar
-0.09094604988292986


# name: nInputLines
# type: scalar
5


# name: nHiddenNeurons
# type: scalar
5


# name: nOutputNeurons
# type: scalar
1


# name: nWeights
# type: scalar
36


# name: outputFun
# type: sq_string
# elements: 1
# length: 6
tansig


# name: activation1
# type: matrix
# rows: 0
# columns: 0


# name: activationderivative1
# type: matrix
# rows: 0
# columns: 0


# name: activation2ndderivative1
# type: matrix
# rows: 0
# columns: 0


# name: activation2
# type: matrix
# rows: 0
# columns: 0


# name: activationderivative2
# type: matrix
# rows: 0
# columns: 0


# name: activation2ndderivative2
# type: matrix
# rows: 0
# columns: 0




# name: maxIndegree
# type: scalar
5


# name: stateSize
# type: scalar
5


# name: nodeLabelSize
# type: scalar
1


# name: edgeLabelSize
# type: scalar
1


# name: minStateDiff
# type: scalar
1e-08


# name: minErrorAccDiff
# type: scalar
1e-08


# name: contractionConstant
# type: scalar
0.9


# name: nWeights
# type: scalar
106




# name: graph
# type: scalar struct
# ndims: 2
 1 1
# length: 10
# name: nodeLabels
# type: matrix
# rows: 120
# columns: 1
 1.048929770537382
 7.888906265966011
 0.2215989725562787
 10.20849994266422
 10.13468457375922
 2.336445809764089
 10.17537717205616
 0.05012369995334758
 6.073258850560165
 8.799123890232575
 3.144021579469149
 1.501159130007386
 7.064882002550898
 8.664600093669314
 9.502550105708172
 5.127939627309426
 1.456804831543082
 0.223714512620499
 3.443627497156921
 9.552044124941713
 0.917752117488509
 8.024872361610996
 -0.02954038878687806
 7.547287126817221
 1.088448539363567
 8.684809224474717
 4.899462316849067
 0.2651440690610654
 9.95096585541668
 7.156072924698663
 8.834108243944817
 -0.04792217104479692
 7.984388972495369
 9.854555965020092
 3.058774078553609
 1.132146333734212
 2.947126865114226
 -0.1324709848588487
 0.9427648493323002
 10.04024633069978
 9.921687504519616
 0.1345525589767738
 6.326040815192424
 -0.2746046235434426
 9.721615043779819
 1.226329324246133
 -0.03037776429299689
 3.539699647691831
 1.147784978750165
 4.055300078781296
 9.837872229782921
 4.422465108736223
 0.6867388365792525
 7.96741678670821
 1.040303317784373
 10.0626806652326
 6.242002436537303
 3.984713387458034
 -0.2495355488172864
 2.20429709693921
 9.932425010734319
 2.746492050725622
 2.093945694657084
 0.8274705336581804
 9.42080921007266
 0.01409146504778731
 5.928111901229238
 6.495126174647307
 -0.3034288080778187
 10.34266139024141
 9.872364121823088
 0.7978129995365497
 -0.07495795638897232
 7.868328095644416
 5.541126737639909
 3.116772394498277
 10.31249620323782
 1.328285054493497
 6.261974069464651
 0.008019397897647563
 10.04076053217544
 8.893851277973571
 4.297999889514814
 0.8195967173202572
 1.151504426982353
 9.961855986914291
 0.2788775926714991
 9.822936349667081
 3.176561925062086
 7.944005800429103
 2.248313903652343
 3.612684059782485
 -0.1543822986518241
 1.158047487634731
 10.50117561235053
 8.664301047204392
 0.03150308676282298
 9.705746100255782
 8.8921749295847
 -0.3122149622226275
 8.119386342135201
 0.9614307779629657
 1.155014067105251
 9.886825967840162
 0.3658863731845546
 8.112145638226687
 9.993278563009778
 0.04213190024303554
 9.141309354241717
 0.6846789290128934
 1.137990623107991
 6.095139703652558
 0.3164452696822672
 9.710850299819931
 0.5895487619436039
 0.2371257095579512
 3.966488498925612
 9.97863223773904
 3.327395096019456
 0.1747568720928153


# name: expectedOutput
# type: matrix
# rows: 120
# columns: 1
 1
 -1
 1
 -1
 1
 -1
 1
 1
 -1
 -1
 -1
 1
 -1
 -1
 1
 -1
 1
 1
 -1
 1
 1
 -1
 1
 -1
 1
 -1
 -1
 1
 1
 -1
 -1
 1
 -1
 1
 -1
 1
 -1
 1
 1
 1
 1
 1
 -1
 1
 1
 1
 1
 -1
 1
 -1
 1
 -1
 1
 -1
 1
 1
 -1
 -1
 1
 -1
 1
 -1
 -1
 1
 -1
 1
 -1
 -1
 1
 1
 1
 1
 1
 -1
 -1
 -1
 1
 1
 -1
 1
 1
 -1
 -1
 1
 1
 1
 1
 1
 -1
 -1
 -1
 -1
 1
 1
 1
 -1
 1
 1
 -1
 1
 -1
 1
 1
 1
 1
 -1
 1
 1
 -1
 1
 1
 -1
 1
 1
 1
 -1
 -1
 1
 -1
 1


