# Created by Octave 3.6.2, Mon May 20 23:31:27 2013 CEST <alex@desktop>
# name: trainStats
# type: matrix
# rows: 51
# columns: 10
 11.10039341753738 1 8 0 0 0 100 7 7 0
 10.75046408851285 1 13 0 49 50 100 7 7 0
 12.13373553612443 1 14 1 30 44 69 86 54 227
 10.99213663988418 1 33 0 29 3 100 7 7 0
 10.84572946685439 1 62 0 27 33 100 7 7 0
 10.71950752919845 1 66 0 21 36 100 7 7 0
 10.30310824204081 1 33 0 11 31 100 7 7 0
 9.861273738917873 1 33 1 30 14 73 89 61 200
 9.791358044598789 1 30 1 41 47 77 66 43 26
 9.388210906741051 1 71 1 20 19 73 86 59 75
 10.25209715854181 1 92 1 21 53 70 83 53 139
 9.884905609844997 1 78 1 17 31 50 99 49 2172
 9.602753486922172 1 201 1 33 33 96 57 53 0
 9.559941981503911 1 46 1 30 8 50 94 44 810
 9.646883980006294 1 201 1 27 28 89 59 47 74
 9.603805897215139 1 201 1 31 14 86 57 43 318
 9.44525424214682 1 201 1 26 6 87 69 56 175
 9.376445680442949 1 201 1 10 3 84 57 41 101
 9.86049136152279 1 201 1 41 33 96 60 56 0
 9.940029738093095 1 201 1 26 25 87 61 49 5545
 9.461157060344723 1 201 1 20 44 96 56 51 0
 9.479244501028761 1 201 1 43 31 96 61 57 0
 9.201278786474266 1 201 1 23 14 87 74 61 459
 9.173812356324889 1 201 1 16 31 90 60 50 383
 9.121491317195934 1 201 1 46 47 94 54 49 10
 9.896988954104271 1 201 1 30 25 96 61 57 21
 9.236354109492819 1 201 1 43 56 96 59 54 0
 9.024951735291653 1 201 1 21 17 83 64 47 648
 9.178973573939397 1 201 1 34 31 96 47 43 0
 8.903118209187936 1 201 1 33 6 89 60 49 14
 9.062149700993938 1 201 1 24 14 96 54 50 0
 9.04813327560565 1 201 1 23 64 96 53 49 0
 9.361312696009069 1 201 1 51 6 86 76 61 148
 9.513589291713204 1 201 1 24 64 96 66 61 0
 9.075677307751285 1 201 1 36 22 96 46 41 0
 9.579274230345309 1 201 1 23 22 87 56 43 49
 9.061322297741684 1 201 1 21 14 96 41 37 1
 9.241032752618723 1 201 1 39 64 93 59 51 6843
 8.601397183820028 1 201 1 19 17 87 60 47 34
 8.970206622420918 1 201 1 37 31 90 66 56 30
 9.055575482504608 1 201 1 24 53 96 54 50 0
 9.045693725488793 1 201 1 31 17 87 61 49 1811
 9.152228704602164 1 201 1 11 64 93 60 53 1334
 9.009909541576437 1 201 1 23 8 94 60 54 143
 8.497871987494626 1 201 1 36 56 93 47 40 59
 9.484915243713477 1 201 1 36 11 96 57 53 0
 8.86281768115694 1 201 1 44 25 96 59 54 0
 8.98588046843914 1 201 1 9 56 96 56 51 0
 8.912910414298969 1 201 1 40 11 96 61 57 0
 8.835874155921012 1 201 1 14 36 96 59 54 0
 8.97159812065153 1 0 0 0 0 0 0 0 0


# name: timeElapsed
# type: scalar
634.6212830543518


# name: evaluation
# type: matrix
# rows: 1
# columns: 3
 0.725 0.9090909090909091 0.5797101449275363


# name: contractionConstant
# type: scalar
0.6


# name: minStateDiff
# type: scalar
1e-08


# name: minErrorAccDiff
# type: scalar
1e-08


