# Created by Octave 3.6.2, Tue May 21 09:56:31 2013 CEST <alex@desktop>
# name: trainStats
# type: matrix
# rows: 51
# columns: 10
 11.10005614284037 1 6 0 0 0 100 7 7 0
 10.75036210675777 1 10 0 50 50 100 7 7 0
 12.10420907345734 1 17 0 33 44 100 7 7 0
 10.98787348339428 1 22 0 16 25 100 7 7 0
 10.830172168103 1 201 1 21 22 66 86 51 355
 10.61673013315767 1 201 1 29 33 90 57 47 8
 10.5896799636024 1 130 0 27 50 100 7 7 0
 10.47800528654511 1 61 0 19 19 100 7 7 0
 10.27698686079085 1 90 0 24 50 100 7 7 0
 9.97192851922013 1 19 0 10 11 100 7 7 0
 9.697281324853286 1 14 0 10 61 100 7 7 0
 9.415864535524801 1 10 1 11 11 99 54 53 10
 9.245768027027463 1 14 0 21 36 100 7 7 0
 9.308736150502993 1 17 1 30 17 97 57 54 488
 8.819763019100561 1 23 1 26 14 70 84 54 4905
 9.70537058571303 1 25 1 44 47 89 64 53 22319
 9.303901777678176 1 37 1 24 39 69 97 66 864
 9.046423872415767 1 201 1 39 8 84 54 39 903
 8.962501114724409 1 34 1 16 33 64 94 59 7840
 8.673219318231705 1 50 1 19 17 70 97 67 2836
 8.621332274028319 1 42 1 21 22 59 93 51 6634
 9.060489048298612 1 201 1 29 14 89 56 44 18
 9.021728029304224 1 120 1 26 47 61 80 41 13651
 8.825496523855122 1 201 1 46 28 84 74 59 6218
 8.300887668863556 1 201 1 7 19 86 69 54 233
 8.622788823854536 1 201 1 60 42 83 59 41 179
 9.38230170608362 1 201 1 16 11 94 59 53 249
 8.954742974014563 1 201 1 31 6 90 59 49 11
 8.894837170395325 1 201 1 40 69 87 69 56 39
 8.941579765532351 1 201 1 24 19 96 54 50 0
 9.085671853067952 1 201 1 39 22 96 69 64 828
 8.735370104134592 1 201 1 36 6 91 56 47 40
 8.39021205095392 1 201 1 11 31 90 60 50 26
 8.430341090714899 1 201 1 34 25 90 61 51 24
 8.592488930557041 1 201 1 41 6 87 71 59 222
 8.157070574778237 1 201 1 13 42 81 63 44 371
 8.780676969316282 1 201 1 19 17 91 57 49 13
 8.472313538646388 1 201 1 29 31 86 61 47 782
 8.394731866012604 1 201 1 13 17 80 60 40 74
 8.390038684632179 1 201 1 19 61 87 61 49 43
 8.670657789689445 1 201 1 14 19 83 56 39 223
 8.402855872897167 1 201 1 56 25 89 70 59 211
 8.42157767837524 1 201 1 20 33 84 60 44 123
 8.901570541489392 1 201 1 54 14 77 61 39 22
 9.292391437120436 1 201 1 26 0 94 60 54 67
 9.296779821097065 1 201 1 33 8 87 70 57 17
 9.015449296213552 1 201 1 27 3 93 63 56 2696
 9.731228042249906 1 201 1 20 6 86 59 44 52
 8.895798377666807 1 201 1 33 8 91 59 50 10
 8.9030004311622 1 201 1 13 8 87 46 33 76194
 8.715600533389923 1 0 0 0 0 0 0 0 0


# name: timeElapsed
# type: scalar
609.6459078788757


# name: evaluation
# type: matrix
# rows: 1
# columns: 3
 0.7666666666666667 0.9361702127659575 0.6376811594202898


# name: contractionConstant
# type: scalar
0.6


# name: minStateDiff
# type: scalar
1e-07


# name: minErrorAccDiff
# type: scalar
1e-07


