# Created by Octave 3.6.2, Tue May 21 22:59:35 2013 CEST <alex@desktop>
# name: trainStats
# type: matrix
# rows: 51
# columns: 10
 11.10159264217721 10 6 0 0 0 100 7 7 0
 10.74276292105935 15 11 0 51 47 100 7 7 0
 13.23011617100354 23 17 0 31 47 100 7 7 0
 10.9842269718444 148 119 0 23 25 100 7 7 0
 10.74492890619789 201 201 0 33 3 100 7 7 0
 10.8339973654165 201 201 0 31 39 100 7 7 0
 10.71548049560786 133 113 0 41 42 100 7 7 0
 10.92346715726712 201 201 1 24 47 91 60 51 5
 10.84985951454518 201 201 1 33 25 97 47 44 0
 10.76833632645443 201 201 1 27 11 89 71 60 408
 10.4912958332119 201 201 1 27 53 89 59 47 24
 10.34993326574966 201 201 1 19 3 74 69 43 1139
 10.95778219283471 201 201 1 26 39 99 63 61 4
 10.73919625012376 201 201 1 26 25 99 44 43 2
 10.92756269808211 201 201 1 29 11 94 60 54 145
 10.74569764962036 201 201 1 30 19 97 59 56 51
 10.50148524379005 201 201 1 23 31 100 50 50 0
 10.45530330249527 201 201 1 26 8 100 59 59 2
 10.37620312207656 201 201 1 33 31 100 67 67 1
 10.34939325306477 201 201 1 23 31 100 59 59 0
 10.63984840219891 201 201 1 27 31 100 57 57 0
 11.060858144479 201 201 1 37 25 99 47 46 2
 10.48320988417507 201 201 1 27 11 100 47 47 0
 10.44349751532856 201 201 1 26 22 100 50 50 0
 10.39918728880504 201 201 1 37 17 100 51 51 0
 10.48146764953592 201 201 1 29 3 100 47 47 0
 10.41841845883951 201 201 0 16 56 100 7 7 0
 10.44219338618485 201 201 0 39 11 100 7 7 0
 10.45514956775792 201 201 0 30 50 100 7 7 0
 10.37116660441262 201 201 0 26 11 100 7 7 0
 10.42945063604547 201 201 0 29 25 100 7 7 0
 10.37543141571316 201 201 0 41 39 100 7 7 0
 10.41336186625088 201 201 0 34 22 100 7 7 0
 10.4009628394338 201 201 0 20 31 100 7 7 0
 10.3568753674979 201 201 0 31 3 100 7 7 0
 10.28696667043004 201 201 0 23 25 100 7 7 0
 10.39050601505245 201 201 0 37 22 100 7 7 0
 10.30010541795392 201 201 0 23 14 100 7 7 0
 10.15354562641025 201 201 0 39 17 100 7 7 0
 10.23166432425942 201 201 0 30 28 100 7 7 0
 10.18793983748572 201 201 0 27 14 100 7 7 0
 10.26208842114942 201 201 0 34 72 100 7 7 0
 10.18629345753969 201 201 0 36 0 100 7 7 0
 10.17771046308668 201 201 0 30 11 100 7 7 0
 10.09943476389706 201 201 0 20 53 100 7 7 0
 10.30778955628307 201 201 0 44 25 100 7 7 0
 10.12303318853703 201 201 0 16 19 100 7 7 0
 10.21453705718863 201 201 0 47 17 100 7 7 0
 10.05979134730298 201 201 0 27 36 100 7 7 0
 10.00702191576904 201 201 0 31 25 100 7 7 0
 10.05357292690803 201 0 0 0 0 0 0 0 0


# name: timeElapsed
# type: scalar
6065.90722489357


# name: evaluation
# type: matrix
# rows: 1
# columns: 3
 0.625 0.6935483870967742 0.6231884057971014


# name: contractionConstant
# type: scalar
1.2


# name: minStateDiff
# type: scalar
1e-07


# name: minErrorAccDiff
# type: scalar
1e-07


