# Created by Octave 3.6.2, Mon May 20 23:20:53 2013 CEST <alex@desktop>
# name: trainStats
# type: matrix
# rows: 51
# columns: 10
 11.10076631326501 1 6 0 0 0 100 7 7 0
 10.75534307154673 1 12 0 46 50 100 7 7 0
 12.0573305886911 1 32 1 40 44 93 54 47 30
 11.02048014127098 1 17 0 13 17 100 7 7 0
 10.80788379345629 1 70 1 29 22 80 70 50 13
 10.82978675659447 1 201 0 27 42 100 7 7 0
 10.61338010983659 1 201 1 27 22 94 54 49 102
 10.63997752129808 1 201 1 26 50 99 56 54 0
 10.60806810698217 1 201 1 23 19 96 53 49 0
 10.64895349314954 1 201 1 30 47 79 74 53 521
 10.60421256178314 1 201 1 29 53 56 93 49 1843
 10.56857781306817 1 201 1 16 17 87 57 44 67
 10.54743279035083 1 201 1 33 25 87 80 67 57
 10.50390685482827 1 201 1 20 14 96 53 49 1
 10.58720719836677 1 201 1 23 47 76 71 47 257
 10.70413240797016 1 201 1 27 44 76 71 47 139
 10.6341070285579 1 65 1 13 50 50 94 44 20409
 10.4893039841701 1 201 1 31 0 83 67 50 1977
 10.52637508969684 1 201 1 20 67 89 57 46 144
 10.42288326466325 1 201 1 31 11 80 79 59 1019
 10.3788580312577 1 201 1 20 11 44 99 43 3999
 10.49627495857245 1 62 1 47 14 71 90 61 188
 10.55479293744545 1 201 1 21 50 79 70 49 4252
 10.52252139946477 1 201 1 37 8 81 60 41 753
 10.44676063211646 1 23 0 34 19 100 7 7 0
 10.44413540609301 1 201 1 23 47 59 99 57 5243
 10.55132852257746 1 201 1 27 19 83 71 54 3665
 10.56040756422875 1 201 1 17 22 87 66 53 4334
 10.373406313656 1 201 1 27 17 83 76 59 635
 10.38797460167716 1 201 1 27 28 47 94 41 2525
 10.54095179980115 1 201 1 17 19 87 61 49 115
 10.40304545016119 1 201 1 24 28 93 67 60 329
 10.37048835933733 1 201 1 26 8 99 57 56 1438
 10.61038785854645 1 201 1 27 53 100 47 47 0
 10.42264033355537 1 201 1 16 19 100 43 43 0
 10.48238941896641 1 201 1 34 11 99 54 53 0
 10.44028076492209 1 201 1 43 33 96 53 49 239
 10.34340066365373 1 201 1 13 19 93 54 47 228
 10.60940192443351 1 201 1 30 64 100 54 54 0
 10.3052975223266 1 201 1 24 25 93 69 61 28775
 10.59991979211015 1 201 1 29 58 94 50 44 864
 10.32888649187557 1 201 1 11 22 100 51 51 0
 10.46221854010978 1 201 1 37 19 100 56 56 0
 10.6041113241978 1 201 1 16 17 100 36 36 0
 10.5249476759318 1 201 1 9 11 100 41 41 0
 10.5022303276613 1 201 1 36 50 94 46 40 43
 10.54006625392849 1 201 1 31 11 94 49 43 144
 10.37123270979019 1 201 1 20 61 100 47 47 0
 10.33895778425065 1 201 1 31 22 90 60 50 2123
 10.54194626006566 1 201 1 33 44 100 57 57 0
 10.50042922107787 1 0 0 0 0 0 0 0 0


# name: timeElapsed
# type: scalar
542.5927381515503


# name: evaluation
# type: matrix
# rows: 1
# columns: 3
 0.575 0.618421052631579 0.6811594202898551


# name: contractionConstant
# type: scalar
0.9


# name: minStateDiff
# type: scalar
1e-07


# name: minErrorAccDiff
# type: scalar
1e-07


