# Created by Octave 3.6.2, Tue May 21 17:45:32 2013 CEST <alex@desktop>
# name: trainStats
# type: matrix
# rows: 51
# columns: 10
 11.10159264218447 10 6 0 0 0 100 7 7 0
 10.74276292057033 14 11 0 51 47 100 7 7 0
 13.2301161632301 24 17 1 30 47 94 51 46 54
 10.88856141228255 136 107 0 24 8 100 7 7 0
 11.05842008809102 39 31 0 24 33 100 7 7 0
 10.7501017226236 38 28 1 21 19 94 54 49 8
 10.49972553080023 41 33 0 16 58 100 7 7 0
 10.36967063036438 40 32 1 16 19 97 60 57 7
 10.24175929956102 76 69 1 16 39 93 57 50 219
 9.799288947469813 45 46 1 31 14 54 97 51 96
 9.851939026239194 201 139 1 11 33 60 99 59 15860
 9.213663797261288 201 126 1 26 11 56 96 51 132
 10.05002273674162 182 201 1 39 31 77 79 56 19
 10.44848150255514 201 201 1 11 28 64 90 54 336
 10.38587503642362 201 201 1 17 31 71 93 64 6234
 10.55130415809211 66 51 1 50 19 83 67 50 44
 10.40246960470475 200 109 1 19 17 64 97 61 3797
 10.4184894051629 90 94 1 23 56 69 87 56 46466
 10.53598061118312 201 78 1 16 25 53 94 47 2116
 10.34355722668168 201 19 0 40 3 100 7 7 0
 10.41059564590076 201 78 1 24 81 74 83 57 1986
 10.33312163178589 201 80 1 7 3 63 93 56 255
 10.30546412833405 201 51 1 16 6 77 84 61 21803
 10.30630644999445 201 36 1 40 25 73 76 49 203
 10.20428889738218 201 34 1 10 8 70 84 54 3805
 10.24180581489862 201 32 1 21 42 54 87 41 2245
 10.25443338550177 201 82 1 29 25 56 94 50 1119
 10.18681582398432 201 34 1 17 44 66 89 54 1454
 10.12239136305273 201 28 1 23 3 59 89 47 5394
 10.08266748038488 201 68 1 13 19 54 90 44 4562
 10.06158692817814 201 201 1 14 17 77 76 53 2461
 10.07604051405064 201 25 1 34 0 70 90 60 4992
 10.02864776389779 201 32 1 20 17 81 74 56 767
 10.03962923638641 201 66 1 24 39 80 63 43 320
 9.949005108986739 201 42 1 17 39 57 89 46 1428
 9.950639043167747 201 20 1 17 28 90 54 44 218
 9.852033210475108 201 46 1 30 17 74 69 43 620
 9.750049926862181 201 89 1 26 25 79 83 61 760
 9.67093104946712 201 201 1 21 25 93 60 53 22
 9.672219069079842 201 201 1 41 14 90 60 50 26
 9.565967525643213 201 201 1 20 3 91 61 53 40
 9.550638221268347 201 201 1 20 0 89 74 63 35
 9.484207278732738 201 201 1 34 19 87 66 53 1160
 9.362364442957386 201 124 1 21 8 74 79 53 1565
 9.239388506291061 201 201 1 23 31 99 60 59 1
 9.28031514520462 68 67 1 19 58 96 60 56 398
 9.481444155851838 201 193 1 29 8 97 54 51 39
 9.73786727843401 35 27 1 16 3 90 50 40 29
 9.515813948904794 201 86 1 33 81 93 59 51 290
 9.437275184969353 201 158 1 23 3 84 67 51 695
 9.31242302647544 201 0 0 0 0 0 0 0 0


# name: timeElapsed
# type: scalar
5445.354501008987


# name: evaluation
# type: matrix
# rows: 1
# columns: 3
 0.7083333333333334 0.8035714285714286 0.6521739130434783


# name: contractionConstant
# type: scalar
0.9


# name: minStateDiff
# type: scalar
1e-07


# name: minErrorAccDiff
# type: scalar
1e-07


