# Created by Octave 3.6.2, Tue May 21 23:52:30 2013 CEST <alex@desktop>
# name: trainStats
# type: matrix
# rows: 51
# columns: 10
 11.10159264218717 12 8 0 0 0 100 7 7 0
 10.74276292111172 16 13 0 51 47 100 7 7 0
 13.23011616532321 26 21 1 30 47 94 51 46 54
 10.88856141232235 152 124 0 24 8 100 7 7 0
 11.05842008918179 44 37 0 24 33 100 7 7 0
 10.7501017226786 39 33 1 21 19 94 54 49 8
 10.49972552969393 44 40 0 16 58 100 7 7 0
 10.36967063047018 41 37 1 16 19 97 60 57 7
 10.24175929890397 97 80 1 16 39 93 57 50 219
 9.799288948412686 69 53 1 31 14 54 97 51 96
 10.01080368579373 201 167 1 11 33 53 99 51 390
 9.128232173289947 201 148 1 27 11 60 100 60 200
 10.7731506073446 144 76 1 33 39 100 51 51 1
 10.05922736179 201 201 1 33 8 61 94 56 38514
 9.696414147538855 201 201 1 19 28 51 94 46 2337
 9.826119213028104 149 201 1 14 42 50 100 50 2437
 10.18368254370849 175 155 1 14 33 54 96 50 3662
 10.74173223105847 62 57 1 19 0 49 99 47 691
 11.33936935362349 72 38 1 30 0 69 91 60 5912
 11.04362842453986 117 92 1 30 31 56 93 49 2243
 11.09518014855476 124 99 1 19 6 56 87 43 455
 10.99129170320221 42 35 1 30 50 53 91 44 847
 11.14661775105976 201 38 1 26 11 56 89 44 1625677
 10.69756758046287 22 14 1 24 6 54 80 34 4057
 10.94354353271258 21 15 1 27 53 61 81 43 88848
 10.42595911963398 19 12 1 33 0 49 94 43 19281
 10.43564026925909 17 13 1 19 19 60 89 49 16999
 10.31707835935806 17 11 1 11 22 49 90 39 9862
 10.21996167180315 18 12 1 11 6 50 90 40 2597
 10.14035563222457 23 18 1 16 44 56 91 47 344
 10.17817478265623 22 18 1 16 25 49 91 40 1283
 10.16214654902469 22 18 1 10 22 59 83 41 3119
 10.07479220089216 25 20 1 11 14 50 91 41 1219
 10.15362772158034 26 20 1 26 19 57 90 47 32036
 10.37878280204984 25 18 1 14 19 74 71 46 110547
 10.42900691777145 201 27 1 19 17 71 87 59 82341
 10.77421345712392 34 27 1 27 8 59 87 46 632498
 11.04717569403718 201 33 1 14 22 61 94 56 15684
 11.25043142002226 201 29 1 34 6 61 74 36 77956
 11.42768787550785 201 60 1 23 31 66 94 60 24939
 11.52929447329327 53 44 1 36 44 83 64 47 2585
 11.17724178467556 51 42 1 7 11 93 79 71 307
 10.90528958386986 33 30 0 39 50 100 7 7 0
 10.90171274091208 201 55 1 16 3 84 53 37 84
 10.78633390648594 201 194 1 16 44 54 84 39 6290
 11.02373960644671 88 77 1 19 19 69 76 44 7349065
 10.84730598551146 84 83 1 23 28 79 76 54 5603492
 10.45835980118943 93 105 1 24 31 60 87 47 25979732
 10.33447523499478 89 93 1 20 53 76 69 44 65851548
 10.07464836093341 60 40 1 13 31 77 63 40 194035004
 10.11398087432181 77 0 0 0 0 0 0 0 0


# name: timeElapsed
# type: scalar
3174.872381210327


# name: evaluation
# type: matrix
# rows: 1
# columns: 3
 0.7 0.7894736842105263 0.6521739130434783


# name: contractionConstant
# type: scalar
0.9


# name: minStateDiff
# type: scalar
1e-08


# name: minErrorAccDiff
# type: scalar
1e-08


