# Created by Octave 3.6.2, Wed May 22 05:46:30 2013 CEST <alex@desktop>
# name: trainStats
# type: matrix
# rows: 51
# columns: 10
 11.1015926421914 10 6 0 0 0 100 7 7 0
 10.74276292073007 14 11 0 51 47 100 7 7 0
 13.23011616799261 23 17 0 31 47 100 7 7 0
 10.98422697206552 146 119 0 23 25 100 7 7 0
 10.74863548022449 201 201 0 19 3 100 7 7 0
 10.52118304278424 201 201 0 29 56 100 7 7 0
 10.33806084960707 201 201 0 14 19 100 7 7 0
 10.17693164015379 94 67 0 27 44 100 7 7 0
 10.28937021762239 201 201 0 24 22 100 7 7 0
 10.25257564835399 38 31 0 14 6 100 7 7 0
 10.15196784369307 201 201 0 27 19 100 7 7 0
 10.09219232563588 30 19 0 23 25 100 7 7 0
 9.950393347783049 201 201 0 19 14 100 7 7 0
 10.06259947967366 34 22 0 36 31 100 7 7 0
 9.768664685450691 48 36 0 21 8 100 7 7 0
 9.749880242062368 201 188 0 13 8 100 7 7 0
 9.26867140741575 201 201 1 34 25 81 66 47 84
 9.219707029848699 201 67 0 33 56 100 7 7 0
 9.094235814925167 136 62 0 26 14 100 7 7 0
 9.428880214162113 201 201 0 26 39 100 7 7 0
 10.07153823397315 201 201 1 36 25 91 51 43 5
 9.621303969259218 201 201 0 29 14 100 7 7 0
 9.608604873937766 201 201 0 16 31 100 7 7 0
 10.05852347904841 201 87 1 17 25 97 59 56 3
 10.29486533246672 201 201 1 33 0 93 61 54 11
 10.09442302729289 201 201 1 13 8 93 64 57 20
 10.06359002594724 201 201 1 43 14 86 64 50 477
 10.04205555334623 201 201 1 4 14 84 69 53 1006
 9.942818783991466 201 201 1 30 50 96 60 56 368
 10.05950574388697 201 201 1 24 17 93 59 51 174
 9.748008722164473 201 201 1 26 11 80 73 53 140
 9.773554717214497 201 201 1 21 25 84 69 53 451
 9.549407623113479 201 201 1 20 36 56 90 46 4423
 9.282345618481896 201 201 1 27 31 87 60 47 312
 9.46115867247102 201 201 1 21 17 66 83 49 2906
 9.267756401360481 201 201 1 19 22 79 67 46 620
 9.216606365688309 201 201 1 23 6 86 69 54 2079
 9.155062293930278 201 201 1 3 33 84 73 57 154
 9.233457131658556 201 201 1 37 11 84 57 41 70
 9.306556352473784 201 201 1 29 44 91 54 46 302
 9.466696063408877 201 201 1 19 25 76 77 53 157
 9.527445918366659 201 201 1 24 17 90 60 50 43
 9.427031082099518 201 201 1 19 44 73 91 64 232
 9.40631776432177 201 201 1 21 8 96 67 63 8
 9.632725814125108 201 201 1 23 22 91 73 64 72
 9.340748700211554 201 201 1 14 14 96 60 56 9
 9.581294244290206 201 201 1 31 50 89 69 57 89
 9.50738396517181 201 201 1 13 14 91 80 71 2132
 9.365037398628953 201 201 1 23 25 96 67 63 138
 9.602215640844861 201 201 1 40 11 97 51 49 1
 9.402955003474943 201 0 0 0 0 0 0 0 0


# name: timeElapsed
# type: scalar
4707.970486879349


# name: evaluation
# type: matrix
# rows: 1
# columns: 3
 0.6416666666666667 0.703125 0.6521739130434783


# name: contractionConstant
# type: scalar
1.2


# name: minStateDiff
# type: scalar
1e-07


# name: minErrorAccDiff
# type: scalar
1e-07


