# Created by Octave 3.6.2, Wed May 22 13:13:47 2013 CEST <alex@desktop>
# name: trainStats
# type: matrix
# rows: 51
# columns: 10
 11.10159264218712 11 8 0 0 0 100 7 7 0
 10.74276292108375 16 13 0 51 47 100 7 7 0
 13.23011616523115 26 21 1 30 47 94 51 46 54
 10.888561412387 153 124 0 24 8 100 7 7 0
 11.05842008915583 44 37 0 24 33 100 7 7 0
 10.75010172269231 40 33 1 21 19 94 54 49 8
 10.4997255296832 48 40 0 16 58 100 7 7 0
 10.36967063047141 46 37 1 16 19 97 60 57 7
 10.24175929874386 97 80 1 16 39 93 57 50 219
 9.799288948417276 56 53 1 31 14 54 97 51 96
 9.681083992366675 201 201 1 11 31 60 99 59 1011
 9.210265504145235 201 144 1 26 14 56 99 54 123
 10.09769099881528 201 201 1 37 31 74 79 53 22
 10.43518102668708 201 201 1 10 19 57 90 47 605
 10.52240057159467 201 122 1 16 31 71 93 64 3950
 10.55871115774913 68 53 1 50 22 83 70 53 399
 10.46261913711213 125 108 1 20 19 64 96 60 4213
 10.46638815623649 201 120 1 19 56 73 81 54 1531
 10.68810444316501 38 22 0 59 8 100 7 7 0
 10.42977909491461 201 184 1 13 19 70 91 61 2803
 10.44608974038957 94 78 1 13 58 76 87 63 2260
 10.41980825202398 152 105 1 24 17 70 93 63 17332
 10.39033063134164 182 201 1 14 47 76 80 56 9659
 10.3869822352785 135 119 1 20 14 69 84 53 2670
 10.41561305461743 70 53 1 20 17 63 80 43 165
 10.37079552374439 38 13 1 14 58 59 83 41 109
 10.43913122970173 23 14 1 13 19 57 91 49 971
 10.45799031913299 23 16 1 9 11 70 81 51 580
 10.47107525818694 50 42 1 7 47 57 87 44 1974
 10.44514657589578 43 34 1 11 0 74 89 63 1924
 10.45814899643534 40 32 1 29 6 69 79 47 1598674
 10.41614589607825 45 39 1 0 6 66 79 44 20618663
 10.40218810634737 201 170 1 14 8 59 87 46 512004
 10.32060515495937 201 201 1 30 3 86 53 39 254
 10.34782543790493 201 201 1 43 8 90 64 54 153
 10.32063188331551 201 57 1 17 11 56 89 44 163626
 10.23898871261526 201 201 1 30 19 87 64 51 84
 10.20713493985464 24 17 1 17 8 80 74 54 1623
 10.29969790434007 22 15 1 30 39 83 83 66 58
 10.18544168010272 71 45 1 13 8 64 87 51 6702
 10.17915655455789 201 201 1 41 25 83 60 43 410
 10.07019020340446 201 201 1 11 28 74 86 60 4442
 10.00260846159659 31 16 1 20 14 69 94 63 38604
 10.05334335223507 201 52 1 31 31 61 99 60 1281
 9.994572561966649 201 49 1 17 25 64 97 61 5310
 9.918589844499746 201 41 1 29 0 79 80 59 142677
 9.888463392003118 201 30 1 13 33 86 64 50 12646
 10.06574964289376 35 26 1 29 8 71 80 51 2761291335
 9.58931254736212 201 17 1 24 3 87 67 54 65035547
 9.818037180527599 201 51 1 19 50 87 59 46 884
 10.07376060211026 201 0 0 0 0 0 0 0 0


# name: timeElapsed
# type: scalar
3357.956470012665


# name: evaluation
# type: matrix
# rows: 1
# columns: 3
 0.7083333333333334 0.8035714285714286 0.6521739130434783


# name: contractionConstant
# type: scalar
0.9


# name: minStateDiff
# type: scalar
1e-08


# name: minErrorAccDiff
# type: scalar
1e-08


