# Created by Octave 3.6.2, Mon May 20 23:41:47 2013 CEST <alex@desktop>
# name: trainStats
# type: matrix
# rows: 51
# columns: 10
 11.10043954346053 1 6 0 0 0 100 7 7 0
 10.73766460572528 1 11 0 49 47 100 7 7 0
 12.75621610378452 1 16 1 33 47 79 77 56 423
 10.89117874281566 1 38 1 23 8 57 87 44 25285
 10.79235012230486 1 201 1 43 50 97 53 50 31
 10.45544538084715 1 70 1 14 6 53 96 49 21554
 10.36769955945302 1 201 1 27 53 86 67 53 57
 10.60370260704222 1 201 1 31 31 89 66 54 33
 10.93822570810349 1 33 1 24 19 61 90 51 1264
 10.51588676871349 1 201 1 24 33 93 60 53 8
 10.49877086341401 1 201 1 36 31 83 60 43 30
 10.63029975898328 1 201 1 16 42 64 80 44 421
 10.60410506745063 1 201 1 30 36 96 66 61 0
 10.61958495774567 1 201 1 13 17 96 60 56 0
 10.6346513451441 1 201 1 43 17 57 97 54 188
 10.81698126069268 1 80 1 6 6 63 93 56 710
 10.88008060261365 1 201 1 9 31 57 86 43 1791
 10.78224861426902 1 201 1 36 17 96 59 54 0
 10.77713482339544 1 121 1 16 47 69 86 54 2922
 10.72561905276362 1 201 1 30 36 84 56 40 281
 10.63981177571998 1 201 1 31 0 70 74 44 942
 10.50532523446814 1 189 1 13 17 61 90 51 481
 10.46535801420612 1 201 1 36 22 86 57 43 217
 10.47462103701116 1 201 1 19 22 89 64 53 127
 10.65556331759 1 87 1 19 22 61 80 41 916
 10.49150449059447 1 34 1 14 19 70 77 47 1175
 10.46916130003645 1 26 1 11 17 70 74 44 561
 10.5286503131682 1 31 1 14 28 63 86 49 8137
 10.93302783293742 1 201 1 17 39 64 81 46 3357
 10.74766049246078 1 42 1 21 14 57 87 44 7802
 10.89236365917962 1 14 1 16 47 76 66 41 321
 10.85916554566324 1 7 1 21 8 84 56 40 1325
 10.73566777947888 1 5 1 19 6 63 80 43 970
 10.71286223507293 1 6 0 20 39 100 7 7 0
 10.71368365441965 1 6 0 27 50 100 7 7 0
 10.82428728327745 1 7 1 13 42 83 81 64 142
 11.388726235171 1 10 1 11 0 63 71 34 762
 12.90358480846428 1 50 1 36 11 51 99 50 3303
 11.17888967851575 1 8 1 20 0 80 60 40 41
 11.69300602775676 1 16 1 24 3 56 93 49 1030
 11.46018382162793 1 61 1 17 0 54 90 44 620
 11.37104206387819 1 201 1 49 11 90 51 41 369
 10.58613536285183 1 201 1 21 0 93 53 46 42
 10.2273338983999 1 201 1 40 42 94 61 56 30
 10.06850834955887 1 201 1 30 33 96 61 57 0
 10.2413237188922 1 201 1 27 47 96 60 56 0
 10.29103313817352 1 201 1 7 50 93 63 56 29
 10.29542008528395 1 201 1 14 28 91 59 50 442
 10.1424261722466 1 201 1 9 53 96 69 64 0
 10.31614076190456 1 201 1 34 14 96 66 61 0
 10.02684561761302 1 0 0 0 0 0 0 0 0


# name: timeElapsed
# type: scalar
619.6648540496826


# name: evaluation
# type: matrix
# rows: 1
# columns: 3
 0.6916666666666667 0.8076923076923077 0.6086956521739131


# name: contractionConstant
# type: scalar
0.6


# name: minStateDiff
# type: scalar
1e-07


# name: minErrorAccDiff
# type: scalar
1e-07


