# Created by Octave 3.6.2, Tue May 21 09:31:57 2013 CEST <alex@desktop>
# name: trainStats
# type: matrix
# rows: 51
# columns: 10
 11.1003347299879 1 8 0 0 0 100 7 7 0
 10.75155690968468 1 12 0 47 58 100 7 7 0
 12.08660216334429 1 24 1 34 36 100 44 44 0
 10.98994660106401 1 28 0 29 25 100 7 7 0
 10.89235664959752 1 201 0 27 14 100 7 7 0
 10.78105459333865 1 18 0 31 36 100 7 7 0
 10.66102578487689 1 23 1 29 22 100 51 51 0
 10.55792077442353 1 20 0 19 44 100 7 7 0
 10.52166834150911 1 14 0 31 36 100 7 7 0
 10.57869032728528 1 22 1 10 19 100 64 64 0
 10.39220913603872 1 33 1 34 25 91 49 40 86
 10.26129893466053 1 56 1 13 69 67 83 50 29
 10.55078585692762 1 90 1 29 22 53 93 46 340
 10.43472285749955 1 201 1 20 6 89 69 57 221
 10.37859588294002 1 201 1 30 50 87 51 39 6059
 10.3215798822531 1 201 1 14 19 89 59 47 880
 10.30764255078827 1 201 1 41 31 86 51 37 601
 10.28255563701393 1 201 1 24 28 84 76 60 994
 10.16546785239595 1 201 1 24 42 66 80 46 13316
 10.14989990787538 1 77 1 14 28 43 97 40 6022
 10.16941211069907 1 163 1 6 25 43 99 41 840
 10.11763875906697 1 201 1 20 39 50 93 43 12456
 10.00481251711538 1 201 1 33 44 86 63 49 9681
 10.03152025615927 1 201 1 21 36 84 71 56 1569
 9.999422842470699 1 201 1 14 25 81 79 60 528
 9.912861260444995 1 201 1 24 22 80 61 41 1702
 10.02460695855914 1 201 1 19 11 84 57 41 358
 9.844863758219091 1 201 1 44 17 91 61 53 227
 9.934972744484506 1 201 1 19 14 79 61 40 647
 9.858595359301923 1 201 1 30 25 77 69 46 639
 9.606194004099203 1 201 1 29 28 87 66 53 457
 9.818828311039963 1 55 1 24 31 53 100 53 9037
 9.850918932831211 1 201 1 20 14 81 73 54 585
 9.918281394562033 1 201 1 26 3 86 71 57 1220
 9.729562240250985 1 201 1 31 39 93 67 60 269
 9.72841003477112 1 201 1 30 8 89 63 51 326
 9.831171059618732 1 201 1 39 31 84 54 39 413
 9.845634006550764 1 201 1 21 36 76 57 33 698
 9.87464900009768 1 201 1 34 8 89 74 63 959
 9.706013657286888 1 201 1 34 69 79 77 56 17785
 9.744538594961558 1 201 1 26 11 89 67 56 313
 9.793718417631121 1 201 1 30 19 81 59 40 1412
 9.787059905102891 1 201 1 29 19 87 76 63 1718
 9.546505452323583 1 201 1 30 28 84 57 41 1225
 9.653552361283174 1 201 1 26 44 84 57 41 962
 9.777689519931032 1 201 1 26 0 79 44 23 3007
 9.73028393286763 1 201 1 29 11 77 64 41 2183
 9.75099408577351 1 201 1 30 17 84 69 53 163
 9.73871535468051 1 201 1 26 33 90 57 47 79
 9.559247820818285 1 201 1 29 22 83 60 43 136
 9.792168098110348 1 0 0 0 0 0 0 0 0


# name: timeElapsed
# type: scalar
505.4895417690277


# name: evaluation
# type: matrix
# rows: 1
# columns: 3
 0.6583333333333333 0.7258064516129032 0.6521739130434783


# name: contractionConstant
# type: scalar
0.9


# name: minStateDiff
# type: scalar
1e-08


# name: minErrorAccDiff
# type: scalar
1e-08


