# Created by Octave 3.6.2, Tue May 21 19:36:40 2013 CEST <alex@desktop>
# name: trainStats
# type: matrix
# rows: 51
# columns: 10
 11.10159264218653 10 6 0 0 0 100 7 7 0
 10.74276292113146 15 11 0 51 47 100 7 7 0
 13.23011617231258 23 17 1 26 47 61 79 40 531
 10.99643568802895 40 33 1 29 8 50 89 39 2624
 10.70028111775527 174 157 1 24 47 53 91 44 17086
 10.97732915576358 72 65 1 24 53 73 90 63 4477
 11.06391621002339 107 77 1 30 44 91 59 50 59
 10.9926159884228 201 201 1 29 19 86 61 47 69
 11.16851683578557 159 125 1 24 36 74 77 51 614
 11.06868654236278 96 69 1 24 0 99 53 51 2
 10.89616810347897 201 95 1 16 19 94 54 49 11
 10.84234653749679 149 78 1 26 50 67 84 51 633
 10.63483483522029 123 88 1 9 19 84 70 54 271
 10.32002718756707 68 40 1 11 25 79 81 60 8084
 10.15430856069389 66 34 1 24 28 69 87 56 2623
 9.836624996965634 41 24 1 6 14 77 89 66 73
 10.84682829736908 20 11 1 49 36 87 59 46 61
 10.88862429860526 26 18 1 23 47 77 71 49 24
 11.04296068636022 18 13 1 29 8 67 87 54 57
 10.50394669126976 22 16 1 21 11 81 77 59 247
 10.60383157262569 38 19 1 27 17 67 93 60 224
 10.65673706351593 29 19 1 36 14 60 90 50 793
 10.73914970124866 29 15 1 26 39 89 64 53 16
 10.58518504782569 24 12 1 9 14 73 76 49 117
 10.59296477069277 31 19 1 23 31 63 91 54 136757
 10.66641428942797 35 19 1 19 31 60 96 56 25598
 10.75939601415838 201 35 1 16 31 53 99 51 7538
 10.77408332608285 25 13 1 21 47 76 80 56 74694
 10.88702678594849 28 15 1 10 14 79 87 66 527656
 10.88389781849906 19 11 1 17 3 66 91 57 621636
 10.90144648730525 26 14 1 6 8 80 77 57 518042
 10.86859173140859 36 11 1 11 28 76 81 57 264603
 10.83569850355712 16 8 1 9 8 69 87 56 209781
 10.8243384065789 11 5 1 9 0 70 84 54 5863
 10.82074545958029 9 4 1 41 31 70 71 41 36569
 10.81673853025937 8 4 1 6 31 56 83 39 68424
 10.81245115674245 9 4 1 16 31 70 71 41 26382
 10.82107250567431 8 5 1 20 36 76 81 57 133212
 10.81766365681441 10 6 1 11 33 51 91 43 258042
 10.81107927283724 10 6 1 11 22 69 81 50 369084
 10.81716569844403 13 7 1 16 22 54 91 46 454232
 10.81878581584704 22 14 1 26 19 66 80 46 30744
 10.82306482074611 16 10 1 13 6 70 77 47 26980226
 10.86270246408896 28 17 1 14 17 69 73 41 79853
 10.86106573310099 23 13 1 39 8 64 97 61 27066
 10.82572721847683 21 13 1 21 6 56 93 49 177431
 10.75895027116088 19 13 1 21 17 53 94 47 660988
 10.75238379166977 18 12 1 23 8 44 91 36 2512518
 10.72915642872407 16 11 1 17 6 51 89 40 3430562
 10.67493753660941 18 14 1 21 25 36 100 36 178710
 10.57782028213775 23 0 0 0 0 0 0 0 0


# name: timeElapsed
# type: scalar
1968.163703918457


# name: evaluation
# type: matrix
# rows: 1
# columns: 3
 0.65 0.7142857142857143 0.6521739130434783


# name: contractionConstant
# type: scalar
0.6


# name: minStateDiff
# type: scalar
1e-07


# name: minErrorAccDiff
# type: scalar
1e-07


