# Created by Octave 3.6.2, Mon May 20 23:11:50 2013 CEST <alex@desktop>
# name: trainStats
# type: matrix
# rows: 51
# columns: 10
 11.10057895367735 1 8 0 0 0 100 7 7 0
 10.73941516015435 1 13 0 50 47 100 7 7 0
 12.34091659984685 1 32 0 31 47 100 7 7 0
 10.90775679675492 1 36 0 20 25 100 7 7 0
 10.97657565937764 1 201 1 31 33 100 47 47 1
 10.88336430088622 1 30 1 30 25 64 90 54 1041
 10.56891058488396 1 60 1 16 6 77 84 61 2230
 10.53428138717922 1 201 1 26 42 89 60 49 1996
 10.53191043582776 1 201 1 19 17 99 57 56 0
 10.54771065124612 1 201 1 13 36 94 50 44 134
 10.98141679339838 1 29 0 51 39 100 7 7 0
 10.77847669240061 1 26 1 16 50 84 67 51 179
 11.34955117015128 1 22 1 16 25 84 74 59 149
 11.14097457418598 1 25 1 13 31 74 80 54 514
 10.95575741036592 1 19 1 20 6 86 59 44 799
 10.86665152442931 1 90 1 27 17 61 90 51 674
 10.79255975521733 1 201 1 19 28 59 96 54 6431
 10.68100085190238 1 201 1 24 22 77 71 49 163
 10.84558423410809 1 201 1 36 47 79 66 44 605
 10.78007316018391 1 201 1 16 42 91 63 54 241
 10.73738380293767 1 201 1 39 44 93 61 54 15
 10.73706493277749 1 201 1 17 22 96 64 60 0
 10.89061228387251 1 201 1 47 14 96 60 56 0
 10.9400664620643 1 201 1 29 25 89 51 40 700
 10.89796867431874 1 201 1 44 19 96 56 51 0
 10.76457311629299 1 201 1 37 8 96 47 43 0
 10.75891582803114 1 201 1 40 42 96 60 56 0
 10.81066923698185 1 201 1 20 17 96 60 56 0
 10.84841839329764 1 201 1 41 19 96 51 47 0
 10.73991150464775 1 201 1 26 22 96 39 34 0
 10.72886249670912 1 201 1 33 11 96 53 49 0
 10.81715261680387 1 201 1 10 22 96 41 37 0
 10.71554058047331 1 201 1 39 14 96 60 56 0
 10.87033295059963 1 201 1 16 25 96 29 24 0
 10.84160452178057 1 201 1 24 11 96 53 49 0
 10.64997475677167 1 201 1 23 42 96 43 39 0
 10.56326490666668 1 201 1 46 17 96 60 56 0
 10.7867259456617 1 201 1 20 69 96 60 56 0
 10.63279003979921 1 201 1 46 6 96 54 50 0
 10.59862078180991 1 201 1 29 31 96 47 43 0
 10.63368205490312 1 201 1 50 33 96 64 60 0
 10.74957951209161 1 201 1 34 56 96 44 40 0
 10.58277647313729 1 201 1 9 3 96 50 46 0
 10.45631964292322 1 201 1 41 36 96 43 39 0
 10.67651920887107 1 201 1 40 36 96 64 60 0
 10.53709361240897 1 201 1 24 19 96 44 40 0
 10.71668960103186 1 201 1 34 50 96 53 49 0
 10.73938121777854 1 201 1 20 28 96 47 43 0
 10.71033264730546 1 201 1 13 17 96 56 51 0
 10.8424316719687 1 201 1 26 6 96 49 44 0
 10.7135027926515 1 0 0 0 0 0 0 0 0


# name: timeElapsed
# type: scalar
543.0248310565948


# name: evaluation
# type: matrix
# rows: 1
# columns: 3
 0.6 0.6296296296296297 0.7391304347826086


# name: contractionConstant
# type: scalar
0.9


# name: minStateDiff
# type: scalar
1e-08


# name: minErrorAccDiff
# type: scalar
1e-08


