# Created by Octave 3.6.2, Wed May 22 17:32:00 2013 CEST <alex@desktop>
# name: trainStats
# type: matrix
# rows: 51
# columns: 10
 11.10159264218614 11 8 0 0 0 100 7 7 0
 10.74276292108734 16 13 0 51 47 100 7 7 0
 13.2301161652086 26 21 0 31 47 100 7 7 0
 10.98422697147888 164 141 0 23 25 100 7 7 0
 10.76470010420654 201 201 0 30 17 100 7 7 0
 10.9012306630115 201 201 0 27 50 100 7 7 0
 10.82007087343327 201 22 0 20 17 100 7 7 0
 10.7315080732846 201 9 0 41 61 100 7 7 0
 11.29066903235461 201 17 0 17 31 100 7 7 0
 10.75141183210985 201 24 0 31 8 100 7 7 0
 10.72180116084073 201 31 0 17 83 100 7 7 0
 10.83615232044681 201 59 0 31 14 100 7 7 0
 10.89634457871265 201 69 0 14 25 100 7 7 0
 10.87737438826143 201 201 0 29 42 100 7 7 0
 10.47774231472681 201 201 0 31 3 100 7 7 0
 10.38865737478712 131 106 0 17 33 100 7 7 0
 10.32432093405098 64 54 1 20 31 81 87 69 1338
 10.2896150528709 134 104 1 7 19 83 89 71 57
 10.26140627364884 142 130 1 30 6 67 91 59 473
 10.21482221097222 201 201 1 16 36 73 90 63 873
 10.34457643568373 201 201 1 23 14 89 60 49 43
 10.47409987835475 201 201 1 43 6 89 49 37 94
 10.44711181273165 201 201 1 23 47 80 67 47 96
 10.26164604127661 201 201 1 31 8 86 77 63 741
 10.55329690455848 201 201 1 29 31 84 67 51 59
 10.42149246388341 201 201 1 34 8 66 89 54 1889
 10.66539013254738 201 201 1 14 44 59 90 49 2273
 10.69662747120627 90 61 1 7 11 60 84 44 2172
 10.65811378124374 49 32 1 14 8 71 74 46 721
 10.73566912890143 44 36 1 23 3 60 87 47 691
 10.72893090028934 57 48 1 10 17 53 96 49 1417
 10.58567455770774 59 48 1 3 8 47 94 41 1493
 10.5513691629016 66 38 1 16 25 54 86 40 506
 10.55847369732419 33 24 1 16 19 61 89 50 470
 10.54816720826142 47 49 1 16 19 60 93 53 622
 10.44382133331899 34 27 1 11 33 66 87 53 998
 10.40747781079493 82 82 1 10 14 54 83 37 3124
 10.42053851869724 32 23 1 29 19 64 86 50 11169
 10.29338190816634 26 24 1 13 39 67 87 54 1068
 10.1528529371991 36 21 1 39 19 70 80 50 648
 10.22702894176714 48 29 1 10 6 60 87 47 3749
 10.11471089906906 42 28 1 36 3 47 87 34 2394
 10.21843168702966 201 201 1 26 22 87 66 53 355
 10.09163155833023 201 201 1 30 0 84 69 53 186
 10.11696113018364 201 201 1 21 50 81 73 54 1579
 10.09382404404095 201 201 1 30 8 89 67 56 132
 9.935760616069473 201 201 1 29 8 89 54 43 583
 9.928565908246293 201 201 1 24 36 94 56 50 668
 9.882474083308516 201 201 1 33 17 94 54 49 121
 9.470520165218753 201 201 1 26 31 91 67 59 64
 9.493211100270196 201 0 0 0 0 0 0 0 0


# name: timeElapsed
# type: scalar
3881.220950126648


# name: evaluation
# type: matrix
# rows: 1
# columns: 3
 0.5916666666666667 0.7631578947368421 0.4202898550724637


# name: contractionConstant
# type: scalar
1.2


# name: minStateDiff
# type: scalar
1e-08


# name: minErrorAccDiff
# type: scalar
1e-08


