# Created by Octave 3.6.2, Wed May 22 14:17:17 2013 CEST <alex@desktop>
# name: trainStats
# type: matrix
# rows: 51
# columns: 10
 11.10159264220155 10 6 0 0 0 100 7 7 0
 10.74276292118353 15 11 0 51 47 100 7 7 0
 13.23011616296506 24 17 1 30 47 94 51 46 54
 10.88856141263847 135 107 0 24 8 100 7 7 0
 11.05842008996018 38 31 0 24 33 100 7 7 0
 10.75010172269177 35 28 1 21 19 94 54 49 8
 10.49972552945195 39 33 0 16 58 100 7 7 0
 10.36967063060442 37 32 1 16 19 97 60 57 7
 10.24175929802587 92 69 1 16 39 93 57 50 219
 9.799288948889641 61 46 1 31 14 54 97 51 96
 9.842708623549198 201 201 1 11 31 61 99 60 403
 9.210265518329134 201 123 1 26 14 56 99 54 123
 10.09769100089388 201 201 1 37 31 74 79 53 22
 10.33330977342307 201 201 1 17 19 56 91 47 242
 10.41353896410269 201 201 1 14 39 66 94 60 4697
 10.55557874206814 193 201 1 20 36 67 96 63 4672
 10.58841305555813 59 56 0 53 11 100 7 7 0
 10.49508616072504 201 79 1 19 17 77 90 67 1600
 10.5079941823664 65 57 1 33 8 93 69 61 23
 10.43264423917593 134 112 1 23 31 74 89 63 206
 10.27795633224568 37 28 1 26 36 83 67 50 35
 10.58427099557453 116 201 1 33 25 76 73 49 211
 10.50701921421691 30 23 1 10 14 66 84 50 72
 10.26588349122473 31 22 1 10 28 76 84 60 111
 10.47220812298041 45 32 1 10 11 50 99 49 1983
 11.65386559140675 26 23 1 30 58 61 81 43 1160
 10.16801563580757 60 48 1 4 14 54 96 50 647
 10.79643205824836 74 69 1 27 6 59 80 39 28749
 9.798275194287561 57 44 1 19 36 74 90 64 2214
 9.774538243213104 110 87 1 19 22 51 84 36 1659
 9.793241721526879 201 39 1 27 22 40 96 36 7442
 9.740202913125531 201 201 1 20 25 79 76 54 255
 9.843531294904064 201 201 1 26 11 51 91 43 384
 9.657699874790749 201 201 1 14 28 81 84 66 74
 9.48869761691128 201 201 1 29 6 91 61 53 50
 9.594230013616905 201 201 1 34 19 87 59 46 480
 9.351475494851744 201 201 1 24 14 91 59 50 98
 9.332351867546651 201 201 1 17 11 81 73 54 514
 9.235920160340951 201 201 1 23 8 91 69 60 3511
 8.954596058588264 201 201 1 30 19 90 64 54 1351
 8.810458027591411 201 201 1 26 6 86 71 57 806
 8.752764635499112 201 201 1 36 44 94 69 63 1912
 8.554688455436358 201 201 1 20 0 91 66 57 351
 8.483778013160592 201 201 1 34 53 90 77 67 397
 8.358045406048067 201 201 1 13 3 91 64 56 296
 8.154344474529262 201 201 1 43 19 91 66 57 263
 8.033605930551815 201 201 1 13 8 91 59 50 1154
 7.957517070304646 201 201 1 37 31 90 57 47 1320
 7.792384548145486 201 201 1 23 6 96 51 47 457
 7.745635535967951 201 201 1 40 14 74 77 51 4690
 7.725295644886857 201 0 0 0 0 0 0 0 0


# name: timeElapsed
# type: scalar
3810.085853099823


# name: evaluation
# type: matrix
# rows: 1
# columns: 3
 0.7333333333333333 0.7032967032967034 0.927536231884058


# name: contractionConstant
# type: scalar
0.9


# name: minStateDiff
# type: scalar
1e-07


# name: minErrorAccDiff
# type: scalar
1e-07


