# Created by Octave 3.6.2, Mon May 20 23:02:47 2013 CEST <alex@desktop>
# name: trainStats
# type: matrix
# rows: 51
# columns: 10
 11.10030731045642 1 6 0 0 0 100 7 7 0
 10.75046531033291 1 12 0 47 47 100 7 7 0
 12.65671642861073 1 15 0 37 47 100 7 7 0
 11.01864301624122 1 23 0 16 22 100 7 7 0
 10.81184683413405 1 201 0 39 19 100 7 7 0
 10.77133842038761 1 201 1 24 25 100 56 56 0
 10.63478571024054 1 48 0 49 56 100 7 7 0
 10.57021200608491 1 201 1 19 25 97 51 49 16
 10.46391070887234 1 201 1 44 14 100 57 57 0
 10.68980034789033 1 201 1 17 83 91 61 53 12
 10.52108075696081 1 201 1 29 0 96 64 60 34
 10.72628742056674 1 201 1 51 69 97 56 53 4
 10.85259875049323 1 201 1 6 17 79 69 47 79
 10.53978755405952 1 201 1 27 44 80 84 64 288
 10.66240203044381 1 201 1 30 36 96 69 64 9
 10.8095596526942 1 201 1 16 58 89 76 64 240
 10.71471081471589 1 201 1 39 0 96 59 54 4
 10.67342098733564 1 201 1 23 0 94 56 50 30
 10.57307865579234 1 201 1 31 3 83 60 43 961
 10.56526214372343 1 201 1 37 0 93 67 60 285
 10.68721440078653 1 201 1 16 50 100 49 49 0
 10.68131303389819 1 201 1 29 31 94 67 61 91
 10.79004307589474 1 201 1 26 47 99 71 70 2
 10.83775429895983 1 201 1 31 6 96 57 53 178
 10.88254191502477 1 201 1 10 47 96 64 60 64
 10.79849103991491 1 201 1 56 3 90 61 51 8860
 10.98019306145261 1 201 1 16 3 100 73 73 0
 10.82187970215828 1 201 1 16 0 94 71 66 932
 10.974115470596 1 201 1 33 11 97 64 61 321
 11.06307236737393 1 201 1 29 3 100 57 57 0
 10.84688326371258 1 201 1 7 0 96 63 59 272
 10.89801208552906 1 201 1 43 33 100 53 53 0
 10.70705196829871 1 201 1 30 8 100 61 61 0
 10.78954578000258 1 201 1 26 53 96 54 50 608
 10.80154216744956 1 201 1 41 6 100 51 51 0
 10.81812241956634 1 201 1 26 58 99 46 44 0
 10.7443530858787 1 201 1 27 3 93 51 44 7098
 10.8406237262355 1 201 1 16 61 97 61 59 1573
 10.82186077285703 1 201 1 23 8 94 54 49 13050
 10.77954480954754 1 201 1 54 36 94 59 53 45
 10.74315483598476 1 201 1 17 61 100 43 43 0
 10.73591836471931 1 201 1 37 19 99 57 56 6080
 10.72250696473961 1 201 1 37 39 100 61 61 0
 10.72948791144783 1 201 1 30 11 100 44 44 0
 10.66535044358794 1 201 1 30 19 100 51 51 0
 10.69632679893898 1 201 1 14 8 100 56 56 0
 10.78014290383786 1 201 1 30 50 100 43 43 0
 10.71171819289316 1 201 1 31 0 91 64 56 486
 10.74039374963149 1 201 1 17 47 100 50 50 0
 10.70096427313467 1 201 1 36 6 97 61 59 434
 10.74186379153712 1 0 0 0 0 0 0 0 0


# name: timeElapsed
# type: scalar
537.9537091255188


# name: evaluation
# type: matrix
# rows: 1
# columns: 3
 0.5666666666666667 0.6133333333333333 0.6666666666666666


# name: contractionConstant
# type: scalar
1.2


# name: minStateDiff
# type: scalar
1e-07


# name: minErrorAccDiff
# type: scalar
1e-07


