# Created by Octave 3.6.2, Tue May 21 10:24:36 2013 CEST <alex@desktop>
# name: trainStats
# type: matrix
# rows: 51
# columns: 10
 11.09990738621553 1 6 0 0 0 100 7 7 0
 10.7563782388429 1 10 0 46 50 100 7 7 0
 12.17652289264773 1 18 0 34 44 100 7 7 0
 10.92548600643897 1 80 0 26 28 100 7 7 0
 10.81370115357042 1 39 0 24 33 100 7 7 0
 10.6773087491943 1 20 1 21 11 100 59 59 2
 10.67702655295544 1 16 1 34 75 70 90 60 587
 10.49332897785042 1 15 1 13 22 84 67 51 5
 10.40326053525849 1 12 1 23 67 96 57 53 2
 10.47624797341476 1 15 1 11 25 97 64 61 0
 10.52507635576988 1 16 1 19 25 97 51 49 0
 10.52204577878591 1 13 1 23 11 93 66 59 187
 10.44232402401894 1 18 0 17 25 100 7 7 0
 10.58368867569566 1 85 0 36 58 100 7 7 0
 10.62009361468296 1 20 1 39 25 96 74 70 4
 10.47892458329041 1 23 0 21 6 100 7 7 0
 10.25428950680149 1 31 0 9 69 100 7 7 0
 10.37253374273209 1 38 0 16 0 100 7 7 0
 10.26922402193068 1 47 1 53 81 97 64 61 6
 10.16909459167445 1 39 0 13 6 100 7 7 0
 10.27077616258581 1 73 1 37 11 96 60 56 5
 10.32180355960342 1 43 1 20 67 99 59 57 6
 10.50194020332682 1 37 1 14 0 100 49 49 1
 10.37415855442071 1 201 1 40 33 96 61 57 420
 10.33670565594883 1 56 1 24 11 99 41 40 9
 10.36917745847074 1 53 1 23 36 86 63 49 348
 10.34461595148208 1 35 1 7 6 94 47 41 27
 10.38388128571099 1 67 1 53 19 89 67 56 23
 10.33904255791803 1 39 1 7 11 91 60 51 136
 10.41819875743349 1 201 1 24 33 90 51 41 22
 10.30849060777002 1 201 1 30 22 76 81 57 16
 10.19609812595028 1 201 1 24 17 93 59 51 198
 10.12752000808928 1 42 1 34 14 83 66 49 271
 10.14717619891907 1 36 1 1 19 83 70 53 58
 10.08192972186146 1 50 1 9 3 77 71 49 146
 9.907228024231824 1 62 1 7 19 77 79 56 279
 9.816921925016883 1 201 1 40 3 89 61 50 356
 9.893964542411716 1 201 1 10 8 64 76 40 153
 9.908345508967674 1 201 1 51 33 94 76 70 1038
 10.06141329597032 1 201 1 23 31 96 56 51 60
 9.987086239626946 1 201 1 14 11 89 50 39 1184
 9.811204788768233 1 201 1 40 33 97 63 60 60
 10.05213467656376 1 201 1 29 25 96 49 44 83
 10.05401293084607 1 201 1 31 17 97 51 49 100
 9.99137841086536 1 201 1 16 17 97 56 53 105
 9.923597550988848 1 201 1 47 33 93 60 53 280
 10.01749043657912 1 201 1 16 25 97 53 50 4
 10.01520895267882 1 201 1 39 47 100 57 57 0
 10.11497969563117 1 201 1 26 6 96 44 40 676
 9.962503558327647 1 201 1 23 33 94 71 66 13
 9.993759916451062 1 0 0 0 0 0 0 0 0


# name: timeElapsed
# type: scalar
426.2751250267029


# name: evaluation
# type: matrix
# rows: 1
# columns: 3
 0.625 0.6764705882352942 0.6666666666666666


# name: contractionConstant
# type: scalar
0.9


# name: minStateDiff
# type: scalar
1e-07


# name: minErrorAccDiff
# type: scalar
1e-07


