# Created by Octave 3.6.2, Wed May 22 09:35:24 2013 CEST <alex@desktop>
# name: trainStats
# type: matrix
# rows: 51
# columns: 10
 11.1015926422013 10 6 0 0 0 100 7 7 0
 10.74276292107032 15 11 0 51 47 100 7 7 0
 13.23011616941152 23 17 1 26 47 61 79 40 531
 10.99643568810851 40 33 1 29 8 50 89 39 2624
 10.70028111395848 157 157 1 24 47 53 91 44 17087
 10.97732915581259 70 65 1 24 53 73 90 63 4477
 11.06391620980574 106 77 1 30 44 91 59 50 59
 11.07741800966295 201 201 1 27 19 87 73 60 118
 11.06038890032486 201 30 1 36 8 97 53 50 11
 11.01900389568911 201 201 1 17 25 84 69 53 62
 10.89592241708875 201 166 1 16 0 69 93 61 402
 10.77350014233415 201 110 1 33 67 50 97 47 298
 10.90056669548534 201 201 1 26 8 81 74 56 1002
 10.58295191623123 99 59 1 19 39 61 96 57 444
 10.46191325616507 114 60 1 19 11 54 100 54 2806
 10.28541452984347 25 16 1 29 42 73 70 43 34
 10.26891068414936 28 20 1 26 11 87 57 44 31
 10.05853132409216 57 47 1 20 53 94 41 36 2
 10.02029782964255 201 201 1 20 22 90 59 49 95
 10.16133683626969 201 59 1 34 28 50 97 47 2941
 9.932725578769034 201 201 1 21 8 90 69 59 542
 10.12633045111953 201 201 1 17 36 94 59 53 1524
 10.13011899866015 201 201 1 24 14 96 50 46 18383
 10.31560809737915 201 201 1 29 25 97 47 44 81
 10.03193776225773 201 201 1 16 19 90 63 53 588308
 10.06587037823392 201 201 1 39 22 93 50 43 52
 9.676549573944925 201 201 1 27 19 59 94 53 14478
 9.624907265920221 201 75 1 16 19 59 96 54 167430
 9.456189687808166 201 42 1 26 33 51 90 41 294631
 9.666489552564785 201 201 1 26 8 89 61 50 51
 9.522716466927509 201 201 1 39 11 83 61 44 20200
 10.04197396713047 201 79 1 20 25 63 79 41 37449
 10.13985786343997 201 72 1 21 28 60 99 59 9166
 10.12213944482699 103 88 1 14 3 73 80 53 69830
 9.846100122570984 54 42 1 26 42 61 84 46 482822
 9.455552941348886 39 27 1 17 17 64 81 46 287635
 9.513007502984715 201 33 1 21 8 61 93 54 12402
 9.664368208238715 201 106 1 13 47 67 83 50 1033
 9.571319374421957 201 35 1 19 8 59 80 39 2229
 9.540617676843695 52 51 1 17 28 69 79 47 245642
 9.728707918212351 201 40 1 19 36 63 90 53 1110
 9.298101714740264 201 35 1 26 33 50 97 47 618
 11.66321012338616 26 18 1 31 33 61 86 47 301968
 12.1887026097802 36 27 1 26 17 63 87 50 2137
 11.75496591161212 72 73 1 34 8 67 91 59 26855
 12.32355489525773 20 11 1 33 14 79 77 56 144723
 11.62323447575378 43 23 1 27 19 74 77 51 11045
 10.67291681381223 24 18 1 37 72 77 83 60 76256
 11.54493665652789 22 14 1 10 11 67 81 49 521
 10.82644004484474 34 34 1 23 11 61 80 41 538727
 11.01571766163005 25 0 0 0 0 0 0 0 0


# name: timeElapsed
# type: scalar
3691.707904100418


# name: evaluation
# type: matrix
# rows: 1
# columns: 3
 0.5333333333333333 0.5747126436781609 0.7246376811594203


# name: contractionConstant
# type: scalar
0.6


# name: minStateDiff
# type: scalar
1e-07


# name: minErrorAccDiff
# type: scalar
1e-07


