# Created by Octave 3.6.2, Tue May 21 13:46:17 2013 CEST <alex@desktop>
# name: trainStats
# type: matrix
# rows: 51
# columns: 10
 11.10159264218723 11 8 0 0 0 100 7 7 0
 10.74276292110734 16 13 0 51 47 100 7 7 0
 13.23011616500404 27 21 0 31 47 100 7 7 0
 10.98422697148624 164 141 0 23 25 100 7 7 0
 10.78107036175373 201 201 0 26 3 100 7 7 0
 10.37049958625928 201 201 1 24 19 99 61 60 17
 10.42186748980363 171 144 0 19 53 100 7 7 0
 10.09611529812277 94 75 0 4 8 100 7 7 0
 9.798366362349933 90 74 1 27 19 100 41 41 1
 9.352992956493786 29 23 0 19 44 100 7 7 0
 9.518609534341611 45 37 0 47 11 100 7 7 0
 9.38062869948274 28 22 0 24 61 100 7 7 0
 8.974305507721843 38 31 0 10 8 100 7 7 0
 9.161179412873231 59 42 0 34 50 100 7 7 0
 9.86963069628273 44 36 0 27 36 100 7 7 0
 9.719123720980152 201 201 0 9 6 100 7 7 0
 9.287787174636357 201 201 0 7 22 100 7 7 0
 9.072258361047886 201 201 1 29 42 97 51 49 4
 9.160739153447613 201 105 1 21 11 83 79 61 64
 9.393430974481825 201 125 1 24 81 60 93 53 96
 9.014516124718924 201 201 1 17 6 87 70 57 1602
 9.038986085914461 201 201 1 14 31 76 79 54 128
 8.892373806944203 201 201 1 31 0 89 69 57 72
 9.095436389445215 201 173 1 19 83 61 97 59 1373
 9.495697535533722 201 201 1 24 6 71 91 63 140
 9.309594029524131 201 191 1 14 0 70 81 51 1293
 8.623381697008019 201 201 1 24 58 93 74 67 26
 8.624938610697191 201 50 1 21 0 90 74 64 26
 9.749621774308578 201 61 1 41 67 74 71 46 42
 8.564460665927562 201 201 1 24 0 97 61 59 147
 9.188676586412221 201 95 1 39 36 81 83 64 119
 8.864591824991148 201 201 1 23 0 96 56 51 34
 9.156510863720063 201 201 1 19 6 70 80 50 29
 9.375382484250579 201 128 1 16 0 80 76 56 52
 9.232824630904169 201 65 1 23 6 81 63 44 212
 9.224478555983424 201 201 0 21 0 100 7 7 0
 9.178936266270675 201 99 1 26 47 79 83 61 64
 8.964492263253844 201 201 1 31 19 93 59 51 59
 8.956432427775887 201 201 0 37 28 100 7 7 0
 8.882871829336061 201 201 1 26 39 94 49 43 21
 8.899176191022525 201 201 0 44 6 100 7 7 0
 9.099515982149542 201 201 1 27 56 94 49 43 2
 9.076380748301885 201 201 1 9 8 100 43 43 1
 8.747342086755113 201 201 1 3 44 100 51 51 0
 8.921779275239686 201 37 0 51 14 100 7 7 0
 8.951946004012436 201 201 0 19 28 100 7 7 0
 9.10924769396167 201 201 0 44 3 100 7 7 0
 8.623741427746797 201 201 0 7 64 100 7 7 0
 8.895638475351891 201 201 0 10 33 100 7 7 0
 9.09188911061575 201 201 0 27 6 100 7 7 0
 9.386646182447102 201 0 0 0 0 0 0 0 0


# name: timeElapsed
# type: scalar
5425.999917984009


# name: evaluation
# type: matrix
# rows: 1
# columns: 3
 0.7 0.9714285714285714 0.4927536231884058


# name: contractionConstant
# type: scalar
1.2


# name: minStateDiff
# type: scalar
1e-08


# name: minErrorAccDiff
# type: scalar
1e-08


