# Created by Octave 3.6.2, Wed May 22 07:15:49 2013 CEST <alex@desktop>
# name: trainStats
# type: matrix
# rows: 51
# columns: 10
 11.10159264217768 10 6 0 0 0 100 7 7 0
 10.74276292109852 15 11 0 51 47 100 7 7 0
 13.23011616958225 23 17 1 30 47 94 51 46 54
 10.88856141257821 135 107 0 24 8 100 7 7 0
 11.05842008855379 38 31 0 24 33 100 7 7 0
 10.7501017228111 35 28 1 21 19 94 54 49 8
 10.49972553109369 41 33 0 16 58 100 7 7 0
 10.36967063057211 38 32 1 16 19 97 60 57 7
 10.2417592979785 79 69 1 16 39 93 57 50 219
 9.799288948985645 60 46 1 31 14 54 97 51 96
 9.68108569674007 201 201 1 11 31 60 99 59 1011
 9.126858996325604 201 123 1 26 17 60 99 59 209
 10.91451673965034 124 62 1 34 39 100 49 49 1
 9.815021452816284 201 201 1 31 14 67 91 59 983
 9.804161341265052 201 201 1 17 22 49 94 43 850
 9.540931531684672 201 201 1 21 39 80 71 51 864
 10.75424559094981 132 99 1 21 17 61 91 53 1141
 10.29584784187124 84 60 1 23 17 59 96 54 1234
 10.2926610710314 94 28 1 17 6 66 94 60 2207
 10.2002334895062 23 12 1 39 25 84 69 53 239
 9.848633436075151 44 40 1 33 11 54 96 50 1111
 9.388538379251347 44 31 1 11 56 53 93 46 16331
 9.21665650169685 98 62 1 37 8 46 96 41 90419
 8.998079885529433 50 33 1 23 36 59 84 43 182074
 9.258108644488868 149 201 1 17 28 64 90 54 2685
 9.35295469308082 70 36 1 16 6 66 97 63 2559
 8.731655522008687 75 52 1 11 14 69 99 67 7704962
 8.911528397777964 14 6 0 53 50 100 7 7 0
 8.831977445031177 166 124 1 10 17 46 99 44 28525
 8.64658215425184 14 7 0 46 6 100 7 7 0
 8.769873201792269 20 6 0 24 47 100 7 7 0
 8.828305317421691 201 61 1 36 11 56 99 54 32329
 8.817725327105839 34 28 1 9 11 64 97 61 13194
 8.733561005757519 201 185 1 14 31 57 93 50 10563997
 8.600077122975449 25 6 0 37 36 100 7 7 0
 8.704406376418222 201 201 1 24 25 89 70 59 5286
 8.618435184987494 33 30 1 29 25 64 97 61 52188
 8.528646444349173 16 8 0 21 11 100 7 7 0
 8.507217430754761 34 36 1 13 11 54 96 50 50102
 8.452456103584131 15 8 0 34 3 100 7 7 0
 8.630000875223837 201 23 1 29 0 59 89 47 1501968
 8.479671854105327 27 23 1 14 11 54 97 51 208200
 8.456979654188954 201 9 0 26 3 100 7 7 0
 8.676084252494411 201 34 1 17 6 39 96 34 14751
 8.690458870283937 201 23 1 27 8 59 71 30 5510373
 8.641517009068767 201 58 1 7 3 49 84 33 815034
 8.588766124530094 201 10 0 49 0 100 7 7 0
 8.407571818610185 58 89 1 24 53 67 87 54 6456252
 8.491761070539013 201 12 1 20 11 40 96 36 19737
 8.488003508730456 201 38 1 13 14 59 70 29 2823959
 8.446151226516877 201 0 0 0 0 0 0 0 0


# name: timeElapsed
# type: scalar
2975.019434213638


# name: evaluation
# type: matrix
# rows: 1
# columns: 3
 0.75 0.8823529411764706 0.6521739130434783


# name: contractionConstant
# type: scalar
0.9


# name: minStateDiff
# type: scalar
1e-07


# name: minErrorAccDiff
# type: scalar
1e-07


