# Created by Octave 3.6.2, Wed May 22 00:46:31 2013 CEST <alex@desktop>
# name: trainStats
# type: matrix
# rows: 51
# columns: 10
 11.10159264217153 10 6 0 0 0 100 7 7 0
 10.74276292141909 14 11 0 51 47 100 7 7 0
 13.23011616985078 23 17 1 30 47 94 51 46 54
 10.88856141290408 130 107 0 24 8 100 7 7 0
 11.05842008873084 41 31 0 24 33 100 7 7 0
 10.75010172270138 35 28 1 21 19 94 54 49 8
 10.49972552895083 42 33 0 16 58 100 7 7 0
 10.36967063058976 35 32 1 16 19 97 60 57 7
 10.24175929962818 87 69 1 16 39 93 57 50 219
 9.799288947839358 59 46 1 31 14 54 97 51 96
 9.681084432463138 201 201 1 11 31 60 99 59 1011
 9.126859009364024 201 123 1 26 17 60 99 59 209
 10.91451673962922 130 62 1 34 39 100 49 49 1
 10.10359952962501 201 201 1 27 17 64 86 50 5080
 9.793408133525848 201 201 1 20 42 66 81 47 854
 9.754156617881536 201 201 1 16 28 47 100 47 1788
 11.13546927443761 60 39 1 21 3 79 73 51 76
 10.80812905043901 23 14 1 19 3 81 77 59 12234
 10.74340255789529 20 11 1 20 0 90 63 53 116
 10.28324079624802 89 69 1 37 14 73 100 73 42361
 10.72615229499681 22 11 0 20 67 100 7 7 0
 10.38714673246473 123 128 1 24 17 66 90 56 1181
 10.31930457370751 26 8 0 30 17 100 7 7 0
 10.39894350918236 64 61 1 30 53 80 89 69 3237
 10.3110801088916 73 84 1 11 11 67 90 57 29881
 10.29800096606403 53 46 1 19 47 57 93 50 10442
 10.259897606451 97 111 1 21 8 66 93 59 4400
 10.23672124294288 77 61 1 20 19 61 93 54 5050
 10.19111110381946 36 20 1 20 6 77 74 51 30824
 10.18189553198241 201 10 1 30 19 80 67 47 3876
 10.21451193185657 45 20 1 21 31 81 83 64 3043
 10.18182275438559 201 34 1 13 6 84 73 57 1838
 10.13820618515449 26 11 1 40 14 86 74 60 1194
 10.08943907345093 36 31 1 1 6 89 56 44 256
 10.0452197270289 48 42 1 36 19 67 84 51 512
 9.950534853377976 59 54 1 6 6 76 69 44 464
 9.693337909463828 86 58 1 30 8 70 81 51 134
 9.330078129029511 201 201 1 9 11 70 80 50 2266
 9.106501831672972 39 34 1 24 14 86 74 60 405
 9.168562473114013 201 201 1 27 8 90 60 50 695
 9.069469274411434 201 201 1 34 28 64 87 51 239
 8.835865464089148 201 201 1 21 6 87 59 46 640
 8.885813801199495 201 201 1 30 19 87 67 54 463
 8.640354570137426 201 201 1 33 19 84 70 54 130
 8.370659641971528 201 201 1 26 11 83 83 66 152
 8.355931650766959 201 201 1 34 22 86 64 50 820
 8.270565614877455 201 88 1 20 8 59 79 37 285
 8.609841964089117 201 201 1 23 58 60 91 51 6641
 8.423689206966706 201 125 1 29 11 67 91 59 1839
 8.295633714287501 201 201 1 31 22 81 60 41 212
 8.276096967860077 201 0 0 0 0 0 0 0 0


# name: timeElapsed
# type: scalar
3241.037099838257


# name: evaluation
# type: matrix
# rows: 1
# columns: 3
 0.7083333333333334 0.9047619047619048 0.5507246376811594


# name: contractionConstant
# type: scalar
0.9


# name: minStateDiff
# type: scalar
1e-07


# name: minErrorAccDiff
# type: scalar
1e-07


