# Created by Octave 3.6.2, Mon May 20 22:06:49 2013 CEST <alex@desktop>
# name: trainStats
# type: matrix
# rows: 51
# columns: 10
 11.10159310602734 4 8 0 0 0 100 7 7 0
 10.74277633272218 4 13 0 51 47 100 7 7 0
 13.19353690275773 4 21 1 30 47 93 53 46 75
 10.88570827735545 4 113 0 30 8 100 7 7 0
 11.0317538864639 4 124 0 21 33 100 7 7 0
 10.68142151850223 4 173 0 27 19 100 7 7 0
 10.49275236255475 4 201 0 20 44 100 7 7 0
 10.24761357343928 4 86 0 6 25 100 7 7 0
 9.746157748720945 4 47 1 21 42 100 56 56 2
 10.06255409674618 4 44 1 40 19 69 86 54 229
 9.018458238247344 4 40 1 9 53 49 100 49 439905
 9.166593027151759 4 31 1 31 28 54 100 54 341
 9.568903743211729 4 52 1 10 8 71 79 50 352
 9.515257768270121 4 201 0 37 47 100 7 7 0
 11.54787274220537 4 156 1 20 14 77 81 59 261
 11.20352010580051 4 201 1 30 8 80 69 49 171
 11.00523269727667 4 201 1 16 14 89 56 44 3879
 10.88842688118666 4 201 1 29 19 86 69 54 8154
 10.90812350254974 4 201 1 30 39 44 96 40 17562
 10.89822222926214 4 201 1 17 6 83 66 49 5766
 10.41793271369994 4 201 1 34 33 77 70 47 93757
 10.75750342207507 4 201 1 17 33 77 69 46 1327
 11.88229112788023 4 201 1 37 3 77 71 49 1178
 12.16959833538148 4 5 0 40 3 100 7 7 0
 10.79931057039411 4 9 0 30 94 100 7 7 0
 11.63247548130015 4 201 1 29 3 79 77 56 1259
 11.3665275024036 4 6 0 27 0 100 7 7 0
 11.05406686710048 4 9 1 23 97 89 46 34 49
 10.62726744061584 4 16 1 37 3 59 99 57 1057
 11.08627024744205 4 12 1 34 97 66 84 50 1199
 10.69144789252934 4 8 0 29 3 100 7 7 0
 10.93466105579714 4 8 0 24 56 100 7 7 0
 10.82403827469423 4 11 1 34 3 67 97 64 3708
 10.90255449897072 4 7 0 20 0 100 7 7 0
 11.030021735825 4 7 0 23 61 100 7 7 0
 11.20760645098335 4 8 0 17 0 100 7 7 0
 11.36828341168704 4 26 1 31 14 66 83 49 736
 11.5471644328722 4 19 1 26 8 53 99 51 5492
 11.77142723432652 4 201 1 33 25 67 77 44 2434
 11.57308308765047 4 8 0 26 3 100 7 7 0
 11.42187375471338 4 201 1 30 11 79 77 56 10006
 11.70762106450234 4 11 0 37 11 100 7 7 0
 11.55634433993824 4 35 1 21 8 43 100 43 5621
 11.52165506390184 4 201 1 24 3 80 67 47 630
 11.34295050047019 4 201 1 21 25 83 64 47 1868
 11.19685218494032 4 66 1 24 0 54 94 49 19599
 11.4901518999756 4 201 1 24 3 81 69 50 90112
 11.00578129455256 4 201 1 29 42 81 74 56 7331
 11.11581447071971 4 18 1 33 19 81 73 54 9590
 11.12881785657476 4 26 1 23 33 60 94 54 4132
 11.04479924124878 4 0 0 0 0 0 0 0 0


# name: timeElapsed
# type: scalar
482.5820140838623


# name: evaluation
# type: matrix
# rows: 1
# columns: 3
 0.7416666666666667 0.8653846153846154 0.6521739130434783


# name: contractionConstant
# type: scalar
0.9


# name: minStateDiff
# type: scalar
1e-08


# name: minErrorAccDiff
# type: scalar
1e-08


