# Created by Octave 3.6.2, Tue May 21 10:41:03 2013 CEST <alex@desktop>
# name: trainStats
# type: matrix
# rows: 51
# columns: 10
 11.10028235407521 1 6 0 0 0 100 7 7 0
 10.74446612960326 1 11 0 51 50 100 7 7 0
 11.97878285659703 1 33 1 24 44 94 56 50 3
 10.95012044258773 1 35 0 21 14 100 7 7 0
 10.819470762245 1 201 0 46 28 100 7 7 0
 10.7020014968518 1 201 0 29 36 100 7 7 0
 10.39882375380026 1 201 0 36 28 100 7 7 0
 10.63318655347554 1 201 0 17 61 100 7 7 0
 10.3700560188769 1 201 0 26 8 100 7 7 0
 10.69193086284159 1 201 0 30 42 100 7 7 0
 10.45185269034068 1 201 0 39 8 100 7 7 0
 10.30207169237392 1 88 0 27 56 100 7 7 0
 10.17496496499277 1 43 0 19 3 100 7 7 0
 10.27055361387589 1 201 1 13 31 100 61 61 3
 10.05817774588043 1 80 0 7 11 100 7 7 0
 9.881801577844303 1 201 0 17 33 100 7 7 0
 10.00945709521934 1 82 0 10 11 100 7 7 0
 10.03083269853789 1 47 1 24 11 100 51 51 2
 9.965123031383724 1 201 1 24 11 93 63 56 18
 9.938900261922631 1 60 1 9 8 90 60 50 18
 9.93987732832001 1 112 1 10 19 93 61 54 8
 9.992549139973692 1 201 1 30 28 93 57 50 8
 9.676519122042487 1 71 1 31 3 100 44 44 1
 9.481705695974659 1 51 1 33 75 96 56 51 23
 9.574709822143083 1 33 1 30 11 100 46 46 0
 9.33541029553809 1 56 1 44 61 97 51 49 5
 9.536756445696849 1 52 1 9 17 90 60 50 26
 9.546203277223061 1 133 1 24 19 87 77 64 345
 9.590662488655154 1 201 1 21 53 99 51 50 21
 9.278077553217727 1 201 1 33 3 97 57 54 3
 9.533861015590411 1 201 1 20 58 96 50 46 11
 9.795324650153848 1 201 1 43 3 99 56 54 1
 9.354003490187255 1 201 1 17 17 91 60 51 7
 9.257447100215401 1 201 1 29 58 96 46 41 15
 8.980540166666787 1 201 1 29 14 99 54 53 1
 9.329347733259695 1 201 1 16 17 97 51 49 2
 9.216948545090762 1 60 1 44 14 81 64 46 534
 9.170925995102726 1 201 1 11 39 96 57 53 64
 9.586681965548383 1 201 1 16 6 90 60 50 24
 9.547800849290191 1 201 1 13 39 91 50 41 17
 9.174171979715943 1 201 1 16 8 91 53 44 30
 8.974141723074355 1 201 1 43 22 51 90 41 194
 9.095887436670917 1 201 1 13 6 90 70 60 18
 9.102922236967501 1 201 1 19 11 89 63 51 1021
 9.022914774317623 1 201 1 7 47 99 57 56 0
 8.931182494015498 1 201 1 54 11 96 54 50 41
 8.949562543445749 1 201 1 11 22 97 49 46 12
 8.846080047755807 1 201 1 34 3 97 49 46 1
 9.056336605552698 1 201 1 9 17 97 57 54 10
 9.272960845324782 1 201 1 21 22 91 53 44 85
 9.143746447658138 1 0 0 0 0 0 0 0 0


# name: timeElapsed
# type: scalar
401.1283209323883


# name: evaluation
# type: matrix
# rows: 1
# columns: 3
 0.7166666666666667 0.8301886792452831 0.6376811594202898


# name: contractionConstant
# type: scalar
0.6


# name: minStateDiff
# type: scalar
1e-07


# name: minErrorAccDiff
# type: scalar
1e-07


