# Created by Octave 3.6.2, Wed May 22 18:58:01 2013 CEST <alex@desktop>
# name: trainStats
# type: matrix
# rows: 51
# columns: 10
 11.10159264219257 10 6 0 0 0 100 7 7 0
 10.7427629211829 14 11 0 51 47 100 7 7 0
 13.23011616870819 23 17 0 31 47 100 7 7 0
 10.9842269717517 147 119 0 23 25 100 7 7 0
 10.79019240047487 201 201 0 24 3 100 7 7 0
 10.45267577928887 201 201 0 21 19 100 7 7 0
 10.40573504338822 38 29 0 21 50 100 7 7 0
 10.21113640125631 166 132 1 16 8 97 56 53 13
 9.90273911304908 201 195 1 10 3 91 53 44 18
 9.498450898650061 201 126 1 29 33 97 64 61 29
 9.523721596218389 201 139 1 17 11 87 61 49 276
 10.37254537549833 201 168 1 33 58 96 51 47 14
 11.02031819875122 201 36 1 40 22 100 40 40 0
 10.16422539159126 201 56 1 30 19 93 46 39 22
 9.537433159932895 201 201 1 27 8 93 69 61 218
 10.67688808866998 201 201 1 9 72 87 66 53 805
 11.23681646759043 201 201 1 59 3 83 77 60 173
 10.33912801158736 201 201 1 7 0 66 89 54 124
 10.09190279775158 201 128 1 20 25 51 99 50 612
 10.38791614352807 201 201 1 36 56 87 59 46 565
 10.09753282748736 201 153 1 16 25 44 99 43 292
 9.417762238894348 201 201 1 17 44 70 74 44 483
 8.97487577193783 201 201 1 21 14 54 99 53 9084
 9.223450369944393 201 201 1 14 8 70 86 56 1323
 9.45077048927865 201 201 1 31 25 81 73 54 1984
 9.696141171320702 201 201 1 30 44 97 57 54 3
 10.53127355350123 201 201 1 13 8 90 66 56 514
 10.50267672685148 201 201 1 39 31 81 69 50 62
 10.98327127023714 201 201 1 17 8 57 97 54 1647
 10.68539006097599 201 201 1 36 39 91 67 59 131
 11.06787782301883 201 201 1 23 6 94 59 53 12
 11.02324343079908 201 201 1 36 8 93 73 66 167
 10.80098751012316 201 201 1 20 14 89 73 61 154
 11.10841231753585 201 201 1 44 36 97 51 49 16
 10.86572307137029 201 201 1 27 11 94 61 56 831
 11.43774921413841 201 201 1 36 19 96 66 61 256
 10.97050610843217 201 201 1 26 11 97 63 60 12292
 11.02868338588467 201 201 1 30 36 97 66 63 92
 11.33498029850479 201 201 1 34 8 96 61 57 47
 10.6743152069041 201 201 1 23 25 94 61 56 121
 10.65189067257186 201 201 1 30 36 93 53 46 100
 11.05169589510209 201 201 1 21 44 93 69 61 1196
 10.80692815341793 201 201 1 47 19 100 53 53 0
 10.59206991671079 201 201 1 27 28 100 59 59 0
 10.82756815592343 201 201 1 44 19 83 61 44 382
 10.92607090688714 201 201 1 26 14 97 57 54 203
 10.72440761932055 201 201 1 29 11 83 67 50 329
 11.09261957149846 201 201 1 36 19 100 53 53 0
 11.01807411793555 201 201 1 20 14 86 69 54 35
 11.08469487340611 201 201 1 37 19 93 56 49 74
 10.84815769492815 201 0 0 0 0 0 0 0 0


# name: timeElapsed
# type: scalar
5160.585953950882


# name: evaluation
# type: matrix
# rows: 1
# columns: 3
 0.7166666666666667 0.8181818181818182 0.6521739130434783


# name: contractionConstant
# type: scalar
1.2


# name: minStateDiff
# type: scalar
1e-07


# name: minErrorAccDiff
# type: scalar
1e-07


