# Created by Octave 3.6.2, Mon May 20 22:14:24 2013 CEST <alex@desktop>
# name: trainStats
# type: matrix
# rows: 51
# columns: 10
 11.10159319609406 4 6 0 0 0 100 7 7 0
 10.74255388465217 4 11 0 51 47 100 7 7 0
 13.1982558951428 4 18 1 30 47 93 53 46 71
 10.86600159447668 4 101 0 29 8 100 7 7 0
 11.05280018534331 4 107 0 21 33 100 7 7 0
 10.69941185537196 4 61 0 27 19 100 7 7 0
 10.43284881878886 4 157 0 19 36 100 7 7 0
 10.2415805196342 4 31 0 16 11 100 7 7 0
 9.845878466773943 4 28 0 16 25 100 7 7 0
 9.941703012305886 4 23 0 57 44 100 7 7 0
 9.626279371519159 4 21 0 27 36 100 7 7 0
 9.359006637223848 4 19 0 17 25 100 7 7 0
 9.63338556337715 4 22 0 36 22 100 7 7 0
 9.412594154391376 4 27 0 3 3 100 7 7 0
 9.599610355128627 4 33 0 9 8 100 7 7 0
 9.876719245905731 4 201 0 9 33 100 7 7 0
 9.907478004289002 4 201 0 24 17 100 7 7 0
 11.79143314423887 4 201 0 21 67 100 7 7 0
 10.67520256829443 4 201 0 6 0 100 7 7 0
 10.93521088387312 4 201 0 66 75 100 7 7 0
 10.81674845266175 4 201 1 20 19 100 61 61 0
 10.65584009161763 4 201 0 11 39 100 7 7 0
 10.57200623717195 4 201 0 14 8 100 7 7 0
 10.66952233157576 4 201 0 41 78 100 7 7 0
 10.81220308800803 4 201 0 14 11 100 7 7 0
 10.62116285195529 4 201 0 34 0 100 7 7 0
 10.68289188349119 4 201 0 7 6 100 7 7 0
 10.72036494911518 4 201 0 10 17 100 7 7 0
 10.7865479574231 4 201 0 40 25 100 7 7 0
 10.85555930714105 4 201 0 11 19 100 7 7 0
 10.71635620558876 4 201 0 4 8 100 7 7 0
 10.95438500667276 4 201 0 54 75 100 7 7 0
 10.67618140388295 4 201 0 20 0 100 7 7 0
 10.73297576389017 4 201 0 29 58 100 7 7 0
 10.64824517904119 4 51 0 27 0 100 7 7 0
 10.65169962037074 4 87 0 1 72 100 7 7 0
 10.6083329398291 4 201 0 26 0 100 7 7 0
 10.59048187212816 4 112 0 1 53 100 17 17 0
 10.55761026799828 4 114 0 4 0 100 17 17 0
 10.49089624130469 4 85 0 3 0 100 17 17 0
 10.47772506974428 4 85 0 3 11 100 17 17 0
 10.52385739240678 4 111 0 1 6 100 7 7 0
 11.28305313733434 4 101 0 30 8 100 17 17 0
 10.69639681049394 4 73 0 0 0 100 17 17 0
 10.97147174650674 4 49 0 20 0 100 17 17 0
 11.6206098302624 4 23 0 29 3 100 17 17 0
 10.6732911897518 4 31 0 6 0 100 17 17 0
 10.65845348295451 4 18 0 9 0 100 17 17 0
 10.53255121542469 4 17 0 9 0 100 17 17 0
 10.44979919267798 4 34 1 43 0 66 87 53 1449
 12.39192968473145 4 0 0 0 0 0 0 0 0


# name: timeElapsed
# type: scalar
455.6683650016785


# name: evaluation
# type: matrix
# rows: 1
# columns: 3
 0.7666666666666667 0.9183673469387755 0.6521739130434783


# name: contractionConstant
# type: scalar
0.9


# name: minStateDiff
# type: scalar
1e-07


# name: minErrorAccDiff
# type: scalar
1e-07


