# Created by Octave 3.6.2, Tue May 21 09:16:49 2013 CEST <alex@desktop>
# name: trainStats
# type: matrix
# rows: 51
# columns: 10
 11.10051879237323 1 8 0 0 0 100 7 7 0
 10.74398846445067 1 13 0 49 50 100 7 7 0
 12.01217502479424 1 32 0 27 44 100 7 7 0
 10.99471584936709 1 33 0 20 25 100 7 7 0
 10.80561691578302 1 201 1 41 17 99 63 61 26
 10.66457865286314 1 142 1 23 28 79 81 60 27
 10.46296081493393 1 51 1 23 31 70 86 56 88
 10.2933871072395 1 32 1 17 28 81 79 60 1106
 11.33577975922708 1 201 1 30 36 93 63 56 301585
 10.74718951815259 1 201 1 17 3 89 79 67 9
 10.50889662649464 1 16 1 24 14 69 93 61 3651
 10.52252957686845 1 156 1 13 67 57 96 53 11824
 10.87466194715086 1 34 1 11 33 64 93 57 31706
 11.15477198531691 1 29 1 27 50 56 84 40 11002
 10.97936401644193 1 101 1 19 11 63 83 46 2528
 10.89795255227324 1 201 1 34 0 96 44 40 15
 10.7546560511962 1 201 1 16 81 97 34 31 0
 10.86282767315638 1 201 1 57 14 86 71 57 7613
 10.69000122547237 1 58 1 10 36 61 87 49 905046
 10.79222104569758 1 24 1 11 19 76 80 56 156789
 10.77995552209 1 52 1 17 19 83 67 50 39758
 10.8097380434491 1 201 1 24 28 79 71 50 1027
 10.97134427474256 1 201 1 33 42 94 56 50 165
 10.82106363741005 1 201 1 21 3 80 59 39 106
 10.83885513304269 1 201 1 34 17 81 67 49 809
 10.61679553877117 1 131 1 39 69 43 93 36 3260
 10.80229163815916 1 201 1 26 22 61 93 54 11912
 10.71605891991474 1 201 1 29 61 96 50 46 11
 10.73427020292551 1 201 1 30 14 99 47 46 0
 10.67247275691443 1 201 1 37 39 91 69 60 759
 10.57616672225273 1 201 1 37 19 91 61 53 216
 10.83482712607027 1 201 1 19 22 93 59 51 37
 10.71717628242388 1 201 1 30 6 90 64 54 57
 10.81135455497724 1 201 1 19 44 93 57 50 367
 10.70183132000867 1 201 1 47 39 90 76 66 22
 10.69173292105273 1 201 1 17 0 90 57 47 150
 10.64557522606941 1 201 1 20 17 86 60 46 4194
 10.67531418319344 1 201 1 11 56 86 56 41 115
 10.66326762762396 1 201 1 44 39 91 70 61 222
 10.95315436128915 1 201 1 19 44 99 54 53 0
 10.87183236116963 1 201 1 40 28 94 73 67 37
 10.77436951545421 1 201 1 29 36 89 69 57 29
 10.62078887990732 1 201 1 30 31 86 69 54 1726
 10.75615356793077 1 201 1 47 44 89 47 36 36
 10.80557206577402 1 201 1 20 22 89 69 57 1160
 10.7055801181588 1 201 1 30 44 97 66 63 277
 10.58983583374943 1 201 1 21 36 90 77 67 729
 10.80090072093089 1 201 1 26 58 84 60 44 138
 10.73208747642223 1 201 1 40 19 81 64 46 755
 10.72377562583611 1 201 1 37 56 96 70 66 8
 10.64471216814965 1 0 0 0 0 0 0 0 0


# name: timeElapsed
# type: scalar
547.9483051300049


# name: evaluation
# type: matrix
# rows: 1
# columns: 3
 0.6583333333333333 0.7258064516129032 0.6521739130434783


# name: contractionConstant
# type: scalar
1.2


# name: minStateDiff
# type: scalar
1e-08


# name: minErrorAccDiff
# type: scalar
1e-08


