# Created by Octave 3.6.2, Wed May 22 04:28:02 2013 CEST <alex@desktop>
# name: trainStats
# type: matrix
# rows: 51
# columns: 10
 11.10159264218668 11 8 0 0 0 100 7 7 0
 10.74276292108835 16 13 0 51 47 100 7 7 0
 13.23011616494536 27 21 0 31 47 100 7 7 0
 10.98422697154946 165 141 0 23 25 100 7 7 0
 10.75120504719104 201 201 0 30 3 100 7 7 0
 10.44767289891335 56 50 0 13 19 100 7 7 0
 10.29425377648273 201 201 1 30 31 99 54 53 8
 10.27208259376098 54 47 1 13 31 93 70 63 6
 9.862718874573504 51 44 1 11 11 91 64 56 21
 9.638969738622716 201 201 1 44 64 100 66 66 2
 9.545328882304833 31 24 1 14 11 64 83 47 869
 9.498894100161142 27 26 1 29 42 71 81 53 2532
 10.03324125422296 177 150 1 23 14 59 91 50 330
 9.796069049840801 201 201 1 39 58 100 61 61 1
 10.52112354240404 201 201 1 20 6 97 53 50 32
 11.43047167511568 201 201 1 44 31 94 59 53 17
 11.20936543027705 201 201 1 34 25 89 63 51 922
 10.75490541581738 201 201 1 26 33 93 61 54 35
 10.78785480704999 201 201 1 21 17 99 59 57 6
 10.52458243711527 201 201 1 46 28 100 56 56 1
 10.39682829411744 201 201 1 21 19 99 67 66 6
 10.7959868164406 201 201 1 51 17 100 44 44 0
 10.69725708509934 201 47 1 10 11 99 49 47 24
 10.5231815513022 201 96 0 47 36 100 7 7 0
 10.59171682746248 201 38 0 13 8 100 7 7 0
 10.59011189593016 201 20 0 29 17 100 7 7 0
 10.44631383548463 201 24 0 41 31 100 7 7 0
 10.37263476036539 201 30 0 19 22 100 7 7 0
 10.37528389570576 201 13 0 14 39 100 7 7 0
 10.27880218013084 201 18 0 7 11 100 7 7 0
 10.0639887173033 201 13 0 23 25 100 7 7 0
 9.949797677356559 201 13 0 1 14 100 7 7 0
 9.939040332756973 201 29 1 26 50 100 47 47 1
 10.2377978609791 201 17 1 1 25 100 41 41 1
 10.50601250820309 201 11 0 21 3 100 7 7 0
 11.02006497133711 201 11 0 24 64 100 7 7 0
 12.06037000416295 201 18 1 37 0 100 64 64 0
 11.0203985728345 201 13 1 33 53 93 54 47 30
 11.85854629920601 201 19 1 36 0 100 61 61 1
 11.52701842018197 201 28 0 1 17 100 7 7 0
 11.41854019733704 201 17 0 19 0 100 7 7 0
 11.20852428752383 201 12 0 6 11 100 7 7 0
 11.06439527921618 201 10 0 1 3 100 7 7 0
 10.94777968671522 201 10 0 7 17 100 7 7 0
 10.89859997776992 201 11 0 3 14 100 7 7 0
 10.86836895656714 201 119 1 37 28 73 87 60 99059
 10.85079921535528 201 201 1 14 11 53 99 51 8292
 10.7997272768664 201 42 1 14 14 64 87 51 1800
 10.76041660804905 201 11 0 29 3 100 7 7 0
 10.7117905378825 201 10 0 1 3 100 7 7 0
 10.7111118023879 201 0 0 0 0 0 0 0 0


# name: timeElapsed
# type: scalar
4722.015789985657


# name: evaluation
# type: matrix
# rows: 1
# columns: 3
 0.6666666666666666 0.9393939393939394 0.4492753623188406


# name: contractionConstant
# type: scalar
1.2


# name: minStateDiff
# type: scalar
1e-08


# name: minErrorAccDiff
# type: scalar
1e-08


