# Created by Octave 3.6.2, Mon May 20 21:51:14 2013 CEST <alex@desktop>
# name: trainStats
# type: matrix
# rows: 51
# columns: 10
 11.1015922260608 4 8 0 0 0 100 7 7 0
 10.74269034116324 4 13 0 51 47 100 7 7 0
 13.19264001528729 4 21 0 31 47 100 7 7 0
 10.97104954328853 4 132 0 27 22 100 7 7 0
 10.75754423358593 4 179 0 26 22 100 7 7 0
 10.47451077097141 4 36 0 16 11 100 7 7 0
 10.47735719053606 4 59 0 24 72 100 7 7 0
 10.19286032877429 4 36 0 16 3 100 7 7 0
 10.02869563652223 4 28 0 21 39 100 7 7 0
 9.989013141306403 4 19 0 17 36 100 7 7 0
 9.816533649799963 4 58 1 30 6 70 77 47 53
 9.808292994819583 4 56 1 17 25 51 93 44 142
 9.756496810730717 4 142 1 26 19 54 94 49 326
 9.629499434504853 4 201 1 31 6 87 61 49 1425
 9.826151192608906 4 201 1 27 14 91 61 53 497
 9.661244339670743 4 77 1 26 25 56 96 51 131
 9.590307423882411 4 201 1 21 8 84 67 51 569
 9.670277807504485 4 201 1 24 47 90 67 57 436
 10.26005594168762 4 78 1 27 3 61 90 51 215
 9.871013203151589 4 201 1 11 14 69 93 61 9569
 8.960874417548157 4 201 1 24 14 53 94 47 722
 8.818464025249254 4 38 1 19 31 49 97 46 624
 9.637273493585235 4 201 1 33 33 77 64 41 1175
 8.986927545211577 4 97 1 26 11 50 96 46 3363
 9.069052270028759 4 52 1 10 8 49 100 49 510
 9.397975290526539 4 108 1 33 11 54 96 50 726
 9.513726257120933 4 201 1 24 53 91 69 60 555
 8.723736450098819 4 201 1 37 6 50 99 49 1511
 8.535989650890187 4 87 1 14 11 57 99 56 7973
 8.586901807242697 4 201 1 30 53 80 69 49 2194
 9.021021003811645 4 201 1 13 22 79 64 43 1262
 8.918306241718858 4 201 1 23 8 84 74 59 2218
 9.440134020179167 4 201 1 37 19 87 66 53 28446
 9.097427172371592 4 201 1 13 0 86 61 47 5065
 9.247432212197586 4 201 1 20 56 90 57 47 4369
 9.406382073858234 4 201 1 14 19 84 54 39 1465
 9.211296232756442 4 201 1 24 14 96 63 59 49
 9.230767475457409 4 201 1 34 17 96 53 49 75
 9.217632516793623 4 201 1 13 14 89 51 40 6289
 9.08961829819817 4 201 1 33 8 97 49 46 0
 8.879287569956974 4 201 1 16 8 94 64 59 171
 8.729009831491339 4 201 1 31 22 89 70 59 3284
 8.816494224621556 4 201 1 33 17 61 93 54 9182
 8.37969788077112 4 201 1 10 42 91 66 57 190
 8.633179165137145 4 201 1 27 6 87 59 46 58
 8.795110031136499 4 201 1 27 36 87 64 51 159
 8.716091316803364 4 201 1 20 14 81 70 51 1862
 8.406520790794485 4 201 1 40 0 79 71 50 18272
 8.504491246927529 4 201 1 21 53 89 57 46 112
 8.420035897732527 4 201 1 37 6 86 63 49 123
 8.309893126099182 4 0 0 0 0 0 0 0 0


# name: timeElapsed
# type: scalar
569.4442439079285


# name: evaluation
# type: matrix
# rows: 1
# columns: 3
 0.8166666666666667 0.8507462686567164 0.8260869565217391


# name: contractionConstant
# type: scalar
1.2


# name: minStateDiff
# type: scalar
1e-08


# name: minErrorAccDiff
# type: scalar
1e-08


