# Created by Octave 3.6.2, Wed May 22 03:09:20 2013 CEST <alex@desktop>
# name: trainStats
# type: matrix
# rows: 51
# columns: 10
 11.10159264219023 10 6 0 0 0 100 7 7 0
 10.74276292125043 14 11 0 51 47 100 7 7 0
 13.2301161687834 23 17 1 26 47 61 79 40 531
 10.9964356879905 40 33 1 29 8 50 89 39 2624
 10.70028111368948 152 157 1 24 47 53 91 44 17087
 10.97732915367175 73 65 1 24 53 73 90 63 4477
 11.06391620977327 106 77 1 30 44 91 59 50 59
 11.05501048968343 201 201 1 30 14 83 60 43 126
 11.11728152902033 49 39 1 26 42 73 70 43 128
 10.88994960506184 201 201 1 13 3 89 70 59 2757
 10.84729037796982 201 201 1 20 8 73 77 50 1253
 10.78543015544758 201 166 1 21 39 60 96 56 8138
 10.64128792728227 201 201 1 23 3 60 91 51 190
 10.70334798460856 201 201 0 21 42 100 7 7 0
 10.81328182065166 201 147 1 36 25 93 69 61 1675
 10.71634115009037 201 140 1 26 19 71 97 69 23045
 10.58592987322645 201 146 1 16 11 80 81 61 2047
 10.45582990745095 201 201 1 24 28 67 89 56 3211
 10.54457923017638 201 201 1 19 28 79 81 60 21488
 10.60180451190832 201 201 1 23 11 83 61 44 684
 10.49614550466679 201 201 1 21 6 91 61 53 2806
 10.36838362007312 201 101 1 29 33 96 73 69 3588
 10.19276596256516 201 81 1 30 6 76 74 50 204
 10.25315958214869 201 201 1 33 64 61 97 59 509
 10.06906600163814 201 201 1 27 6 60 87 47 2131
 10.2604434382314 201 201 1 19 69 80 67 47 383
 10.36482314721495 201 201 1 34 6 83 70 53 1963
 10.65692763757979 201 201 0 33 22 100 7 7 0
 10.35776034309846 201 201 1 21 17 84 61 46 134
 10.37592120674075 201 68 0 26 19 100 7 7 0
 10.44315661494793 201 201 1 24 19 51 89 40 3053
 10.39269307612013 201 201 1 23 11 64 91 56 664
 10.35015432587653 201 201 1 33 69 71 70 41 16349
 10.55691258754717 201 201 1 30 11 87 60 47 1662
 10.35871815457694 201 100 1 23 14 76 66 41 467
 10.49696935612216 201 129 1 30 67 90 67 57 115
 10.58008693614391 201 62 1 37 17 70 79 49 7926
 10.48172380346264 201 137 1 11 53 63 77 40 1827
 10.57689419394663 201 144 1 33 19 81 60 41 196
 10.51491243005533 201 201 1 19 25 83 63 46 74
 10.61826694585823 201 201 1 26 42 66 83 49 15297
 10.6561543278732 201 201 1 21 17 83 61 44 55
 10.58250056862042 201 201 1 27 19 61 93 54 9417
 10.5688406976812 201 101 1 16 56 63 83 46 799
 10.81382260316157 201 201 1 27 39 97 67 64 171
 10.74148917722728 201 81 1 13 14 70 81 51 11173
 11.10847221309135 201 47 0 30 17 100 7 7 0
 11.00471799984329 201 148 1 44 39 73 73 46 1384
 10.92499504360756 201 51 0 20 11 100 7 7 0
 10.84313116415318 201 37 0 39 19 100 7 7 0
 11.16107804536938 201 0 0 0 0 0 0 0 0


# name: timeElapsed
# type: scalar
4877.428718090057


# name: evaluation
# type: matrix
# rows: 1
# columns: 3
 0.6583333333333333 0.7258064516129032 0.6521739130434783


# name: contractionConstant
# type: scalar
0.6


# name: minStateDiff
# type: scalar
1e-07


# name: minErrorAccDiff
# type: scalar
1e-07


