# Created by Octave 3.6.2, Wed May 22 20:48:03 2013 CEST <alex@desktop>
# name: trainStats
# type: matrix
# rows: 51
# columns: 10
 11.10159264216655 10 6 0 0 0 100 7 7 0
 10.74276292115499 15 11 0 51 47 100 7 7 0
 13.23011617103814 23 17 1 30 47 94 51 46 54
 10.88856141221667 130 107 0 24 8 100 7 7 0
 11.05842008908916 38 31 0 24 33 100 7 7 0
 10.75010172276328 34 28 1 21 19 94 54 49 8
 10.49972552932164 42 33 0 16 58 100 7 7 0
 10.36967063058243 39 32 1 16 19 97 60 57 7
 10.24175929809732 71 69 1 16 39 93 57 50 219
 9.799288947830876 56 46 1 31 14 54 97 51 96
 9.842709582506084 201 201 1 11 31 61 99 60 403
 9.210265573773169 201 123 1 26 14 56 99 54 123
 10.09769098796454 201 201 1 37 31 74 79 53 22
 10.20367579520497 201 201 1 16 22 50 93 43 347
 10.4208010849119 201 201 1 16 42 70 87 57 769
 10.56579133580663 84 71 1 26 25 59 84 43 748
 10.51204624196861 135 100 1 19 8 69 74 43 722
 10.48823585054783 143 84 0 39 3 100 7 7 0
 10.47720471835951 97 76 1 26 36 70 86 56 2171
 10.41853800749283 66 53 1 21 6 63 94 57 5412
 10.35317191190341 56 49 1 10 42 53 91 44 6958
 10.4503351274181 56 39 1 10 17 53 99 51 26342
 10.39167300173167 143 109 1 30 19 60 96 56 633649
 10.42227076946636 201 200 1 26 42 64 84 49 897
 10.37846590117149 29 23 1 7 31 57 90 47 5189
 10.28069714822199 35 28 1 30 0 87 70 57 903
 10.23204264131287 43 34 1 4 39 91 54 46 214
 10.22107798936697 41 33 1 20 14 97 50 47 19355
 10.19203537077897 31 23 1 20 17 84 70 54 1052
 10.21620009966024 201 111 1 27 17 73 69 41 236
 10.01111694466366 201 79 1 10 28 79 63 41 585
 9.959254092684008 196 155 1 7 31 90 54 44 527
 10.01417474020425 119 81 1 16 28 81 70 51 981
 9.950441055421493 48 31 1 27 17 54 90 44 1764
 9.863072523637305 51 32 1 21 8 79 74 53 266
 9.785317721821503 144 51 1 14 0 59 87 46 12522
 9.741358528285211 42 21 1 31 11 64 84 49 3615
 9.741442311404072 58 34 1 4 0 57 86 43 3381
 9.726550540624567 201 201 1 47 11 69 94 63 3666
 9.680842193338824 201 116 1 9 8 53 97 50 5888
 9.572183427406445 201 201 1 29 11 80 69 49 1897
 9.524914755941813 201 37 1 24 3 46 97 43 49959
 9.482275243976753 201 201 1 30 22 84 64 49 905
 9.525201418158318 201 142 1 16 8 60 94 54 79268
 9.322822162430883 201 201 1 20 25 83 83 66 5032
 9.248049685500668 201 66 1 10 17 51 83 34 712398
 9.059988740032102 201 201 1 29 19 84 71 56 391
 8.910288655786497 201 201 1 34 25 86 66 51 303
 8.990194945545696 201 201 1 19 33 81 74 56 9523
 8.988215302071607 201 162 1 9 3 53 96 49 33903
 8.942094186367783 81 0 0 0 0 0 0 0 0


# name: timeElapsed
# type: scalar
3532.018262863159


# name: evaluation
# type: matrix
# rows: 1
# columns: 3
 0.6 1 0.3043478260869565


# name: contractionConstant
# type: scalar
0.9


# name: minStateDiff
# type: scalar
1e-07


# name: minErrorAccDiff
# type: scalar
1e-07


