# Created by Octave 3.6.2, Mon May 20 22:53:49 2013 CEST <alex@desktop>
# name: trainStats
# type: matrix
# rows: 51
# columns: 10
 11.10014795872777 1 8 0 0 0 100 7 7 0
 10.76157141898913 1 13 0 53 50 100 7 7 0
 12.23362033770973 1 25 0 23 44 100 7 7 0
 11.02798467577776 1 201 0 43 17 100 7 7 0
 10.81936202342709 1 31 0 16 22 100 7 7 0
 10.86996928082666 1 201 0 26 42 100 7 7 0
 10.62493273810797 1 201 0 29 14 100 7 7 0
 10.59401929887894 1 201 0 26 56 100 7 7 0
 10.33859204094535 1 201 0 11 0 100 7 7 0
 10.1395782860147 1 201 0 31 28 100 7 7 0
 9.893993644192426 1 201 1 27 14 99 53 51 43
 9.488421452162564 1 201 0 27 22 100 7 7 0
 9.666038614208064 1 201 0 34 28 100 7 7 0
 9.732529740262326 1 201 1 36 42 99 49 47 4
 9.766471460826105 1 201 1 21 28 99 60 59 2
 9.843049721687043 1 201 1 41 11 97 53 50 3
 9.966673860294867 1 201 0 39 8 100 7 7 0
 9.269328579384855 1 201 1 23 8 100 53 53 0
 9.274474790365344 1 201 0 31 50 100 7 7 0
 9.17894931548204 1 201 0 23 8 100 7 7 0
 9.337711321125607 1 201 0 37 36 100 7 7 0
 9.37493641389767 1 201 0 23 17 100 7 7 0
 9.3226430906738 1 201 0 24 61 100 7 7 0
 9.176806991218683 1 201 0 19 3 100 7 7 0
 8.96737401371329 1 201 0 47 56 100 7 7 0
 9.060467980665793 1 201 0 21 3 100 7 7 0
 8.91704569521403 1 201 0 27 19 100 7 7 0
 9.041474081347605 1 201 0 39 50 100 7 7 0
 9.016119310337295 1 201 0 34 11 100 7 7 0
 8.965711547927702 1 201 0 6 64 100 7 7 0
 9.155269698434259 1 201 0 69 3 100 7 7 0
 9.231541951195005 1 201 0 17 22 100 7 7 0
 8.929665595148782 1 201 0 67 33 100 7 7 0
 8.856120364703312 1 201 0 10 14 100 7 7 0
 8.999474034020194 1 201 0 23 14 100 7 7 0
 9.253368135750092 1 201 0 7 28 100 7 7 0
 9.151582398118451 1 201 0 46 8 100 7 7 0
 9.107838109727178 1 201 0 21 11 100 7 7 0
 9.194650073606129 1 201 0 33 0 100 7 7 0
 9.055376304220543 1 201 0 33 36 100 7 7 0
 8.702036759863269 1 201 0 33 6 100 7 7 0
 8.899996128196149 1 201 0 19 33 100 7 7 0
 8.649311956424372 1 201 0 51 11 100 7 7 0
 9.130363073093205 1 201 0 19 33 100 7 7 0
 8.671543173508026 1 201 0 34 31 100 7 7 0
 8.597041687245284 1 201 0 33 33 100 7 7 0
 8.804674515923198 1 201 0 14 22 100 7 7 0
 8.756413141383348 1 201 0 44 17 100 7 7 0
 8.760573192834096 1 201 0 16 75 100 7 7 0
 8.527394171263721 1 201 0 24 0 100 7 7 0
 8.920359489213748 1 0 0 0 0 0 0 0 0


# name: timeElapsed
# type: scalar
359.6866149902344


# name: evaluation
# type: matrix
# rows: 1
# columns: 3
 0.7416666666666667 0.8518518518518519 0.6666666666666666


# name: contractionConstant
# type: scalar
1.2


# name: minStateDiff
# type: scalar
1e-08


# name: minErrorAccDiff
# type: scalar
1e-08


