# Created by Octave 3.6.2, Tue May 21 09:23:32 2013 CEST <alex@desktop>
# name: trainStats
# type: matrix
# rows: 51
# columns: 10
 11.10061846101346 1 6 0 0 0 100 7 7 0
 10.75540042832818 1 11 0 44 47 100 7 7 0
 12.66315160218151 1 14 0 39 47 100 7 7 0
 11.03865618812103 1 22 0 13 17 100 7 7 0
 10.80411609031941 1 34 0 21 25 100 7 7 0
 10.66362828435637 1 201 0 21 31 100 7 7 0
 10.19284703005386 1 47 0 11 28 100 7 7 0
 9.846309544129754 1 38 0 26 8 100 7 7 0
 9.709007016482012 1 55 1 26 56 84 81 66 49
 9.838671765755311 1 12 1 27 17 97 71 69 1
 10.45625992292372 1 10 0 27 14 100 7 7 0
 10.68166019366774 1 9 0 17 25 100 7 7 0
 10.69152606840627 1 7 0 27 56 100 7 7 0
 10.43506831925595 1 9 1 24 0 61 87 49 9270
 10.62609198410012 1 25 1 36 69 56 99 54 41490
 10.76851640331248 1 50 1 29 11 54 99 53 1279
 10.75261408543459 1 201 1 21 25 86 54 40 31576
 10.63541215613153 1 201 1 30 58 83 57 40 1565
 10.63937600595618 1 201 1 37 11 86 64 50 5891
 10.77076492279693 1 201 1 20 39 83 67 50 4341
 11.00672144191263 1 201 1 14 8 86 63 49 6346
 11.02998887489332 1 201 1 44 22 96 60 56 0
 10.79753763753746 1 201 1 10 25 84 66 50 6510
 10.75669477320713 1 201 1 31 22 86 63 49 713454
 10.99940153720608 1 201 1 21 3 93 63 56 44358
 10.80522842612729 1 201 1 33 36 81 67 49 63906
 10.78218260668467 1 201 1 34 6 81 71 53 296156
 11.03874689036538 1 201 1 27 25 84 59 43 17105
 10.85436084735172 1 201 1 39 8 90 59 49 26433
 10.66304400931323 1 201 1 30 22 80 64 44 11714
 10.89033599118767 1 201 1 31 25 77 61 39 22702
 10.90360501839418 1 201 1 17 17 84 66 50 47297
 10.89004754548834 1 201 1 26 11 87 63 50 90333
 10.92950799466943 1 201 1 40 8 81 69 50 34614
 10.84449508637806 1 201 1 19 36 83 71 54 67047
 10.84078739658525 1 201 1 27 6 84 66 50 47689
 10.93437881628357 1 201 1 30 22 77 71 49 654731
 10.84313546681993 1 201 1 26 33 87 63 50 26687
 10.79641192678783 1 201 1 16 25 81 77 59 244955
 10.75805421823691 1 155 1 29 36 49 100 49 437611
 10.74067550595835 1 201 1 24 28 74 74 49 96647
 10.81906942605625 1 11 1 19 33 49 100 49 69395
 10.78663503972576 1 201 1 33 36 89 61 50 632825
 10.79214386383377 1 29 1 20 33 50 99 49 74824
 10.80849458390315 1 146 1 23 31 49 97 46 22309
 10.70326818841283 1 201 1 33 14 90 63 53 2640
 10.89754763986207 1 201 1 27 44 80 77 57 61600
 10.83277599225486 1 34 1 34 39 54 97 51 80508
 10.90943241032039 1 201 1 17 19 79 67 46 44529
 10.82156226060286 1 21 1 31 36 51 99 50 61368
 10.80168638005588 1 0 0 0 0 0 0 0 0


# name: timeElapsed
# type: scalar
402.2730090618134


# name: evaluation
# type: matrix
# rows: 1
# columns: 3
 0.7083333333333334 0.84 0.6086956521739131


# name: contractionConstant
# type: scalar
1.2


# name: minStateDiff
# type: scalar
1e-07


# name: minErrorAccDiff
# type: scalar
1e-07


