# Created by Octave 3.6.2, Tue May 21 16:14:47 2013 CEST <alex@desktop>
# name: trainStats
# type: matrix
# rows: 51
# columns: 10
 11.10159264218719 11 8 0 0 0 100 7 7 0
 10.74276292107913 16 13 0 51 47 100 7 7 0
 13.23011616506895 27 21 1 30 47 94 51 46 54
 10.88856141237237 152 124 0 24 8 100 7 7 0
 11.05842008922285 47 37 0 24 33 100 7 7 0
 10.75010172268083 38 33 1 21 19 94 54 49 8
 10.49972552959978 48 40 0 16 58 100 7 7 0
 10.36967063049355 47 37 1 16 19 97 60 57 7
 10.24175929891377 87 80 1 16 39 93 57 50 219
 9.799288948422127 66 53 1 31 14 54 97 51 96
 9.681088478914468 201 201 1 11 31 60 99 59 1012
 9.210265507951052 201 144 1 26 14 56 99 54 123
 10.09769101281882 201 201 1 37 31 74 79 53 22
 9.99561608024265 201 201 1 19 22 67 84 51 568
 10.0298462082028 201 200 1 11 44 63 96 59 521
 10.42519334558107 90 75 1 39 36 73 77 50 702
 10.24377621066324 201 134 1 19 28 69 77 46 285
 9.959609158270418 128 89 1 13 0 46 91 37 600
 9.582704108190493 201 201 1 17 25 49 86 34 2091
 9.545827768530248 37 19 0 33 19 100 7 7 0
 9.558868832013886 27 15 0 27 8 100 7 7 0
 9.413406046137755 79 96 1 40 67 89 74 63 489
 8.89829900507179 52 34 0 24 3 100 7 7 0
 8.846737456699024 28 20 0 33 31 100 7 7 0
 9.199457005779749 201 28 1 34 31 77 83 60 843
 8.985603625075795 131 28 1 13 0 77 71 49 274
 8.76777185324363 31 20 0 53 39 100 7 7 0
 9.037900425252277 121 131 1 19 19 61 94 56 1516349
 8.692265706039215 100 106 1 21 31 81 74 56 629
 8.767325688971299 32 25 0 49 22 100 7 7 0
 8.638830954058236 52 59 0 17 14 100 7 7 0
 8.604940788165397 84 104 1 49 22 57 84 41 679
 8.569979484494914 201 201 1 16 17 80 80 60 839
 8.59457368844526 76 64 1 36 28 69 77 46 4001
 8.550136142790429 201 201 1 21 8 77 79 56 1825
 8.594977391383578 201 201 1 27 0 81 77 59 174
 8.732800920229487 201 201 0 47 19 100 7 7 0
 8.751960486560536 201 201 0 17 6 100 7 7 0
 8.41729246552519 201 201 0 24 25 100 7 7 0
 8.807203193224668 201 201 0 10 42 100 7 7 0
 9.224603122233944 201 201 0 14 0 100 7 7 0
 9.600094553123139 201 201 0 11 19 100 7 7 0
 10.07801624282414 201 201 0 61 17 100 7 7 0
 9.692567932652542 201 201 0 16 19 100 7 7 0
 9.571132727507511 201 201 0 34 22 100 7 7 0
 10.2343331869375 201 201 0 14 3 100 7 7 0
 9.732924820201763 201 201 1 61 11 100 59 59 0
 9.41506094127929 201 201 0 14 67 100 7 7 0
 9.428307848014001 201 201 1 23 8 100 44 44 0
 9.186150654986427 201 201 0 21 14 100 7 7 0
 9.248291061182432 201 0 0 0 0 0 0 0 0


# name: timeElapsed
# type: scalar
4440.232852935791


# name: evaluation
# type: matrix
# rows: 1
# columns: 3
 0.7333333333333333 0.8627450980392157 0.6376811594202898


# name: contractionConstant
# type: scalar
0.9


# name: minStateDiff
# type: scalar
1e-08


# name: minErrorAccDiff
# type: scalar
1e-08


