# Created by Octave 3.6.2, Tue May 21 19:03:51 2013 CEST <alex@desktop>
# name: trainStats
# type: matrix
# rows: 51
# columns: 10
 11.10159264218792 11 8 0 0 0 100 7 7 0
 10.74276292109215 16 13 0 51 47 100 7 7 0
 13.2301161652669 26 21 1 26 47 61 79 40 531
 10.99643568816671 44 39 1 29 8 50 89 39 2624
 10.7002811161483 201 184 1 24 47 53 91 44 17087
 10.97732915460852 83 75 1 24 53 73 90 63 4477
 11.06391620986391 123 90 1 30 44 91 59 50 61
 10.92567142379805 201 201 1 29 14 84 63 47 62
 11.2555642189896 84 68 1 29 39 79 70 49 138
 11.0683449739959 137 112 1 20 0 81 76 57 252
 10.87583466465034 201 201 1 11 17 73 79 51 144
 10.70197779566471 201 201 1 29 53 70 86 56 7276
 10.66362944553823 139 89 1 10 17 61 84 46 335
 10.62202497168432 201 170 1 20 25 67 94 61 26299
 10.71559671748307 201 168 1 10 44 60 96 56 1116
 10.67802631229044 201 201 1 26 19 64 96 60 756
 10.91569727187053 54 43 1 29 28 79 81 60 811
 11.41833493471107 35 21 1 16 31 59 89 47 150393
 10.77673788879388 201 27 1 31 11 50 96 46 5796
 11.16212884964657 22 12 1 19 17 87 47 34 93
 10.87533281666273 32 19 1 46 6 56 96 51 10521
 10.82210098407964 22 10 0 17 50 100 7 7 0
 10.98696864824242 14 6 0 29 22 100 7 7 0
 10.81337356275197 14 6 0 20 8 100 7 7 0
 10.85033361103523 201 18 1 37 19 36 99 34 86509
 10.97722138019354 16 6 0 23 69 100 7 7 0
 10.83599297677332 201 14 1 24 22 57 100 57 211418
 10.8290318739709 201 14 1 10 28 57 100 57 32077
 10.83015770926908 201 12 1 11 50 56 100 56 283826
 10.83067851588916 10 5 0 46 8 100 7 7 0
 10.87166295428866 201 7 1 20 69 53 99 51 3794
 10.83976465612954 11 4 0 33 6 100 7 7 0
 10.82295590957932 14 4 0 14 19 100 7 7 0
 10.81238327257905 201 56 1 43 11 56 99 54 667860
 10.82926901873445 201 28 1 4 56 50 100 50 399517
 10.79777112909084 201 58 1 14 14 47 99 46 342586
 10.83157146348227 201 10 1 36 69 51 99 50 55442
 10.81289719726263 201 11 1 10 14 63 97 60 3450
 10.80262016788927 201 10 1 4 19 57 96 53 21669
 10.84552471133291 12 6 1 29 67 71 74 46 524
 10.82172187594113 19 5 1 7 0 73 93 66 1032
 10.8199046246834 201 9 1 49 14 46 100 46 18219597
 10.81499123689198 201 9 1 17 39 51 91 43 6493053
 10.82673433732332 201 12 1 9 33 60 99 59 77327683
 10.81647430849483 201 8 1 46 28 50 99 49 1658324
 10.81612163627442 201 11 1 6 11 44 99 43 30086375
 10.84406562449338 201 11 1 6 44 49 100 49 55210239
 10.82408041022362 201 12 1 46 14 51 96 47 34486799472357
 10.82779100723187 201 14 1 3 19 51 97 49 5442777685445
 10.80883739372458 201 7 1 21 56 46 97 43 163513118922582
 10.8349491681879 201 0 0 0 0 0 0 0 0


# name: timeElapsed
# type: scalar
4699.197715997696


# name: evaluation
# type: matrix
# rows: 1
# columns: 3
 0.5916666666666667 0.6388888888888888 0.6666666666666666


# name: contractionConstant
# type: scalar
0.6


# name: minStateDiff
# type: scalar
1e-08


# name: minErrorAccDiff
# type: scalar
1e-08


