# Created by Octave 3.6.2, Tue May 21 10:17:30 2013 CEST <alex@desktop>
# name: trainStats
# type: matrix
# rows: 51
# columns: 10
 11.10016346184341 1 8 0 0 0 100 7 7 0
 10.76336914388135 1 13 0 41 50 100 7 7 0
 12.17405870246097 1 201 0 17 44 100 7 7 0
 11.0604608722157 1 136 1 36 0 60 90 50 204
 10.81950388082272 1 201 1 30 39 97 56 53 0
 10.86145054325703 1 201 1 30 22 53 96 49 21804
 11.17164648667828 1 201 1 29 58 80 76 56 744
 10.86375444030765 1 201 1 33 39 90 69 59 1197
 10.98954978864434 1 201 1 20 36 96 57 53 0
 10.88138734204925 1 201 1 31 17 96 61 57 0
 10.83125602606867 1 201 1 19 0 90 66 56 16535
 10.85157746720203 1 201 1 43 61 91 50 41 25676
 10.74258938536433 1 201 1 17 14 91 60 51 117440
 10.75941913416741 1 201 1 39 25 80 71 51 2988
 10.72849783305662 1 201 1 33 22 89 60 49 1316113
 10.64130404317448 1 201 1 20 14 93 46 39 3985
 10.51121092081803 1 201 1 39 19 89 66 54 23945
 10.44048528471866 1 201 1 23 33 87 59 46 5266
 10.74572148018946 1 201 1 41 64 81 54 36 1545
 10.569105344132 1 201 1 26 3 91 71 63 1088
 10.59350226486142 1 201 1 26 75 94 54 49 452
 10.4754453376348 1 41 1 44 8 57 100 57 4065
 10.47005686772209 1 201 1 20 28 81 71 53 909
 10.4218616146076 1 201 1 36 17 76 76 51 351
 10.44845110587418 1 201 1 16 69 83 76 59 262
 10.39886649614875 1 201 1 33 14 87 64 51 10
 10.23898133656506 1 201 1 17 28 84 61 46 15602
 10.39316302352862 1 201 1 44 25 84 71 56 299
 10.45720466931011 1 201 1 37 47 93 57 50 1716
 10.48090382850299 1 201 1 30 19 76 77 53 1484
 10.40224253405581 1 201 1 31 72 81 59 40 403
 10.37386876060905 1 201 1 26 22 93 59 51 1572
 10.38276984490137 1 201 1 19 19 90 66 56 1528
 10.33101395957323 1 201 1 29 42 86 64 50 1129
 10.24278313604031 1 201 1 37 56 83 64 47 4514
 10.53346468938441 1 201 1 27 19 89 70 59 3669
 10.6432605440723 1 201 1 23 6 83 59 41 90774
 10.42303798077355 1 201 1 31 11 86 69 54 345
 10.40373783216721 1 201 1 39 3 93 60 53 1236
 10.24263572134553 1 201 1 30 81 86 63 49 708
 10.48059090141638 1 201 1 39 0 97 51 49 0
 10.24168487953825 1 201 1 17 64 87 73 60 2942
 10.52794167233586 1 201 1 39 6 93 49 41 811
 10.27173368200671 1 201 1 31 17 81 66 47 757
 10.30130263005626 1 201 1 14 31 81 66 47 649
 10.31534584706277 1 201 1 46 17 79 77 56 1898
 10.55207816003939 1 201 1 9 3 91 61 53 2257
 10.44347699968405 1 201 1 33 22 86 57 43 2908
 10.27168385873302 1 201 1 39 36 90 54 44 1406
 10.34019057601514 1 201 1 24 36 81 61 43 2210
 10.32899664652889 1 0 0 0 0 0 0 0 0


# name: timeElapsed
# type: scalar
506.8628160953522


# name: evaluation
# type: matrix
# rows: 1
# columns: 3
 0.5083333333333333 0.5625 0.6521739130434783


# name: contractionConstant
# type: scalar
0.9


# name: minStateDiff
# type: scalar
1e-08


# name: minErrorAccDiff
# type: scalar
1e-08


