# Created by Octave 3.6.2, Wed May 22 12:17:49 2013 CEST <alex@desktop>
# name: trainStats
# type: matrix
# rows: 51
# columns: 10
 11.10159264220768 10 6 0 0 0 100 7 7 0
 10.7427629211871 14 11 0 51 47 100 7 7 0
 13.2301161690607 23 17 0 31 47 100 7 7 0
 10.9842269721397 147 119 0 23 25 100 7 7 0
 10.7760493563007 201 201 0 34 3 100 7 7 0
 10.47078887455001 159 141 0 17 19 100 7 7 0
 10.39697211811401 38 28 0 19 39 100 7 7 0
 10.09110165253309 47 35 1 9 8 99 64 63 26
 9.753975111577409 158 118 1 21 11 84 69 53 69
 9.445545092460884 201 201 1 27 36 84 61 46 217
 8.966730575992161 30 22 1 23 11 80 70 50 132
 11.90902158598153 22 15 0 50 58 100 7 7 0
 9.648079084402667 46 34 1 17 39 59 87 46 754
 9.819603897656869 201 201 1 16 6 47 89 36 3871
 10.65255206765915 201 201 1 36 53 99 60 59 8
 10.47090625462778 201 201 1 14 11 99 54 53 3
 10.82043773851302 201 201 1 50 11 100 71 71 37
 10.877495327354 201 113 1 21 3 96 60 56 1691
 10.95811646377488 201 11 0 29 6 100 7 7 0
 11.21592202053372 201 110 1 20 11 87 70 57 41
 10.77092899046082 201 201 1 19 0 73 77 50 573
 10.82911282997148 201 6 1 27 47 63 83 46 107
 10.84193054191455 201 6 1 17 17 54 90 44 275
 10.92481703579411 201 139 1 27 50 59 99 57 6520
 10.82225828627025 201 37 1 27 19 53 91 44 5058
 10.7221817008196 201 43 1 20 25 57 96 53 9335
 10.67739215095055 201 99 1 29 14 81 90 71 3957
 10.38007647424843 201 111 1 21 19 87 61 49 15
 10.53014724814674 201 47 1 16 19 70 86 56 1345
 10.30440109787115 201 10 1 9 33 61 96 57 5529
 10.29852380131034 201 109 1 34 28 74 91 66 920
 10.02268561749932 201 10 1 14 42 64 97 61 610
 9.929928724278309 201 38 1 21 22 40 97 37 5868
 9.999131031273853 201 39 1 10 19 64 84 49 3360
 9.898159337971517 201 115 1 23 22 80 79 59 14411
 9.733423479270032 201 8 0 37 19 100 7 7 0
 9.716846224867286 201 99 1 9 28 60 96 56 2355
 10.0806066687779 201 201 1 34 33 91 69 60 2815
 10.00359840530844 201 81 1 24 28 79 73 51 157
 10.4646311338533 201 82 0 36 8 100 7 7 0
 10.26022891610189 201 86 1 24 25 79 79 57 5847
 10.28700499521537 201 76 1 33 11 96 61 57 613
 10.16318285536455 201 201 1 13 14 97 43 40 1024
 9.938593228050332 201 35 1 13 22 89 61 50 1873
 9.78068072727261 201 201 1 30 31 87 74 61 2922
 9.99134130114585 201 72 1 27 31 83 71 54 1569
 9.97576775541113 201 32 1 27 31 86 76 61 24709
 9.933606935640491 201 201 1 33 0 94 69 63 55
 9.834175035544687 201 201 1 21 22 60 83 43 16028
 10.11268207145209 201 32 1 26 6 79 77 56 1563
 9.983466617516537 201 0 0 0 0 0 0 0 0


# name: timeElapsed
# type: scalar
4661.405583143234


# name: evaluation
# type: matrix
# rows: 1
# columns: 3
 0.75 0.8823529411764706 0.6521739130434783


# name: contractionConstant
# type: scalar
1.2


# name: minStateDiff
# type: scalar
1e-07


# name: minErrorAccDiff
# type: scalar
1e-07


