# Created by Octave 3.6.2, Mon May 20 22:42:34 2013 CEST <alex@desktop>
# name: trainStats
# type: matrix
# rows: 51
# columns: 10
 11.10159175087701 4 6 0 0 0 100 7 7 0
 10.7427570995365 4 11 0 51 47 100 7 7 0
 13.20152736295113 4 18 1 26 47 61 80 41 620
 10.96676943832306 4 32 1 23 8 56 89 44 2321
 10.66172738142395 4 201 1 27 36 83 73 56 21
 10.57562542029293 4 46 1 20 3 59 94 53 1956
 11.25748704438651 4 201 1 26 67 83 59 41 180
 11.37353502666521 4 201 1 30 31 90 47 37 1691
 12.19999592970725 4 201 1 29 28 86 61 47 367
 11.57829379818018 4 201 1 29 0 91 54 46 43
 10.97366809019618 4 201 1 26 0 80 71 51 525
 10.84914836026971 4 201 1 36 69 93 60 53 124
 10.92372922693037 4 201 1 36 22 91 56 47 787
 10.9608084753122 4 201 1 46 42 96 54 50 0
 10.89676966515874 4 201 1 19 25 87 53 40 16703
 10.92037307818905 4 201 1 41 44 93 57 50 1100
 10.86316690885717 4 201 1 20 17 96 59 54 0
 10.91198798137775 4 201 1 44 56 96 53 49 0
 10.81057998626609 4 201 1 23 28 89 61 50 2905
 10.8259643905173 4 201 1 37 44 96 53 49 0
 10.86126159656383 4 201 1 30 39 96 50 46 0
 10.8118391454792 4 201 1 21 36 96 66 61 0
 10.82042838318557 4 201 1 36 28 86 64 50 27647
 10.82823865986302 4 201 1 26 39 96 67 63 0
 10.83979928482785 4 201 1 24 28 93 64 57 1298
 10.79631084844669 4 201 1 33 28 96 51 47 0
 10.81415926364139 4 201 1 27 25 96 47 43 0
 10.84260589465775 4 201 1 46 56 96 51 47 0
 10.8427076043561 4 201 1 19 11 94 54 49 2859
 10.82716556820269 4 201 1 27 44 90 64 54 1545
 10.82724570116755 4 201 1 30 25 96 43 39 0
 10.80996339613359 4 201 1 21 33 90 57 47 31
 10.80177797405842 4 201 1 33 8 93 41 34 3498
 10.82613185724193 4 201 1 33 25 96 69 64 0
 10.79011227293624 4 201 1 37 28 96 57 53 0
 10.7845372377599 4 201 1 24 3 96 46 41 0
 10.80536644137973 4 201 1 33 47 96 50 46 0
 10.77079256681309 4 201 1 47 14 96 49 44 0
 10.83976091055092 4 201 1 19 75 96 51 47 0
 10.7812130158545 4 201 1 46 3 96 61 57 0
 10.81037902927629 4 201 1 29 33 96 46 41 0
 10.77164278575827 4 201 1 27 6 96 59 54 0
 10.84511080609518 4 201 1 29 56 96 63 59 0
 10.89743110259088 4 201 1 39 3 96 50 46 0
 10.8079449052415 4 201 1 23 25 96 63 59 0
 10.80354619456659 4 201 1 27 53 96 71 67 0
 10.81959350007805 4 201 1 19 8 84 73 57 49333
 10.7683231172153 4 201 1 51 61 96 49 44 0
 10.78474934456536 4 201 1 20 6 96 49 44 0
 10.7996143716061 4 201 1 26 58 96 47 43 0
 10.78419475823075 4 0 0 0 0 0 0 0 0


# name: timeElapsed
# type: scalar
802.7029130458832


# name: evaluation
# type: matrix
# rows: 1
# columns: 3
 0.575 0.575 1


# name: contractionConstant
# type: scalar
0.6


# name: minStateDiff
# type: scalar
1e-07


# name: minErrorAccDiff
# type: scalar
1e-07


