# Created by Octave 3.6.2, Wed May 22 22:22:10 2013 CEST <alex@desktop>
# name: trainStats
# type: matrix
# rows: 51
# columns: 10
 11.10159264218843 11 8 0 0 0 100 7 7 0
 10.74276292110386 16 13 0 51 47 100 7 7 0
 13.23011616509904 26 21 1 26 47 61 79 40 531
 10.99643568815151 46 39 1 29 8 50 89 39 2624
 10.70028111631268 179 184 1 24 47 53 91 44 17087
 10.97732915460238 79 75 1 24 53 73 90 63 4477
 11.06391620980687 114 90 1 30 44 91 59 50 61
 10.89063976923685 201 201 1 31 17 86 66 51 252
 10.7385480572392 51 41 1 26 14 80 77 57 249
 10.43161559183096 201 190 1 29 44 60 96 56 10637
 10.99497792392548 201 201 1 11 22 63 91 54 22036
 10.86131253045797 201 201 1 26 33 77 80 57 334
 10.67833336918064 201 201 1 13 25 71 77 49 93
 10.67953406332028 201 201 1 29 36 49 91 40 389
 10.73415332346738 201 201 1 26 17 59 97 56 594
 10.85390314960892 201 201 1 16 14 64 93 57 2329
 10.79180265637751 201 72 1 23 47 60 89 49 1237
 10.96677272401388 201 77 1 14 8 53 87 40 6101
 10.79046170793586 201 44 1 34 47 81 67 49 126213
 10.87471508680685 201 130 1 11 8 77 80 57 1880
 10.74769532909387 201 77 1 36 17 60 96 56 1205
 10.8603187095507 201 29 1 13 47 64 87 51 9431
 10.92868190614471 201 52 1 30 17 71 90 61 11905
 10.7540717483489 201 201 1 16 44 57 90 47 3454
 10.80388492102085 201 60 1 7 3 60 96 56 45582
 10.73337469205106 201 201 1 44 11 89 69 57 40
 10.84873752082323 201 18 1 29 61 57 100 57 3306
 10.82305029729078 201 201 1 27 22 87 51 39 287280
 10.82982077000924 201 18 1 21 17 67 86 53 10487
 10.80479711776234 31 18 1 40 14 74 77 51 12821
 10.80793227765316 201 10 0 23 3 100 7 7 0
 10.81112216510648 22 13 0 31 72 100 7 7 0
 10.79486647063471 201 28 1 23 11 57 90 47 42438
 10.92512052048295 201 24 1 37 36 77 76 53 1503
 10.79981007297046 201 16 1 21 11 100 63 63 0
 10.80242029458991 201 50 1 29 36 69 77 46 10308
 10.71506553840644 201 60 1 31 14 67 90 57 8080
 10.76561726879197 201 47 1 19 56 59 83 41 99424
 10.77954889539587 201 201 1 44 19 84 56 40 2161
 10.79190010823138 201 201 1 21 11 90 84 74 853
 10.74073354058154 201 201 1 20 3 86 74 60 403
 10.75038896020053 201 24 1 36 61 46 96 41 1101
 10.76625597211475 201 46 1 4 0 46 99 44 568
 10.74927910398935 201 28 1 13 3 61 87 49 4759
 10.8992936013895 201 15 1 47 28 99 71 70 6
 10.78200432566402 201 28 1 24 0 74 77 51 841
 10.74545400662248 201 61 1 29 11 73 71 44 38127
 10.73448347816817 110 94 1 10 31 73 94 67 866579
 10.70844881305883 201 130 1 3 6 54 94 49 75129
 10.73583020674201 201 201 1 21 69 89 73 61 90
 10.68102764651418 201 0 0 0 0 0 0 0 0


# name: timeElapsed
# type: scalar
5646.719992876053


# name: evaluation
# type: matrix
# rows: 1
# columns: 3
 0.5333333333333333 0.5730337078651685 0.7391304347826086


# name: contractionConstant
# type: scalar
0.6


# name: minStateDiff
# type: scalar
1e-08


# name: minErrorAccDiff
# type: scalar
1e-08


