# Created by Octave 3.6.2, Tue May 21 09:38:02 2013 CEST <alex@desktop>
# name: trainStats
# type: matrix
# rows: 51
# columns: 10
 11.10019323675659 1 6 0 0 0 100 7 7 0
 10.74927971328751 1 11 0 51 50 100 7 7 0
 11.86989214282108 1 20 0 24 44 100 7 7 0
 10.91599158870243 1 201 0 36 14 100 7 7 0
 10.94424652936628 1 201 0 34 61 100 7 7 0
 10.82951687179801 1 201 0 21 11 100 7 7 0
 10.7135976247078 1 201 0 24 58 100 7 7 0
 10.68756660094614 1 201 0 40 17 100 7 7 0
 10.56178672080256 1 201 1 19 56 100 60 60 0
 10.4787897818421 1 201 1 23 14 99 59 57 4
 10.51655198518412 1 201 1 36 64 100 63 63 0
 10.70847344437132 1 201 0 21 11 100 7 7 0
 10.67545690855477 1 201 0 43 61 100 7 7 0
 10.55224772608915 1 201 0 21 28 100 7 7 0
 10.59990918136865 1 201 1 41 17 100 54 54 0
 10.60931561765495 1 201 0 24 14 100 7 7 0
 10.79023463305961 1 201 0 43 42 100 7 7 0
 10.5165185174487 1 201 0 17 39 100 7 7 0
 10.72315529045114 1 201 0 37 44 100 7 7 0
 10.55587318463302 1 201 0 26 44 100 7 7 0
 10.66765358689375 1 201 0 29 28 100 7 7 0
 10.60164979565888 1 201 0 41 14 100 7 7 0
 10.54976368559117 1 201 0 21 53 100 7 7 0
 10.47985039979853 1 201 0 41 0 100 7 7 0
 10.81670590631421 1 201 0 34 53 100 7 7 0
 10.66538118571576 1 201 0 23 0 100 7 7 0
 10.69772143231525 1 201 0 44 11 100 7 7 0
 10.53891059453327 1 201 0 14 61 100 7 7 0
 10.695633752514 1 201 0 36 0 100 7 7 0
 10.70784534438386 1 201 0 29 0 100 7 7 0
 10.53954615652005 1 201 0 43 58 100 7 7 0
 10.55589351183832 1 201 0 23 28 100 7 7 0
 10.67101485953697 1 201 0 34 31 100 7 7 0
 10.73780544938531 1 201 0 29 42 100 7 7 0
 10.63597981856736 1 201 0 31 17 100 7 7 0
 10.6777386469513 1 201 0 13 39 100 7 7 0
 10.7124760424836 1 201 0 47 47 100 7 7 0
 10.62211998690636 1 201 0 23 11 100 7 7 0
 10.63737212003168 1 201 0 34 25 100 7 7 0
 10.72575804761991 1 201 0 23 3 100 7 7 0
 10.72439152169674 1 201 0 53 53 100 7 7 0
 10.63974348194647 1 201 0 16 11 100 7 7 0
 10.70388412011716 1 201 0 39 44 100 7 7 0
 10.71964077591903 1 201 0 21 0 100 7 7 0
 10.64212568156069 1 201 0 47 33 100 7 7 0
 10.68961978984846 1 201 0 27 36 100 7 7 0
 10.75533921077125 1 201 0 34 22 100 7 7 0
 10.62336110569299 1 201 0 16 56 100 7 7 0
 10.65096163258733 1 201 0 30 17 100 7 7 0
 10.67242802352027 1 201 0 34 31 100 7 7 0
 10.63389305834444 1 0 0 0 0 0 0 0 0


# name: timeElapsed
# type: scalar
364.8940188884735


# name: evaluation
# type: matrix
# rows: 1
# columns: 3
 0.625 0.6538461538461539 0.7391304347826086


# name: contractionConstant
# type: scalar
0.9


# name: minStateDiff
# type: scalar
1e-07


# name: minErrorAccDiff
# type: scalar
1e-07


