# Created by Octave 3.6.2, Tue May 21 10:02:27 2013 CEST <alex@desktop>
# name: trainStats
# type: matrix
# rows: 51
# columns: 10
 11.0998283794858 1 8 0 0 0 100 7 7 0
 10.75674091654321 1 13 0 44 47 100 7 7 0
 12.71215199188454 1 25 1 31 47 97 61 59 1
 11.00430330730422 1 201 0 36 22 100 7 7 0
 10.83468434346195 1 201 0 26 22 100 7 7 0
 10.91227662998208 1 201 0 40 58 100 7 7 0
 10.85081078330789 1 201 0 20 14 100 7 7 0
 10.81691035793371 1 201 0 43 36 100 7 7 0
 10.87741627509337 1 201 0 34 47 100 7 7 0
 10.81162898390362 1 201 0 14 47 100 7 7 0
 10.74172194338806 1 201 0 47 3 100 7 7 0
 10.79054542055378 1 201 0 20 69 100 7 7 0
 10.80669766412271 1 201 0 41 31 100 7 7 0
 10.81738922033226 1 201 0 14 31 100 7 7 0
 10.81377972819736 1 201 0 40 19 100 7 7 0
 10.84853326296155 1 201 0 30 6 100 7 7 0
 10.80916717301344 1 201 0 50 6 100 7 7 0
 10.78477275988197 1 201 0 19 25 100 7 7 0
 10.80306390292441 1 201 0 30 42 100 7 7 0
 10.77935531217395 1 201 0 11 14 100 7 7 0
 10.75318682644181 1 201 0 41 28 100 7 7 0
 10.76307745520272 1 201 0 14 25 100 7 7 0
 10.79523696374159 1 201 0 30 25 100 7 7 0
 10.77028866635653 1 201 0 19 31 100 7 7 0
 10.75665256644741 1 201 0 27 22 100 7 7 0
 10.76617436177284 1 201 0 37 28 100 7 7 0
 10.73797239738118 1 201 0 11 6 100 7 7 0
 10.74499701005202 1 201 0 10 28 100 7 7 0
 10.73669860748877 1 201 0 33 14 100 7 7 0
 10.73368829544562 1 201 0 30 33 100 7 7 0
 10.73137365453753 1 201 0 37 3 100 7 7 0
 10.70477798446674 1 201 0 33 47 100 7 7 0
 10.6840127156825 1 201 0 27 14 100 7 7 0
 10.67547217502488 1 201 0 9 28 100 7 7 0
 10.68271361702247 1 201 0 59 31 100 7 7 0
 10.67452636049467 1 201 0 24 19 100 7 7 0
 10.65412699446427 1 201 0 56 0 100 7 7 0
 10.63622375121613 1 201 0 23 44 100 7 7 0
 10.60143113454887 1 201 0 40 14 100 7 7 0
 10.64633916846472 1 201 0 24 81 100 7 7 0
 10.58751058104701 1 201 0 24 3 100 7 7 0
 10.57708181382011 1 201 0 33 64 100 7 7 0
 10.58476033066633 1 201 0 33 33 100 7 7 0
 10.58734002872928 1 201 0 33 8 100 7 7 0
 10.62302891263447 1 201 0 11 61 100 7 7 0
 10.49255846579774 1 201 0 21 36 100 7 7 0
 10.47472728665338 1 201 0 24 14 100 7 7 0
 10.52702952557895 1 201 0 7 78 100 7 7 0
 10.32591888842093 1 201 0 39 0 100 7 7 0
 10.32321615409489 1 201 0 16 39 100 7 7 0
 10.49107454293257 1 0 0 0 0 0 0 0 0


# name: timeElapsed
# type: scalar
355.6302220821381


# name: evaluation
# type: matrix
# rows: 1
# columns: 3
 0.625 0.6395348837209303 0.7971014492753623


# name: contractionConstant
# type: scalar
1.2


# name: minStateDiff
# type: scalar
1e-08


# name: minErrorAccDiff
# type: scalar
1e-08


