# Created by Octave 3.6.2, Wed May 22 19:49:11 2013 CEST <alex@desktop>
# name: trainStats
# type: matrix
# rows: 51
# columns: 10
 11.10159264219047 11 8 0 0 0 100 7 7 0
 10.74276292107499 16 13 0 51 47 100 7 7 0
 13.23011616519036 26 21 1 30 47 94 51 46 54
 10.88856141235833 153 124 0 24 8 100 7 7 0
 11.05842008914762 44 37 0 24 33 100 7 7 0
 10.75010172269684 40 33 1 21 19 94 54 49 8
 10.49972552963135 47 40 0 16 58 100 7 7 0
 10.36967063049373 45 37 1 16 19 97 60 57 7
 10.2417592987532 91 80 1 16 39 93 57 50 219
 9.799288948422012 70 53 1 31 14 54 97 51 96
 9.681085142906678 201 201 1 11 31 60 99 59 1011
 9.126858988057224 201 144 1 26 17 60 99 59 209
 10.91451674098959 128 73 1 34 39 100 49 49 1
 9.936704994319001 201 201 1 29 14 69 86 54 586
 9.217504858006155 201 201 1 20 19 79 69 47 566
 9.664366210041523 201 201 1 24 22 64 91 56 855
 9.213631353264669 201 201 1 29 39 86 67 53 911
 9.926300038113638 201 201 1 27 42 86 66 51 343
 10.40454970149841 201 201 1 23 28 50 99 49 5598
 10.84283909591896 201 201 1 9 14 71 91 63 222
 11.12192153965577 63 48 0 51 17 100 7 7 0
 10.77655540494195 201 201 1 20 17 66 91 57 293
 10.87384207061668 201 201 1 30 6 73 87 60 66
 10.76338562278432 201 201 1 14 25 67 96 63 663
 9.959356797414781 154 127 1 23 11 94 63 57 44
 11.8151464907392 45 27 1 33 58 99 47 46 4
 9.948326602951093 56 39 0 27 3 100 7 7 0
 10.1117195099549 51 35 1 9 72 100 63 63 1
 10.16752171419622 35 25 1 33 6 89 71 60 13
 10.13019561847793 33 23 1 7 3 97 47 44 19
 10.28846351851942 36 20 1 14 56 94 50 44 1931
 10.35930597160113 45 21 1 47 6 91 67 59 80
 10.07931712475316 97 61 1 26 25 83 93 76 187
 10.10094821810489 68 34 1 17 36 84 69 53 245
 10.19337482136498 45 28 1 34 22 83 66 49 102
 9.993902785405297 157 119 1 16 3 69 76 44 200
 9.88724049886177 91 78 1 29 56 66 80 46 216
 9.822446568608488 153 116 1 10 8 59 87 46 227
 9.728586101787013 91 57 1 26 42 77 77 54 849
 9.857691934062979 143 96 1 16 14 63 84 47 183
 9.804332400259973 127 102 1 6 3 66 83 49 244
 9.743332371835042 87 54 1 27 22 71 76 47 340
 9.808225576858753 133 80 1 9 36 66 86 51 356
 9.787532072115775 131 77 1 10 14 60 87 47 1213
 9.759183657054816 143 102 1 14 22 60 93 53 1099
 9.575047315249353 44 31 1 39 22 56 86 41 26348
 9.547529948850297 100 74 1 13 11 51 93 44 1867
 9.415179110422503 44 29 1 17 8 56 91 47 238
 9.321204412332939 37 25 1 19 0 76 73 49 23735
 9.191794743319157 32 25 1 7 0 66 94 60 2588
 8.97559331626913 86 0 0 0 0 0 0 0 0


# name: timeElapsed
# type: scalar
3070.843413829803


# name: evaluation
# type: matrix
# rows: 1
# columns: 3
 0.7083333333333334 0.6634615384615384 1


# name: contractionConstant
# type: scalar
0.9


# name: minStateDiff
# type: scalar
1e-08


# name: minErrorAccDiff
# type: scalar
1e-08


