# Created by Octave 3.6.2, Tue May 21 21:18:29 2013 CEST <alex@desktop>
# name: trainStats
# type: matrix
# rows: 51
# columns: 10
 11.10159264218161 11 8 0 0 0 100 7 7 0
 10.74276292110673 17 13 0 51 47 100 7 7 0
 13.23011616502816 27 21 0 31 47 100 7 7 0
 10.98422697148071 169 141 0 23 25 100 7 7 0
 10.74782545519073 201 201 0 29 3 100 7 7 0
 10.6148255459099 201 201 0 20 50 100 7 7 0
 11.22783799805848 201 194 0 36 33 100 7 7 0
 10.40234442909809 201 190 0 19 33 100 7 7 0
 10.31973607961423 201 201 0 27 33 100 7 7 0
 10.35625311474244 201 85 0 6 39 100 7 7 0
 10.26411098458148 105 67 0 11 25 100 7 7 0
 10.19986988725113 201 201 0 27 19 100 7 7 0
 10.16852486177914 201 201 0 17 31 100 7 7 0
 11.08023691894327 201 201 0 43 47 100 7 7 0
 11.45554119425048 201 201 0 29 11 100 7 7 0
 10.98415336981888 201 201 0 26 3 100 7 7 0
 11.2170251516179 201 82 1 19 28 84 63 47 15
 10.78700817970089 201 201 1 26 3 96 66 61 46
 10.66594722481609 201 201 1 44 42 99 46 44 8
 10.59120535220602 201 108 1 16 33 73 79 51 46
 10.49300353936607 201 201 1 20 17 76 79 54 124
 10.60627651179365 201 146 0 21 56 100 7 7 0
 10.70977995202536 201 201 0 36 17 100 7 7 0
 10.66341901530104 201 201 1 19 25 80 64 44 167
 10.66185939257646 201 33 1 17 47 84 61 46 70
 10.64935770152152 201 37 0 33 17 100 7 7 0
 10.7178287620918 201 78 0 14 47 100 7 7 0
 10.63364079050012 201 201 0 41 6 100 7 7 0
 10.62127602071603 201 201 0 16 53 100 7 7 0
 10.57787746707084 201 79 0 11 8 100 7 7 0
 10.64513456474116 201 201 0 31 42 100 7 7 0
 10.43495944686821 201 201 0 30 14 100 7 7 0
 10.30064394215697 201 201 0 21 47 100 7 7 0
 10.30764881868999 201 80 0 30 11 100 7 7 0
 10.38196269933634 201 201 0 10 33 100 7 7 0
 10.11791006765398 201 201 0 41 11 100 7 7 0
 10.27415796363521 201 201 0 24 39 100 7 7 0
 10.41544365252772 201 201 0 29 6 100 7 7 0
 10.39040554925368 201 201 0 30 11 100 7 7 0
 10.29405351027369 201 201 0 30 25 100 7 7 0
 10.25815758109817 201 201 0 40 19 100 7 7 0
 10.35327628398229 201 201 0 14 22 100 7 7 0
 10.33518774943707 201 201 0 60 8 100 7 7 0
 10.3875993992877 201 201 0 9 17 100 7 7 0
 10.44370970452284 201 201 0 50 25 100 7 7 0
 10.34225611420044 201 201 0 10 17 100 7 7 0
 10.30060742055032 201 201 0 19 25 100 7 7 0
 10.42972099028416 201 201 0 41 8 100 7 7 0
 10.06541322591037 201 201 0 37 22 100 7 7 0
 10.15145592469691 201 201 0 37 14 100 7 7 0
 10.21616072805062 201 0 0 0 0 0 0 0 0


# name: timeElapsed
# type: scalar
6109.52526307106


# name: evaluation
# type: matrix
# rows: 1
# columns: 3
 0.65 0.7142857142857143 0.6521739130434783


# name: contractionConstant
# type: scalar
1.2


# name: minStateDiff
# type: scalar
1e-08


# name: minErrorAccDiff
# type: scalar
1e-08


