# Created by Octave 3.6.2, Tue May 21 15:00:47 2013 CEST <alex@desktop>
# name: trainStats
# type: matrix
# rows: 51
# columns: 10
 11.10159264219171 10 6 0 0 0 100 7 7 0
 10.74276292115062 15 11 0 51 47 100 7 7 0
 13.23011617101413 23 17 0 31 47 100 7 7 0
 10.98422697193124 131 119 0 23 25 100 7 7 0
 10.78975866204312 201 201 0 23 3 100 7 7 0
 10.59599254068898 51 43 0 31 33 100 7 7 0
 10.6654595030084 201 201 1 27 42 99 43 41 7
 10.27562601824185 201 201 1 27 22 89 63 51 64
 10.03179088775341 147 70 1 17 22 80 73 53 585
 9.685202663072994 41 26 1 21 11 61 91 53 300
 9.410128334075553 18 12 1 14 22 60 91 51 3257
 9.6591406931578 28 24 1 11 17 47 96 43 222322
 9.590148173872047 39 27 1 34 50 59 99 57 289
 9.717968007895177 61 56 1 4 25 51 97 49 354
 9.592255760144965 46 43 1 19 11 51 96 47 5112
 10.33075723672834 73 63 1 13 64 57 99 56 14174
 10.66527850945061 90 55 1 24 0 49 96 44 1231
 10.40128674666731 141 196 1 21 11 63 86 49 868
 10.62575103167196 17 8 0 34 50 100 7 7 0
 11.01992545648797 201 10 1 26 3 87 69 56 25
 11.13387459030978 26 8 0 40 3 100 7 7 0
 11.48853701610971 22 12 1 26 42 56 84 40 515
 11.24214376221575 28 12 1 21 3 50 100 50 7759
 11.30567688790872 18 10 1 30 25 51 86 37 5424
 11.04335354420895 17 9 0 33 8 100 7 7 0
 10.89539874612658 27 6 0 31 53 100 7 7 0
 10.81972181364919 201 30 1 23 8 59 99 57 9752
 10.69260816031749 201 46 1 41 53 56 99 54 784
 10.81762697043692 201 201 1 19 3 54 97 51 1413
 10.73100147749277 201 11 1 9 0 53 97 50 631
 10.68709478573757 201 62 1 33 58 57 99 56 12212
 10.71807812906577 201 9 1 14 3 73 97 70 2372
 10.6970444603559 201 46 1 33 11 69 97 66 2183
 10.68305728101308 201 9 1 21 31 59 91 50 5310
 10.65596238581088 201 118 1 23 28 50 100 50 8785
 10.63714211601079 201 12 1 3 31 46 100 46 257
 10.5526246309455 201 172 1 13 3 49 100 49 2794
 10.50202116712282 201 201 1 9 14 49 100 49 931
 10.56906261733437 201 201 1 7 39 66 94 60 33876
 10.62530306889825 201 201 1 31 0 70 83 53 5670
 10.70543690227065 201 151 1 16 28 54 100 54 57043
 10.62028427671135 201 201 1 24 14 83 71 54 2256
 10.69746717579998 201 6 1 30 22 56 90 46 7067
 10.63701158107984 201 167 1 17 3 51 100 51 5632
 10.64526857690059 201 61 1 19 28 54 100 54 7107
 10.700157133463 201 12 1 20 0 47 97 44 13414
 10.56808324915224 201 179 1 4 53 56 100 56 36337
 10.68792766455273 201 12 1 9 6 43 99 41 25269
 10.68370584187012 201 201 1 23 8 61 100 61 9440
 10.71192743341851 201 9 1 11 19 43 100 43 6068
 10.54738755268799 201 0 0 0 0 0 0 0 0


# name: timeElapsed
# type: scalar
4469.226669788361


# name: evaluation
# type: matrix
# rows: 1
# columns: 3
 0.6666666666666666 0.7377049180327869 0.6521739130434783


# name: contractionConstant
# type: scalar
1.2


# name: minStateDiff
# type: scalar
1e-07


# name: minErrorAccDiff
# type: scalar
1e-07


