# Created by Octave 3.6.2, Sun May 19 19:36:28 2013 CEST <alex@desktop>
# name: trainStats
# type: matrix
# rows: 51
# columns: 10
 11.10159312854026 4 8 0 0 0 100 7 7 0
 10.74267284298829 4 13 0 51 47 100 7 7 0
 13.19754496314754 4 21 1 30 47 93 53 46 73
 10.86133013110513 4 85 0 26 8 100 7 7 0
 10.9742120597575 4 201 0 26 36 100 7 7 0
 10.66521105766951 4 40 0 27 6 100 7 7 0
 10.3797009403065 4 73 0 24 61 100 7 7 0
 10.15154151675505 4 77 0 20 6 100 7 7 0
 9.815283890483681 4 37 0 21 50 100 7 7 0
 9.691641971663431 4 45 0 36 25 100 7 7 0
 9.544965290428058 4 110 0 7 11 100 7 7 0
 10.36188243912329 4 201 0 43 36 100 7 7 0
 10.07750832579495 4 201 0 27 47 100 7 7 0
 9.832490274101435 4 201 0 26 0 100 7 7 0
 9.586375947498228 4 89 0 17 19 100 7 7 0
 9.433780285398099 4 193 0 24 36 100 7 7 0
 9.854647262139391 4 55 0 30 14 100 7 7 0
 10.74764851552167 4 21 1 31 0 80 89 69 887
 10.4286102164919 4 26 1 14 0 89 87 76 844
 10.91975846728721 4 9 1 9 11 71 87 59 16264
 10.53189390835019 4 13 1 6 61 80 86 66 21269
 10.85209558343263 4 16 1 27 11 63 90 53 930
 10.85788250561847 4 9 1 4 89 69 89 57 768
 10.89857332132048 4 7 1 37 8 66 94 60 361
 10.63200590718092 4 10 1 11 75 74 83 57 304775
 10.85080404531476 4 7 1 33 8 71 86 57 216
 10.74230593238098 4 10 1 3 64 79 91 70 290
 10.68498272413408 4 12 1 10 8 77 73 50 270
 10.77292159574369 4 12 1 23 11 56 91 47 888
 10.84127746016027 4 20 1 21 11 73 69 41 1348
 10.97977546866663 4 8 1 9 8 64 94 59 515
 10.91613458794623 4 11 1 44 6 74 87 61 2801
 10.9256581959934 4 7 1 9 67 57 91 49 5101
 10.86460695716674 4 10 1 23 22 73 84 57 84220
 10.73667926282018 4 11 1 16 25 66 93 59 87729
 10.82858815478926 4 10 1 16 14 63 83 46 124276
 10.76259920624505 4 12 1 11 19 63 93 56 274665
 10.78020950485451 4 12 1 1 14 70 86 56 394977
 10.72269605376553 4 12 1 23 8 60 94 54 469720
 10.71839639122559 4 14 1 3 22 50 97 47 1599303
 10.7011917176609 4 14 1 6 36 54 94 49 5239007
 10.64145650485001 4 15 1 7 0 61 93 54 21062199
 10.56025508173703 4 18 1 14 19 76 94 70 62346073
 10.43253555889423 4 20 1 11 3 66 87 53 50777678
 10.423005578375 4 27 1 11 11 69 87 56 83714468
 10.34348888836298 4 27 1 20 0 63 93 56 156809779
 10.54764819032127 4 93 1 21 8 63 90 53 4414261692
 10.30940279353015 4 61 1 6 14 64 91 56 74497858225
 10.31781233189231 4 201 1 16 11 70 89 59 1457683634548
 10.1752003162105 4 201 1 17 14 63 87 50 177544842959234
 10.03724893323896 4 0 0 0 0 0 0 0 0


# name: timeElapsed
# type: scalar
520.327908039093


# name: evaluation
# type: matrix
# rows: 1
# columns: 3
 0.7166666666666667 0.8723404255319149 0.5942028985507246


# name: contractionConstant
# type: scalar
0.9


# name: minStateDiff
# type: scalar
1e-08


# name: minErrorAccDiff
# type: scalar
1e-08


