# Created by Octave 3.6.2, Sun May 19 19:27:48 2013 CEST <alex@desktop>
# name: trainStats
# type: matrix
# rows: 51
# columns: 10
 11.10159264183647 4 6 0 0 0 100 7 7 0
 10.74270614842849 4 11 0 51 47 100 7 7 0
 13.19248616776906 4 18 0 31 47 100 7 7 0
 10.99849682196584 4 93 0 26 25 100 7 7 0
 10.74245829444065 4 201 0 30 3 100 7 7 0
 10.63804800379817 4 201 0 26 42 100 7 7 0
 10.5452539529461 4 201 0 36 31 100 7 7 0
 10.44366651930617 4 201 1 27 17 100 59 59 0
 10.30751735128754 4 201 1 41 39 97 47 44 11
 10.37669486078346 4 201 1 29 36 100 60 60 2
 10.17332513624383 4 201 1 33 33 100 43 43 0
 10.04898473349709 4 201 1 31 14 97 46 43 5
 9.999888103894687 4 201 1 20 31 100 51 51 0
 11.04575426361354 4 201 1 16 25 100 51 51 0
 11.04791132554208 4 201 1 46 33 100 61 61 0
 10.4629362914656 4 201 1 21 53 94 57 51 19
 10.29532637639775 4 201 1 30 17 100 46 46 0
 10.44044516861694 4 201 1 23 61 100 47 47 0
 10.24091237477702 4 201 1 19 11 100 44 44 0
 10.35520115088342 4 201 1 10 31 100 53 53 0
 10.46577870868485 4 201 1 16 22 100 53 53 0
 10.54265624448127 4 201 1 51 39 100 59 59 0
 10.22343053291435 4 201 1 21 11 100 54 54 0
 10.17779586409165 4 201 1 37 14 97 50 47 0
 10.17466934921979 4 201 1 30 8 97 57 54 0
 10.22134283687413 4 201 1 7 44 97 59 56 0
 10.23578712565224 4 201 1 34 6 97 50 47 0
 10.38667940413012 4 201 1 19 17 97 57 54 0
 10.67572558453483 4 201 1 7 11 97 59 56 0
 10.72642635826479 4 201 1 27 3 97 60 57 0
 11.22150985472044 4 201 1 34 0 89 74 63 94
 11.24303853048677 4 201 1 34 3 89 53 41 8
 10.71158737966678 4 201 1 21 0 91 74 66 25
 10.6900237239078 4 201 1 30 3 93 60 53 112
 10.53681513898181 4 201 1 39 28 89 60 49 180
 10.44713255491819 4 201 1 29 61 83 64 47 194
 10.36870784188938 4 201 1 21 3 94 77 71 38
 10.43673179259688 4 201 1 46 19 91 53 44 15
 10.337336690869 4 66 1 17 56 79 71 50 77
 10.46389269953493 4 201 1 23 25 90 54 44 10
 10.28601641584174 4 201 1 27 28 69 81 50 405
 10.30140825337828 4 201 1 20 8 94 74 69 2
 10.40910575538018 4 201 1 26 31 79 84 63 555
 10.45159313089806 4 201 1 23 33 76 59 34 61
 10.33336728234551 4 201 1 10 3 61 74 36 188
 10.39817141282413 4 201 1 21 17 83 79 61 37
 10.41100450850076 4 201 1 27 8 87 54 41 16
 10.52469295508083 4 201 1 29 61 79 81 60 3683
 10.41600609453727 4 201 1 24 19 94 66 60 98
 10.40436460701659 4 201 1 40 19 93 66 59 89
 10.36698595307103 4 0 0 0 0 0 0 0 0


# name: timeElapsed
# type: scalar
548.9871520996094


# name: evaluation
# type: matrix
# rows: 1
# columns: 3
 0.7166666666666667 0.8431372549019608 0.6231884057971014


# name: contractionConstant
# type: scalar
1.2


# name: minStateDiff
# type: scalar
1e-07


# name: minErrorAccDiff
# type: scalar
1e-07


