# Created by Octave 3.6.2, Sun May 19 20:04:58 2013 CEST <alex@desktop>
# name: trainStats
# type: matrix
# rows: 51
# columns: 10
 11.10159231530724 4 6 0 0 0 100 7 7 0
 10.7428350669263 4 11 0 51 47 100 7 7 0
 13.19552958529953 4 18 1 26 47 61 80 41 555
 10.9641829273283 4 31 1 23 8 59 89 47 1570
 10.67490814622523 4 201 1 31 36 90 70 60 151
 10.71988663163984 4 201 1 14 64 63 90 53 1532
 10.71370358136662 4 19 1 21 19 46 99 44 3158
 10.62591185733854 4 22 1 14 19 40 99 39 1502
 10.65498621616349 4 40 1 30 47 44 94 39 47075
 11.04876261436371 4 201 1 17 50 89 79 67 66
 10.78130378960359 4 30 1 21 42 36 96 31 12705
 10.87197176735296 4 8 1 7 47 46 90 36 35528
 11.68551724778891 4 201 1 46 47 80 54 34 73
 11.046518795121 4 201 1 21 0 56 84 40 27411
 10.71324436273316 4 201 1 44 50 87 56 43 350
 11.0154679428468 4 201 1 17 0 46 93 39 11612
 10.79855975361916 4 201 1 34 6 76 76 51 3033
 10.70058573870236 4 201 1 27 83 91 57 49 1340
 10.68982602257014 4 14 1 30 11 61 93 54 9415
 10.75330889507125 4 58 1 21 64 53 94 47 4253
 10.5919657392094 4 21 1 27 25 63 91 54 45452
 10.65427186990854 4 201 1 24 50 87 70 57 244
 10.63228022253475 4 112 1 47 6 64 94 59 75830
 10.74094181782854 4 201 1 26 53 90 59 49 2143
 11.08102917536216 4 113 1 27 11 54 99 53 44093
 10.67864684711436 4 201 1 24 8 80 74 54 302652
 10.80884505058375 4 201 1 30 19 81 69 50 986
 10.80335455078079 4 201 1 29 17 51 99 50 29686
 10.72364366046665 4 201 1 27 3 80 59 39 3072
 10.8127597509529 4 40 1 31 3 63 96 59 5819
 10.78850847871095 4 201 1 24 28 81 60 41 935
 10.78259314373009 4 201 1 37 44 84 66 50 894695
 10.85654716651157 4 201 1 19 36 81 76 57 10045
 10.72051870967684 4 201 1 34 0 49 91 40 1716
 10.7954859774018 4 201 1 21 8 81 71 53 3245
 10.66997756232983 4 201 1 53 81 89 57 46 407
 10.77334535575797 4 99 1 13 17 46 100 46 43629
 10.80667026130029 4 201 1 39 14 93 70 63 74
 10.78177904582651 4 201 1 21 69 80 60 40 430
 10.79556099357137 4 201 1 23 6 81 61 43 2426
 10.94078604642778 4 201 1 13 69 84 61 46 1260
 10.7997146115246 4 201 1 40 6 86 69 54 6067
 10.87796713298324 4 201 1 24 69 93 69 61 170
 10.75047794614306 4 201 1 14 19 83 60 43 3300
 10.65602888135509 4 201 1 49 75 86 60 46 525
 10.76813110377408 4 201 1 21 6 89 71 60 126
 10.63017213054459 4 201 1 46 22 86 53 39 765
 10.79634394263962 4 201 1 29 61 93 50 43 110
 10.77015840429606 4 59 1 29 14 43 100 43 234096
 10.68113765910541 4 201 1 33 11 87 54 41 478
 10.66700944105713 4 0 0 0 0 0 0 0 0


# name: timeElapsed
# type: scalar
517.0613069534302


# name: evaluation
# type: matrix
# rows: 1
# columns: 3
 0.5916666666666667 0.6086956521739131 0.8115942028985508


# name: contractionConstant
# type: scalar
0.6


# name: minStateDiff
# type: scalar
1e-07


# name: minErrorAccDiff
# type: scalar
1e-07


