# Created by Octave 3.6.2, Sun May 19 19:45:41 2013 CEST <alex@desktop>
# name: trainStats
# type: matrix
# rows: 51
# columns: 10
 11.10159222914473 4 6 0 0 0 100 7 7 0
 10.74290350002399 4 11 0 51 47 100 7 7 0
 13.19809672037717 4 18 1 30 47 93 53 46 73
 10.89353803317042 4 113 0 30 8 100 7 7 0
 11.02980609494044 4 154 0 31 33 100 7 7 0
 10.7834625387035 4 35 0 17 19 100 7 7 0
 10.48033828339998 4 79 0 13 39 100 7 7 0
 10.25519919783244 4 48 1 16 31 94 56 50 3
 9.923211037930171 4 37 1 26 22 71 86 57 246
 9.401950480589349 4 24 1 14 11 63 94 57 2648232
 11.97107012430693 4 19 1 51 58 84 57 41 6
 9.108561285644935 4 25 1 10 3 57 100 57 9243
 8.888515188723812 4 19 1 23 19 43 100 43 3925
 8.626552433801228 4 16 1 4 14 43 99 41 52026
 8.610948489316394 4 42 1 16 8 49 100 49 5130
 9.500481894365032 4 201 1 41 47 93 53 46 208
 9.748825646244612 4 201 1 13 25 91 71 63 7736
 10.39115196133955 4 201 1 30 17 67 89 56 1160
 10.61577619972832 4 201 1 37 31 93 54 47 37
 10.35153657837306 4 201 1 30 14 96 63 59 0
 10.44958785325841 4 201 1 16 14 96 66 61 0
 11.05784783882643 4 201 1 19 53 87 79 66 675
 11.12596553768611 4 201 1 13 6 91 64 56 123
 10.90868775358141 4 33 1 54 11 94 64 59 12
 10.71646513135795 4 201 1 13 44 94 54 49 1
 10.77448377336319 4 201 1 24 14 83 60 43 25
 10.7677204588212 4 201 1 14 39 80 79 59 1864
 10.8137911821327 4 201 1 9 33 76 69 44 1667
 10.92568634023639 4 12 0 53 61 100 7 7 0
 10.7551656102274 4 14 0 23 6 100 7 7 0
 10.81292428420999 4 201 1 34 36 84 57 41 874
 10.75245239437234 4 17 0 17 42 100 7 7 0
 10.81908605086097 4 201 1 59 25 84 60 44 741
 10.74042267393002 4 201 1 26 31 86 67 53 242
 10.71667646995243 4 8 0 43 8 100 7 7 0
 10.70123098946609 4 8 0 6 33 100 7 7 0
 10.66700829959822 4 8 0 0 0 100 7 7 0
 10.54376970192879 4 8 0 1 11 100 7 7 0
 10.75307497268292 4 11 0 54 39 100 7 7 0
 10.57490081540202 4 8 0 4 56 100 7 7 0
 10.47877662065707 4 9 0 24 39 100 7 7 0
 10.48460935762152 4 9 0 4 39 100 7 7 0
 10.37561744868941 4 10 0 13 22 100 7 7 0
 10.32579859708213 4 9 0 4 8 100 7 7 0
 10.34169871468333 4 201 1 61 14 83 83 66 3805
 10.27565063425222 4 201 1 10 28 93 71 64 953
 10.26779075341824 4 19 1 69 28 97 50 47 1
 10.21679925054264 4 201 1 10 39 80 74 54 691
 10.22980472208627 4 10 0 54 19 100 7 7 0
 10.18802070756836 4 201 1 24 36 89 60 49 1721
 10.05629969432593 4 0 0 0 0 0 0 0 0


# name: timeElapsed
# type: scalar
552.7249958515167


# name: evaluation
# type: matrix
# rows: 1
# columns: 3
 0.7833333333333333 0.9574468085106383 0.6521739130434783


# name: contractionConstant
# type: scalar
0.9


# name: minStateDiff
# type: scalar
1e-07


# name: minErrorAccDiff
# type: scalar
1e-07


