# Created by Octave 3.6.2, Sun May 19 19:18:39 2013 CEST <alex@desktop>
# name: trainStats
# type: matrix
# rows: 51
# columns: 10
 11.10159183463229 4 8 0 0 0 100 7 7 0
 10.74284064430151 4 13 0 51 47 100 7 7 0
 13.19697780920607 4 21 0 31 47 100 7 7 0
 10.9950735976954 4 126 0 27 25 100 7 7 0
 10.80070294085879 4 201 0 24 3 100 7 7 0
 10.54297703105589 4 201 0 20 17 100 7 7 0
 10.77324098239187 4 201 0 34 58 100 7 7 0
 10.49252331971425 4 128 0 37 17 100 7 7 0
 10.38482488807096 4 201 0 31 44 100 7 7 0
 9.976293281822219 4 93 0 13 19 100 7 7 0
 9.510364665328629 4 152 0 26 33 100 7 7 0
 11.58447432621292 4 39 0 36 17 100 7 7 0
 9.572471958176619 4 34 0 1 19 100 7 7 0
 9.086704384506273 4 201 0 59 50 100 7 7 0
 8.785649713009171 4 51 0 14 3 100 7 7 0
 9.619711898017149 4 51 0 26 39 100 7 7 0
 8.817976686010391 4 23 0 9 39 100 7 7 0
 8.748013194075245 4 57 0 17 6 100 7 7 0
 8.802244931731934 4 92 0 11 28 100 7 7 0
 9.148753424098452 4 201 1 51 14 94 64 59 8
 9.51715633850354 4 201 0 20 28 100 7 7 0
 9.07792608109912 4 201 0 37 47 100 7 7 0
 9.340210061799993 4 201 0 17 11 100 7 7 0
 9.683004968979036 4 201 0 14 58 100 7 7 0
 10.56193662819714 4 201 0 36 6 100 7 7 0
 9.518623525256979 4 201 0 33 56 100 7 7 0
 9.560230764700998 4 201 0 29 11 100 7 7 0
 9.351791021259087 4 201 0 43 39 100 7 7 0
 10.07234905758767 4 201 0 24 47 100 7 7 0
 9.725752239101624 4 201 0 36 14 100 7 7 0
 9.680993059981162 4 201 0 33 17 100 7 7 0
 10.13593635813304 4 201 0 13 6 100 7 7 0
 9.763119798343851 4 201 0 29 6 100 7 7 0
 10.17189719878941 4 201 0 44 3 100 7 7 0
 10.58453212858423 4 201 0 7 6 100 7 7 0
 10.67286911811543 4 201 0 27 0 100 7 7 0
 11.21292677072554 4 195 1 50 22 86 84 70 216
 10.43465524301709 4 201 1 20 3 91 60 51 24
 10.54713329541551 4 143 0 36 14 100 7 7 0
 10.54412370333965 4 192 1 20 6 89 73 61 85
 10.06293090784697 4 201 1 26 42 96 69 64 62
 10.45879307378359 4 201 1 23 6 91 60 51 100
 10.15265277672138 4 201 1 20 17 66 87 53 94
 10.2414205776189 4 201 1 29 11 84 60 44 391
 10.03544417311535 4 201 1 10 11 89 84 73 1519
 9.952279712867208 4 201 1 40 50 90 64 54 51
 10.1228128779723 4 201 1 21 31 69 86 54 330
 9.796595876468331 4 201 1 16 22 89 56 44 81
 9.951081520198832 4 201 1 20 44 83 67 50 894
 9.88502317404696 4 201 1 20 14 70 74 44 3404
 10.0597758797052 4 0 0 0 0 0 0 0 0


# name: timeElapsed
# type: scalar
433.4254410266876


# name: evaluation
# type: matrix
# rows: 1
# columns: 3
 0.7666666666666667 0.9183673469387755 0.6521739130434783


# name: contractionConstant
# type: scalar
1.2


# name: minStateDiff
# type: scalar
1e-08


# name: minErrorAccDiff
# type: scalar
1e-08


