# Created by Octave 3.6.2, Sun May 19 19:56:21 2013 CEST <alex@desktop>
# name: trainStats
# type: matrix
# rows: 51
# columns: 10
 11.10159306471378 4 8 0 0 0 100 7 7 0
 10.74272355844891 4 13 0 51 47 100 7 7 0
 13.19899278591581 4 21 1 26 47 61 80 41 560
 10.96632825667139 4 35 1 23 8 57 89 46 1781
 10.69383937786118 4 201 1 34 39 90 69 59 44
 10.6660996838821 4 201 1 14 50 96 66 61 8
 10.70554449733955 4 68 1 31 36 47 97 44 4581
 10.70523563262834 4 201 1 30 47 94 60 54 1929
 12.30594286430985 4 69 1 26 47 59 99 57 7792
 12.26469510462903 4 51 1 6 31 60 99 59 3949
 12.0209696879176 4 201 1 13 8 56 93 49 1760
 11.55716087597282 4 201 1 37 6 86 49 34 521
 11.12254084822218 4 96 1 16 0 39 99 37 2388
 10.77245240307505 4 72 1 11 11 50 97 47 5833
 10.85727250861359 4 201 1 37 36 81 64 46 337
 10.81163153714288 4 17 1 29 33 64 93 57 18833
 10.76223736674926 4 88 1 14 28 39 97 36 65526
 10.7508614577187 4 25 1 33 19 54 89 43 320763
 10.68794084412358 4 48 1 11 28 59 87 46 336222
 10.67453327429279 4 31 1 23 8 69 86 54 58142
 10.61367437829941 4 201 1 26 44 77 63 40 9642
 10.63942964321751 4 201 1 11 25 76 71 47 34066
 10.78258298538573 4 201 1 21 14 64 84 49 1264544
 10.79337667081568 4 201 1 44 3 91 63 54 12
 10.76051265530871 4 201 1 30 69 96 54 50 3
 10.75266984004851 4 201 1 31 3 93 59 51 1299
 10.68846444298762 4 201 1 33 28 96 57 53 0
 10.60821477863777 4 201 1 29 17 96 51 47 0
 10.65016057560345 4 201 1 36 11 87 61 49 108
 10.68895967874277 4 201 1 13 42 93 53 46 150
 10.70544493904847 4 201 1 41 31 86 64 50 2129
 10.70114611638143 4 201 1 16 8 89 47 36 29
 10.64934926815148 4 201 1 40 50 93 56 49 38
 10.59413718831075 4 201 1 33 28 63 91 54 27677276
 10.64594962508183 4 201 1 19 3 84 51 36 394
 10.63270306779481 4 201 1 46 44 93 57 50 134
 10.64889397179727 4 201 1 11 31 87 60 47 168
 10.69902054564737 4 201 1 14 47 87 74 61 209
 10.71486772268968 4 201 1 6 11 91 69 60 601
 10.64559026072823 4 201 1 30 11 91 47 39 1641
 10.56764318893325 4 201 1 26 33 89 56 44 173
 10.63247055053907 4 42 1 36 11 66 89 54 85894657
 10.55535987568113 4 91 1 6 22 56 93 49 224398500
 10.41930917546451 4 110 1 10 17 50 94 44 11784513678
 10.47752945570525 4 201 1 1 14 46 90 36 229802138190
 10.36107586015003 4 201 1 49 14 86 71 57 359
 10.40116667926648 4 201 1 10 78 69 81 50 1082550374
 10.41235195243662 4 201 1 44 11 84 49 33 94
 10.14472353795819 4 23 1 17 81 79 90 69 18736405150
 10.13212990832457 4 124 1 11 0 80 89 69 53301875198
 10.01014351360362 4 0 0 0 0 0 0 0 0


# name: timeElapsed
# type: scalar
639.8195130825043


# name: evaluation
# type: matrix
# rows: 1
# columns: 3
 0.7333333333333333 0.7936507936507936 0.7246376811594203


# name: contractionConstant
# type: scalar
0.6


# name: minStateDiff
# type: scalar
1e-08


# name: minErrorAccDiff
# type: scalar
1e-08


