# Created by Octave 3.6.2, Thu May 23 04:29:37 2013 CEST <alex@desktop>
# name: trainStats
# type: matrix
# rows: 51
# columns: 10
 10.83801004499503 11 7 0 0 0 100 7 7 0
 11.06599454218603 37 30 0 54 61 100 7 7 0
 10.89527489373559 201 201 0 27 28 100 7 7 0
 10.84635741399937 201 16 0 21 31 100 7 7 0
 10.86057958106226 201 201 1 31 44 83 54 37 90
 10.78689585659561 201 201 1 24 25 87 60 47 30
 10.65728720944657 201 201 1 31 14 56 97 53 2960
 10.63290622811104 41 32 0 37 58 100 7 7 0
 11.15833370197451 22 18 0 36 31 100 7 7 0
 10.64455857618991 38 28 0 16 39 100 7 7 0
 10.59678022946598 201 181 1 31 22 71 86 57 265
 10.51076579760276 201 201 1 6 47 87 54 41 61
 11.2669914020844 201 201 1 56 33 91 63 54 13
 10.58264004077708 201 201 1 11 19 89 73 61 133
 10.49370160598008 201 201 1 29 28 97 60 57 16
 10.28224018298997 201 201 1 49 19 91 60 51 43
 9.992760618860032 119 95 1 17 11 74 87 61 298
 10.58396036649302 201 201 0 37 39 100 7 7 0
 10.68376410438081 201 201 0 21 3 100 7 7 0
 9.90332766248585 201 201 1 16 42 91 64 56 40
 10.6547311140802 201 201 1 20 47 94 63 57 15
 10.16804062911081 201 201 1 41 42 89 59 47 56
 10.39127406871902 201 201 1 21 3 79 76 54 549
 10.51945743334553 201 201 1 17 50 57 93 50 644
 10.5921111814512 201 201 1 7 14 54 96 50 1410
 10.45035929843492 201 201 1 6 64 60 94 54 646
 10.83261858640177 201 201 1 17 28 54 93 47 14477
 10.67789537103181 201 199 1 17 25 53 97 50 8414
 10.56665907053941 201 201 1 7 36 64 94 59 19647
 10.67082208154414 201 201 1 3 0 44 94 39 13179355
 10.61457429824448 201 201 1 17 25 71 93 64 4274926
 10.41849531542814 201 201 1 6 39 57 89 46 16249488
 10.35401077051915 201 201 1 21 19 77 69 46 27468295
 10.6383133250649 201 201 1 17 19 63 96 59 4516944834
 10.41004235592505 201 201 1 9 47 64 94 59 404288509596
 10.59353832711473 201 201 1 50 11 97 43 40 0
 10.64102718105039 201 201 1 23 14 93 56 49 811
 10.65531548536624 201 201 1 19 6 97 50 47 0
 10.63235414468335 201 201 1 31 3 91 64 56 1271
 10.56742526087154 201 201 1 27 61 77 73 50 1656
 10.53674484269481 201 201 1 16 11 86 73 59 1649
 10.57785568895939 201 201 1 37 0 81 73 54 2292
 10.5851019687058 201 201 1 17 36 90 51 41 721
 10.6366992311271 201 201 1 10 22 94 54 49 125
 10.62375526841359 201 201 1 41 11 97 46 43 0
 10.59428757551248 201 201 1 21 6 81 61 43 1635
 10.52101230264387 201 201 1 29 64 51 99 50 781
 10.59879565749168 201 201 1 13 3 79 73 51 404
 10.69734179089106 201 201 1 33 3 87 70 57 480
 10.78844058697751 201 201 1 10 19 87 63 50 2771
 10.78870255695787 201 0 0 0 0 0 0 0 0


# name: timeElapsed
# type: scalar
5700.005522012711


# name: evaluation
# type: matrix
# rows: 1
# columns: 3
 0.6666666666666666 0.7457627118644068 0.6376811594202898


# name: contractionConstant
# type: scalar
0.6


# name: minStateDiff
# type: scalar
1e-08


# name: minErrorAccDiff
# type: scalar
1e-08


