# Created by Octave 3.6.2, Fri May 24 04:01:53 2013 CEST <alex@desktop>
# name: trainStats
# type: matrix
# rows: 51
# columns: 10
 10.83801004499496 11 7 0 0 0 100 7 7 0
 11.06599454213523 36 30 0 54 61 100 7 7 0
 10.93410519778943 201 201 0 13 28 100 7 7 0
 11.06667947998381 201 8 0 40 58 100 7 7 0
 10.81383105480651 201 42 0 31 36 100 7 7 0
 10.82793377835763 201 7 0 39 33 100 7 7 0
 10.79377784888388 201 11 0 31 31 100 7 7 0
 10.90759678338044 201 16 0 33 47 100 7 7 0
 10.76892701651851 201 19 0 27 42 100 7 7 0
 10.82605303898318 201 48 0 43 33 100 7 7 0
 10.82962124639884 201 18 0 11 31 100 7 7 0
 10.81520073051205 201 201 0 31 0 100 7 7 0
 10.78993315039764 201 201 0 23 69 100 7 7 0
 10.77888343918326 201 136 0 20 3 100 7 7 0
 10.77230750706446 201 141 0 44 42 100 7 7 0
 10.74103304088054 201 201 0 19 22 100 7 7 0
 10.64985438711997 201 201 0 13 19 100 7 7 0
 10.5409123879148 201 201 0 4 6 100 7 7 0
 10.45232189932607 201 129 0 4 17 100 7 7 0
 10.36172677453802 201 201 0 13 6 100 7 7 0
 10.2988495893872 201 44 0 14 6 100 7 7 0
 10.20748396754255 201 32 0 26 3 100 7 7 0
 10.22463029043467 201 16 0 20 33 100 7 7 0
 9.967220540597763 201 28 0 20 25 100 7 7 0
 10.07066548463194 201 19 0 11 25 100 7 7 0
 9.909581322148382 201 24 0 30 44 100 7 7 0
 9.804962332113227 201 18 0 10 6 100 7 7 0
 9.641991129973386 201 28 0 24 25 100 7 7 0
 9.446228753298941 201 201 0 24 25 100 7 7 0
 9.384410745062377 201 201 0 9 14 100 7 7 0
 9.447448009837144 201 201 0 23 14 100 7 7 0
 9.426852650061386 201 96 0 21 8 100 7 7 0
 9.430924459660901 201 25 0 31 8 100 7 7 0
 9.38061620016987 201 201 0 30 17 100 7 7 0
 9.335995951822289 201 201 0 7 8 100 7 7 0
 9.378199059988388 201 201 0 4 19 100 7 7 0
 9.632997432718987 201 201 0 30 14 100 7 7 0
 9.933795101730128 201 113 0 20 28 100 7 7 0
 9.90813299281125 201 201 0 23 8 100 7 7 0
 10.1180026033011 201 201 0 9 8 100 7 7 0
 9.959008526624656 45 35 1 23 17 97 41 39 1
 9.625940594551855 49 37 0 31 8 100 7 7 0
 9.368079243279675 64 48 0 33 17 100 7 7 0
 9.059646148659509 38 28 0 26 22 100 7 7 0
 9.018185148630007 201 201 0 6 22 100 7 7 0
 8.845463483478261 106 43 1 4 3 91 44 36 6
 8.784331009380399 201 37 1 10 22 97 54 51 1
 8.773312593492511 201 34 1 36 14 73 70 43 44
 9.318191207669933 201 47 1 13 22 89 69 57 80
 8.765288752910944 201 201 1 23 11 91 67 59 139
 9.082810169840236 201 0 0 0 0 0 0 0 0


# name: timeElapsed
# type: scalar
5400.939134836197


# name: evaluation
# type: matrix
# rows: 1
# columns: 3
 0.6916666666666667 0.9705882352941176 0.4782608695652174


# name: contractionConstant
# type: scalar
1.2


# name: minStateDiff
# type: scalar
1e-08


# name: minErrorAccDiff
# type: scalar
1e-08


