# Created by Octave 3.6.2, Thu May 23 08:29:55 2013 CEST <alex@desktop>
# name: trainStats
# type: matrix
# rows: 51
# columns: 10
 10.83801004499498 9 6 0 0 0 100 7 7 0
 11.06599454181382 31 26 0 54 61 100 7 7 0
 10.94493915435159 201 201 0 16 28 100 7 7 0
 11.08459504149266 201 7 0 30 58 100 7 7 0
 10.83677176927485 201 7 0 33 25 100 7 7 0
 10.90212540836351 201 7 0 39 42 100 7 7 0
 10.83799864739845 201 8 0 24 36 100 7 7 0
 10.84895528292592 201 9 0 34 36 100 7 7 0
 10.84434256629437 201 9 0 9 58 100 7 7 0
 10.83888890962832 201 12 0 46 28 100 7 7 0
 10.83925668967192 201 12 0 20 39 100 7 7 0
 10.8338162870467 201 17 0 49 31 100 7 7 0
 10.8020775512737 201 12 0 9 17 100 7 7 0
 10.79526030334915 201 11 0 27 8 100 7 7 0
 10.77922934400823 201 145 1 17 3 93 61 54 22
 10.76106491421884 201 110 1 26 22 90 56 46 5
 10.70581423768928 201 63 1 17 22 96 56 51 16
 10.53671857947503 201 201 1 29 11 83 67 50 724
 10.50904590022293 201 87 1 7 14 80 73 53 236
 10.76763438701045 201 201 1 21 19 84 69 53 20
 10.48123392769238 201 83 1 14 17 83 60 43 113
 10.46143247395636 201 88 1 11 22 81 70 51 1717
 10.24906431131712 201 68 1 31 8 86 67 53 1725
 10.18060770936942 201 201 1 10 17 79 73 51 476
 10.18765627773329 201 97 1 20 17 76 69 44 188
 10.07756686217102 201 40 1 23 56 97 57 54 195
 9.966397007626821 201 201 1 16 3 94 66 60 61
 9.781860976755819 201 201 1 19 31 90 57 47 650
 9.724559821060309 201 201 0 16 3 100 7 7 0
 9.484727751895928 201 201 1 19 11 97 47 44 30
 9.367879418552736 201 201 0 11 42 100 7 7 0
 9.458165608943188 201 167 0 23 17 100 7 7 0
 9.34993023565244 201 201 1 34 39 99 63 61 2
 8.856972793121709 201 90 0 37 14 100 7 7 0
 9.131972547417266 201 118 1 14 39 99 53 51 3
 8.895887183414446 201 201 1 40 36 100 43 43 0
 9.902036910634376 201 201 1 20 53 96 51 47 10
 9.349518655752181 201 201 1 23 3 100 49 49 0
 9.056969153369284 118 113 1 33 44 99 50 49 4
 9.292897805496263 201 44 1 9 14 99 47 46 47
 9.318024643030727 201 77 1 10 25 97 49 46 1143
 9.411241020809305 201 164 1 20 6 96 54 50 28
 9.529649221352392 201 149 1 4 11 96 59 54 23
 9.311506335781072 201 71 1 6 22 99 54 53 6
 9.091781642266669 201 187 1 14 11 94 64 59 59
 8.686859537732282 201 129 1 29 14 94 56 50 93
 8.725076714689106 201 201 1 16 6 89 66 54 35
 8.580963422559167 201 201 1 47 8 94 60 54 385
 8.85480273458743 201 201 1 21 8 93 81 74 173
 8.284026988427478 201 201 1 14 14 71 74 46 172
 8.045609886253194 201 0 0 0 0 0 0 0 0


# name: timeElapsed
# type: scalar
5762.034329891205


# name: evaluation
# type: matrix
# rows: 1
# columns: 3
 0.7083333333333334 0.67 0.9710144927536232


# name: contractionConstant
# type: scalar
1.2


# name: minStateDiff
# type: scalar
1e-07


# name: minErrorAccDiff
# type: scalar
1e-07


