# Created by Octave 3.6.2, Thu May 23 16:04:55 2013 CEST <alex@desktop>
# name: trainStats
# type: matrix
# rows: 51
# columns: 10
 10.8380100449949 9 6 0 0 0 100 7 7 0
 11.0659945419311 32 26 0 54 61 100 7 7 0
 10.77412372066584 201 201 0 23 25 100 7 7 0
 10.9091386162023 201 8 0 37 50 100 7 7 0
 10.87580879428582 201 8 0 26 42 100 7 7 0
 10.96055142048142 201 51 0 23 31 100 7 7 0
 10.84683359099898 201 12 0 46 31 100 7 7 0
 10.80362755969385 201 92 0 16 39 100 7 7 0
 10.82677031183718 201 9 0 31 25 100 7 7 0
 10.80166413759616 201 12 0 14 44 100 7 7 0
 10.79058060224916 201 19 0 41 22 100 7 7 0
 10.74299385591385 201 17 0 10 14 100 7 7 0
 10.69298869285784 201 19 0 19 33 100 7 7 0
 10.68746418854901 201 37 1 33 31 87 73 60 99
 10.87626695112522 201 201 0 13 11 100 7 7 0
 10.75853560127718 20 14 0 16 11 100 7 7 0
 10.73300045846169 12 6 0 20 64 100 7 7 0
 10.80317633503165 9 5 0 16 19 100 7 7 0
 10.73205722006217 9 4 0 20 3 100 7 7 0
 10.72415424438894 9 4 0 0 75 100 7 7 0
 10.74079435222734 8 4 0 26 3 100 7 7 0
 10.72401226769735 13 4 0 0 3 100 7 7 0
 10.7882483739135 9 4 0 30 44 100 7 7 0
 10.7092265266382 8 4 0 1 0 100 7 7 0
 10.69947920303445 8 4 0 0 64 100 7 7 0
 10.68549810183353 8 4 0 16 0 100 17 17 0
 10.67260419224402 8 4 0 0 53 100 17 17 0
 10.6818673856304 8 4 0 6 36 100 17 17 0
 10.66324531509863 7 4 0 4 0 100 17 17 0
 10.64292839389677 8 4 0 9 17 100 27 27 0
 10.6300137982778 7 4 0 3 75 100 36 36 0
 10.63516392686689 7 3 0 9 6 100 36 36 0
 10.61745049229759 7 3 0 1 0 100 36 36 0
 10.59965930650131 6 3 0 1 3 100 36 36 0
 10.59156940143369 6 3 0 1 78 100 36 36 0
 10.61237834597971 6 3 0 9 22 100 36 36 0
 10.59356958719649 6 3 0 1 0 100 36 36 0
 10.59149588793528 5 2 0 0 83 100 44 44 0
 10.59982839805082 5 2 0 3 17 100 44 44 0
 10.59526373798256 5 2 0 0 0 100 54 54 0
 10.59195593909602 5 2 0 0 3 100 54 54 0
 10.58778043934557 5 2 0 1 0 100 46 46 0
 10.5860144624095 5 2 0 9 78 100 46 46 0
 10.59221275957417 5 2 0 3 6 100 63 63 0
 10.58811984918703 5 2 0 0 0 100 63 63 0
 10.58516574596724 5 2 0 0 3 100 71 71 0
 10.58342091588819 5 2 0 1 78 100 71 71 0
 10.58488106613508 4 2 0 1 3 100 71 71 0
 10.58226525784475 4 2 0 0 3 100 71 71 0
 10.58231741364284 5 2 0 0 89 100 81 81 0
 10.5813884393446 4 0 0 0 0 0 0 0 0


# name: timeElapsed
# type: scalar
1913.250426054001


# name: evaluation
# type: matrix
# rows: 1
# columns: 3
 0.575 0.6666666666666666 0.5217391304347826


# name: contractionConstant
# type: scalar
0.9


# name: minStateDiff
# type: scalar
1e-07


# name: minErrorAccDiff
# type: scalar
1e-07


