# Created by Octave 3.6.2, Fri May 24 07:24:48 2013 CEST <alex@desktop>
# name: trainStats
# type: matrix
# rows: 51
# columns: 10
 10.83801004499484 10 6 0 0 0 100 7 7 0
 11.06599454164637 33 26 0 54 61 100 7 7 0
 10.82998740855234 201 201 0 34 28 100 7 7 0
 10.91259438891336 30 17 0 33 44 100 7 7 0
 10.90015851559937 16 10 0 23 47 100 7 7 0
 10.83517438702549 17 9 0 59 33 100 7 7 0
 10.81533608444587 18 12 0 14 33 100 7 7 0
 10.8255858972395 18 12 0 7 39 100 7 7 0
 10.80762586513402 18 11 0 9 17 100 7 7 0
 10.77881573693972 14 9 0 21 31 100 7 7 0
 10.7211696794386 14 10 0 19 11 100 7 7 0
 10.73101600474508 16 12 0 31 33 100 7 7 0
 10.72451936187342 13 9 0 39 67 100 7 7 0
 10.6933248019971 15 10 0 20 25 100 7 7 0
 10.54402732936728 15 11 0 9 22 100 7 7 0
 10.30990258204964 15 11 0 1 3 100 7 7 0
 9.989344777638976 15 11 1 40 17 93 56 49 8
 9.891469589001217 15 11 0 13 28 100 7 7 0
 9.717035197842771 16 10 0 9 6 100 7 7 0
 9.347547590800783 22 12 0 34 28 100 7 7 0
 9.201320478536569 60 48 1 21 11 64 86 50 601
 8.760973637123277 135 115 1 20 14 66 81 47 1045
 8.381438050518861 84 68 1 29 19 71 83 54 1123
 8.559869090590123 74 54 1 14 36 81 76 57 196
 7.787353348186509 25 17 1 23 14 86 57 43 21
 7.766185836417423 18 13 0 20 19 100 7 7 0
 7.845297782166356 19 11 0 17 42 100 7 7 0
 7.851948916444922 21 14 0 17 36 100 7 7 0
 7.83172850893928 18 13 0 36 31 100 7 7 0
 7.972125599321338 17 12 0 21 44 100 7 7 0
 7.733579656060724 20 14 1 36 31 97 61 59 11
 7.694045900480256 14 10 0 27 42 100 7 7 0
 7.732308769359955 13 9 1 7 3 97 53 50 7
 7.853579177040301 21 17 0 16 6 100 7 7 0
 7.855313835394 22 20 1 3 6 94 54 49 124
 8.261921951283036 41 22 1 19 0 96 59 54 4
 7.870109959145332 70 32 1 23 44 99 59 57 59
 8.293850126746577 56 37 1 19 0 99 51 50 1
 8.778767908023521 42 38 0 26 6 100 7 7 0
 8.714579966183255 63 37 1 17 6 99 50 49 1
 8.442032735419351 24 20 0 4 17 100 7 7 0
 8.195725188427017 33 25 0 19 17 100 7 7 0
 8.003699036092442 104 74 0 36 44 100 7 7 0
 7.975016906138015 20 12 0 13 31 100 7 7 0
 8.12915822932974 21 16 0 24 42 100 7 7 0
 8.02713222562584 23 19 0 17 14 100 7 7 0
 8.009698441360294 33 27 1 19 14 96 57 53 8
 7.99491109161488 47 38 1 27 31 96 59 54 484
 7.903187688918769 45 38 1 40 47 94 50 44 137
 7.933653863654896 51 41 1 7 6 90 56 46 45
 7.962725929627612 22 0 0 0 0 0 0 0 0


# name: timeElapsed
# type: scalar
1298.919830083847


# name: evaluation
# type: matrix
# rows: 1
# columns: 3
 0.6416666666666667 0.703125 0.6521739130434783


# name: contractionConstant
# type: scalar
0.6


# name: minStateDiff
# type: scalar
1e-07


# name: minErrorAccDiff
# type: scalar
1e-07


