# Created by Octave 3.6.2, Thu May 23 17:41:28 2013 CEST <alex@desktop>
# name: trainStats
# type: matrix
# rows: 51
# columns: 10
 10.83801004499497 11 7 0 0 0 100 7 7 0
 11.0659945421613 37 30 0 54 61 100 7 7 0
 10.88566331110133 201 201 0 16 25 100 7 7 0
 10.93768754415841 201 8 0 24 39 100 7 7 0
 11.02389400447369 201 18 0 26 47 100 7 7 0
 10.86718154975513 201 68 1 30 19 63 100 63 3917
 10.84409844707962 201 7 0 39 39 100 7 7 0
 10.85818030482362 201 9 0 24 28 100 7 7 0
 10.83185332571502 201 12 1 36 31 93 56 49 22
 10.82911236867025 201 14 1 21 44 60 89 49 9653
 10.82548618787123 201 14 1 27 14 57 93 50 1887
 10.82055415444368 201 21 1 33 22 80 74 54 100
 10.82241435018362 201 23 1 16 47 83 67 50 549
 10.79514286472122 201 27 1 31 3 66 86 51 3131
 10.775131763577 201 24 1 20 11 84 80 64 691
 10.77813176705299 201 71 1 19 56 73 86 59 6659
 10.80963542419992 201 14 1 27 17 94 70 64 201
 10.7994248944399 201 201 1 16 11 71 86 57 109
 10.77803881091839 201 41 0 34 14 100 7 7 0
 10.82459866651669 201 10 0 23 61 100 7 7 0
 10.76998937637881 201 22 0 23 31 100 7 7 0
 10.76641120971408 201 201 0 43 17 100 7 7 0
 10.78689578502716 201 201 0 23 39 100 7 7 0
 10.75097180337096 201 201 0 26 14 100 7 7 0
 10.73595150978197 201 201 0 17 56 100 7 7 0
 10.7818106285968 201 201 0 4 31 100 7 7 0
 10.82997507706609 201 32 0 46 11 100 7 7 0
 10.73143659106211 201 201 0 30 58 100 7 7 0
 10.81108067536757 201 201 0 19 14 100 7 7 0
 10.7813122208943 201 201 0 43 42 100 7 7 0
 10.73312186269122 201 201 0 27 22 100 7 7 0
 10.77575980115244 201 201 0 3 19 100 7 7 0
 10.7463658503702 201 201 0 77 22 100 7 7 0
 10.72157042438518 201 201 0 6 28 100 7 7 0
 10.7526066552359 201 201 0 41 14 100 7 7 0
 10.72015059130297 201 201 0 19 36 100 7 7 0
 10.72982187393413 201 201 0 31 6 100 7 7 0
 10.70174782043569 201 201 0 7 31 100 7 7 0
 10.72459267360222 201 201 0 64 19 100 7 7 0
 10.75969890615257 201 201 0 10 28 100 7 7 0
 10.68677276123798 201 201 0 9 39 100 7 7 0
 10.68958800522035 201 201 0 57 3 100 7 7 0
 10.67800779040405 201 201 0 10 19 100 7 7 0
 10.68199138758892 201 201 0 27 61 100 7 7 0
 10.70688484332223 201 201 0 11 6 100 7 7 0
 10.64545140162612 201 201 0 17 61 100 7 7 0
 10.70818586376929 201 201 0 16 6 100 7 7 0
 10.62180402369771 201 201 0 26 42 100 7 7 0
 10.65215322859324 201 201 0 3 47 100 7 7 0
 10.62248962055946 201 201 0 29 42 100 7 7 0
 10.61096553315437 201 0 0 0 0 0 0 0 0


# name: timeElapsed
# type: scalar
5793.139473199844


# name: evaluation
# type: matrix
# rows: 1
# columns: 3
 0.6416666666666667 0.6326530612244898 0.8985507246376812


# name: contractionConstant
# type: scalar
0.6


# name: minStateDiff
# type: scalar
1e-08


# name: minErrorAccDiff
# type: scalar
1e-08


