# Created by Octave 3.6.2, Thu May 23 20:13:15 2013 CEST <alex@desktop>
# name: trainStats
# type: matrix
# rows: 51
# columns: 10
 10.83801004499186 9 6 0 0 0 100 7 7 0
 11.06599454111841 31 26 0 54 61 100 7 7 0
 10.8618395122161 201 201 0 19 25 100 7 7 0
 10.79587066034447 201 17 0 46 58 100 7 7 0
 10.91522428483119 67 46 0 23 28 100 7 7 0
 10.8395234083228 28 18 0 39 31 100 7 7 0
 10.82841113403073 42 23 0 36 19 100 7 7 0
 10.83074557984198 20 13 0 11 58 100 7 7 0
 10.82569046449609 37 25 0 36 28 100 7 7 0
 10.82206952176992 16 11 0 9 39 100 7 7 0
 10.81748587738165 18 12 0 33 36 100 7 7 0
 10.81057021760058 11 7 0 27 22 100 7 7 0
 10.80867858349743 13 8 0 9 17 100 7 7 0
 10.7971775588665 15 9 0 27 25 100 7 7 0
 10.7881548723647 20 13 0 9 31 100 7 7 0
 10.76397544695143 25 18 0 4 25 100 7 7 0
 10.7112754728541 16 12 0 1 11 100 7 7 0
 10.75629996288397 12 9 0 17 28 100 7 7 0
 10.68620979577067 13 9 0 19 22 100 7 7 0
 10.46244517466612 14 11 0 14 8 100 7 7 0
 10.21488824873798 13 10 0 16 25 100 7 7 0
 10.01101298203745 11 9 0 10 8 100 7 7 0
 9.922544681885686 11 7 0 24 25 100 7 7 0
 9.554570433935986 12 9 1 36 17 99 44 43 20
 9.399736203500971 12 10 0 33 67 100 7 7 0
 9.240924507128378 10 8 0 24 11 100 7 7 0
 9.23514795203096 10 8 0 30 28 100 7 7 0
 8.9233883417168 11 8 0 14 22 100 7 7 0
 8.798313882189772 11 8 0 1 6 100 7 7 0
 8.680778889085365 11 8 0 9 28 100 7 7 0
 8.395849935752182 12 10 0 9 3 100 7 7 0
 8.28803553736876 12 10 0 1 11 100 7 7 0
 8.225079164345265 11 10 0 11 36 100 7 7 0
 8.230096878508329 11 9 0 13 14 100 7 7 0
 8.951488179142578 11 8 0 54 22 100 7 7 0
 8.122101333506519 12 10 0 7 25 100 7 7 0
 7.941601420220415 12 9 0 33 28 100 7 7 0
 8.416114423191402 14 12 0 30 22 100 7 7 0
 7.933818254528764 11 9 0 17 33 100 7 7 0
 7.900073868689614 12 9 0 17 19 100 7 7 0
 7.977294238237357 13 10 0 27 17 100 7 7 0
 7.802907420485791 13 10 0 10 25 100 7 7 0
 7.872252372872042 14 11 0 24 11 100 7 7 0
 7.816221152289152 22 14 0 3 31 100 7 7 0
 8.103258437491535 50 38 0 41 19 100 7 7 0
 7.876298910326047 82 45 1 24 50 100 53 53 6
 8.284496253012845 38 29 1 34 31 99 49 47 6
 7.821957835485493 53 36 1 16 50 99 61 60 2
 8.167247282027088 42 31 1 36 22 91 53 44 19
 7.536918010721551 67 42 1 9 25 93 47 40 9
 7.597188292248417 67 0 0 0 0 0 0 0 0


# name: timeElapsed
# type: scalar
1130.327302932739


# name: evaluation
# type: matrix
# rows: 1
# columns: 3
 0.75 0.8823529411764706 0.6521739130434783


# name: contractionConstant
# type: scalar
1.2


# name: minStateDiff
# type: scalar
1e-07


# name: minErrorAccDiff
# type: scalar
1e-07


