# Created by Octave 3.6.2, Thu May 23 06:53:53 2013 CEST <alex@desktop>
# name: trainStats
# type: matrix
# rows: 51
# columns: 10
 10.83801004499498 11 7 0 0 0 100 7 7 0
 11.06599454219231 35 30 0 54 61 100 7 7 0
 10.90065945833893 201 201 0 17 25 100 7 7 0
 11.01383785777325 201 15 0 47 64 100 7 7 0
 10.85618036558708 201 41 0 17 36 100 7 7 0
 10.76412345054701 201 201 0 41 6 100 7 7 0
 10.86634039359428 201 201 0 26 47 100 7 7 0
 11.00663645979466 201 201 0 21 42 100 7 7 0
 10.83127158159829 201 201 0 17 53 100 7 7 0
 10.80964914928726 201 201 0 14 17 100 7 7 0
 10.75541646662897 201 201 0 37 14 100 7 7 0
 10.57796090141119 142 107 0 9 3 100 7 7 0
 10.3829508010326 65 52 0 14 33 100 7 7 0
 10.43116753075847 30 23 0 19 17 100 7 7 0
 10.30876184250091 154 123 0 13 8 100 7 7 0
 10.48766989258653 28 22 0 30 36 100 7 7 0
 10.52623524470859 42 36 0 16 42 100 7 7 0
 10.59325315704778 26 23 0 21 8 100 7 7 0
 10.62817487922974 45 38 0 24 53 100 7 7 0
 10.58032442307784 41 34 0 27 17 100 7 7 0
 10.65801534122889 48 44 0 21 8 100 7 7 0
 10.61067361385651 47 39 0 7 6 100 7 7 0
 10.54062833108543 28 23 0 19 11 100 7 7 0
 10.39639253897998 32 27 0 24 11 100 7 7 0
 10.37400736320491 29 22 0 31 11 100 7 7 0
 10.27349229826219 33 39 0 33 22 100 7 7 0
 10.21983434307121 52 46 0 27 17 100 7 7 0
 10.11767289950789 34 30 0 26 42 100 7 7 0
 10.05867656554756 26 21 0 39 17 100 7 7 0
 9.97190737389765 27 44 0 20 14 100 7 7 0
 9.844707816411766 201 79 0 23 22 100 7 7 0
 9.715127742666926 26 24 0 7 3 100 7 7 0
 9.604996480640297 34 25 0 13 8 100 7 7 0
 9.533021731934179 49 30 0 21 3 100 7 7 0
 9.657843429757403 22 16 0 11 31 100 7 7 0
 9.644290647832488 36 28 0 6 39 100 7 7 0
 9.789302162558432 201 50 0 17 28 100 7 7 0
 9.412672732622768 201 201 0 31 19 100 7 7 0
 9.472414015440211 201 201 1 1 17 100 50 50 1
 9.807628331614685 201 201 1 10 17 94 60 54 1989
 9.767735947346729 201 201 0 36 11 100 7 7 0
 9.550774324140956 201 36 0 19 0 100 7 7 0
 9.379287858819607 70 60 0 11 6 100 7 7 0
 9.417746530164479 25 20 0 17 25 100 7 7 0
 9.35397853235731 20 15 0 10 39 100 7 7 0
 9.253127701428085 19 16 0 27 44 100 7 7 0
 9.237866053365165 22 19 0 16 11 100 7 7 0
 9.215740412077144 23 17 0 30 31 100 7 7 0
 9.1789062636142 25 21 0 14 44 100 7 7 0
 9.126244929888291 25 18 0 7 22 100 7 7 0
 9.018113355389543 28 0 0 0 0 0 0 0 0


# name: timeElapsed
# type: scalar
2862.369760036469


# name: evaluation
# type: matrix
# rows: 1
# columns: 3
 0.6416666666666667 0.703125 0.6521739130434783


# name: contractionConstant
# type: scalar
1.2


# name: minStateDiff
# type: scalar
1e-08


# name: minErrorAccDiff
# type: scalar
1e-08


