# Created by Octave 3.6.2, Fri May 24 00:58:40 2013 CEST <alex@desktop>
# name: trainStats
# type: matrix
# rows: 51
# columns: 10
 10.83801004499495 11 7 0 0 0 100 7 7 0
 11.06599454216574 35 30 0 54 61 100 7 7 0
 10.90960515511592 201 201 0 16 25 100 7 7 0
 10.92824217299412 201 33 0 34 56 100 7 7 0
 10.84336751695978 201 10 0 20 39 100 7 7 0
 10.84624481206563 201 72 0 34 31 100 7 7 0
 10.83448934963555 182 116 0 37 39 100 7 7 0
 10.82938091577839 201 15 0 23 42 100 7 7 0
 10.82617390635934 201 201 0 51 47 100 7 7 0
 10.81453744752217 201 201 0 20 22 100 7 7 0
 10.80831292930697 49 36 0 16 11 100 7 7 0
 10.78503656641086 201 201 0 16 22 100 7 7 0
 10.87509503820819 201 28 0 26 42 100 7 7 0
 10.94767887908557 201 21 0 21 44 100 7 7 0
 10.85697248156928 201 16 0 46 6 100 7 7 0
 10.82122008069904 201 14 0 19 17 100 7 7 0
 10.81568532097815 201 17 0 34 36 100 7 7 0
 10.80942507509005 201 18 0 16 11 100 7 7 0
 10.78928552970729 201 21 0 20 17 100 7 7 0
 10.75597100510402 201 201 0 47 19 100 7 7 0
 10.70369956666486 201 84 0 21 25 100 7 7 0
 10.75831734525139 201 78 0 43 53 100 7 7 0
 10.67842737148886 201 201 0 13 19 100 7 7 0
 10.64603889387254 201 201 0 24 0 100 7 7 0
 10.53196068456374 201 201 0 17 25 100 7 7 0
 10.4992046813282 201 170 1 31 0 89 63 51 9
 10.40756124727357 201 201 1 10 3 73 80 53 114
 10.28375324549028 201 201 1 19 14 49 94 43 252
 10.40984556421664 201 201 1 27 53 77 64 41 199
 10.48647849311786 201 201 1 17 8 64 84 49 76
 10.45809909182959 201 201 1 24 25 91 64 56 37
 10.29965658903576 201 201 1 9 3 94 67 61 341
 10.23653892735367 201 201 1 24 22 67 91 59 22508
 10.16780005416922 201 201 1 13 0 91 67 59 41
 9.98383946298501 201 201 1 26 3 67 83 50 99
 10.00200814078082 201 201 1 19 14 91 63 54 27
 10.60970826450792 201 201 1 27 6 90 71 61 41
 11.30392478488743 201 201 1 27 14 87 64 51 173
 11.67171391626892 201 201 1 17 3 70 87 57 326
 11.58468864480955 201 201 1 11 3 59 97 56 1071
 11.21858834168106 201 201 1 6 17 67 97 64 21669
 10.9316456945778 160 143 1 1 3 57 99 56 13476
 10.83796709741796 133 122 1 7 28 43 99 41 19477
 10.74482671094385 131 115 1 17 11 44 96 40 3410
 10.55523875130014 201 160 1 11 17 59 94 53 2890
 10.35892347453555 117 88 1 10 33 56 93 49 2677
 10.18304651039402 96 75 1 17 17 41 93 34 1069
 10.05143933876547 201 201 1 23 19 53 90 43 2376
 10.78048191809583 73 60 1 13 42 71 89 60 2011
 10.37506020203621 201 189 1 14 6 73 93 66 1616
 10.46489760289991 201 0 0 0 0 0 0 0 0


# name: timeElapsed
# type: scalar
5559.23030591011


# name: evaluation
# type: matrix
# rows: 1
# columns: 3
 0.725 0.8333333333333334 0.6521739130434783


# name: contractionConstant
# type: scalar
0.6


# name: minStateDiff
# type: scalar
1e-08


# name: minErrorAccDiff
# type: scalar
1e-08


