# Created by Octave 3.6.2, Thu May 23 19:20:04 2013 CEST <alex@desktop>
# name: trainStats
# type: matrix
# rows: 51
# columns: 10
 10.83801004499479 10 6 0 0 0 100 7 7 0
 11.06599454140178 32 26 0 54 61 100 7 7 0
 10.84449850276072 201 201 0 26 25 100 7 7 0
 11.02869620040631 201 201 0 30 53 100 7 7 0
 10.82104309714794 201 201 0 46 17 100 7 7 0
 10.80572233001816 201 201 0 27 36 100 7 7 0
 10.79410311384669 201 201 1 33 50 76 71 47 730
 10.74008203612456 201 201 0 24 36 100 7 7 0
 10.77682591720846 201 201 0 44 31 100 7 7 0
 10.80794378089464 201 201 0 29 31 100 7 7 0
 10.84711984127297 201 20 0 27 64 100 7 7 0
 10.80818757566951 201 201 0 19 14 100 7 7 0
 10.81880442898009 201 201 0 33 19 100 7 7 0
 10.81515791795731 201 201 0 21 31 100 7 7 0
 10.87911989390874 201 201 0 44 28 100 7 7 0
 10.8161230573982 201 201 0 29 22 100 7 7 0
 10.83086147098511 201 201 0 39 6 100 7 7 0
 10.83012123204016 201 201 1 36 11 99 70 69 3
 10.81459618088499 201 62 0 37 42 100 7 7 0
 10.83109432534625 201 201 0 31 47 100 7 7 0
 10.80605032512784 201 201 0 33 17 100 7 7 0
 10.79476292806884 201 201 0 20 17 100 7 7 0
 10.80118406587286 201 141 0 39 33 100 7 7 0
 10.79004472213138 201 201 0 7 8 100 7 7 0
 10.77729942574252 201 201 0 24 8 100 7 7 0
 10.7502769918537 201 201 1 16 25 89 56 44 54
 10.77546140912803 201 72 1 21 36 69 70 39 728
 10.74962075544941 201 36 1 13 44 71 81 53 192
 10.73088390919344 201 25 1 23 6 56 90 46 2336
 10.69713584771657 201 23 1 17 17 86 64 50 296
 10.7577848808634 201 16 1 27 33 73 74 47 152
 10.69568189690696 201 16 1 11 0 79 81 60 239
 10.66788414433955 201 19 1 11 47 76 63 39 1255
 10.64611745374459 201 201 1 29 0 87 76 63 114
 10.7378950729411 201 32 1 16 72 81 76 57 1882
 10.65749879375274 201 39 1 16 0 69 80 49 10660
 10.61681240664662 201 134 1 11 64 83 77 60 5267
 10.73850918226162 201 101 1 9 25 79 81 60 522
 10.66314636482867 201 33 1 16 0 79 77 56 8952
 10.78909126075343 201 201 1 9 22 86 76 61 315
 10.68027825248766 201 201 1 13 14 81 76 57 905
 10.59910738998528 201 196 1 19 11 69 89 57 6177
 10.7302960664951 201 201 1 6 58 69 77 46 1605
 10.74742391124389 201 181 1 13 14 83 77 60 4415
 10.89661403485616 201 95 1 11 17 77 67 44 3833
 10.79949768256537 201 57 1 17 14 66 86 51 33698
 10.71518577480871 201 140 1 14 6 86 79 64 17694
 10.72395730989009 201 201 1 24 33 91 56 47 101
 10.55081093595951 201 107 1 34 42 77 61 39 1232
 10.61910785363026 201 201 1 14 8 93 44 37 1769
 10.73372517617811 201 0 0 0 0 0 0 0 0


# name: timeElapsed
# type: scalar
5916.268821954727


# name: evaluation
# type: matrix
# rows: 1
# columns: 3
 0.575 0.576271186440678 0.9855072463768116


# name: contractionConstant
# type: scalar
0.6


# name: minStateDiff
# type: scalar
1e-07


# name: minErrorAccDiff
# type: scalar
1e-07


