# Created by Octave 3.6.2, Thu May 23 01:18:08 2013 CEST <alex@desktop>
# name: trainStats
# type: matrix
# rows: 51
# columns: 10
 10.838010044995 11 7 0 0 0 100 7 7 0
 11.06599454217913 37 30 0 54 61 100 7 7 0
 10.74261299035826 201 201 0 27 19 100 7 7 0
 10.87734901380431 142 112 0 27 44 100 7 7 0
 10.96808263973133 20 15 0 21 50 100 7 7 0
 10.88771182093407 24 19 0 14 22 100 7 7 0
 10.81795296597588 32 22 0 36 36 100 7 7 0
 10.77383329523721 15 10 0 27 22 100 7 7 0
 11.04488451551315 13 10 0 36 53 100 7 7 0
 10.91010112240791 15 10 0 53 47 100 7 7 0
 10.81825821536608 14 9 0 0 47 100 7 7 0
 10.79773180560185 13 8 0 17 25 100 7 7 0
 10.77937010050814 22 16 0 50 33 100 7 7 0
 10.78331253761566 19 14 0 9 33 100 7 7 0
 10.75903274101342 47 42 0 40 14 100 7 7 0
 10.72827405271014 80 67 0 13 67 100 7 7 0
 11.14444777612116 30 25 1 41 17 63 91 54 120
 11.00690190917499 23 18 1 17 11 100 51 51 0
 10.76859328740723 88 98 1 36 6 66 87 53 359
 10.66198948067865 46 43 1 19 44 89 73 61 1654
 10.52112513539029 49 44 1 31 0 89 61 50 127
 10.34097856688474 46 39 1 30 22 81 76 57 1381
 10.23501246933129 99 107 1 21 14 83 70 53 238
 10.06260310317027 201 201 0 39 22 100 7 7 0
 10.14071639548644 201 201 1 23 6 99 51 50 1
 10.44857143139678 201 201 0 44 47 100 7 7 0
 9.871069717336047 201 201 0 10 8 100 7 7 0
 9.990815978860208 201 201 0 36 39 100 7 7 0
 9.975718293076801 201 201 0 11 28 100 7 7 0
 9.92847196463406 201 201 0 24 36 100 7 7 0
 9.952564904836922 190 132 0 20 33 100 7 7 0
 9.922649747683206 179 131 0 3 17 100 7 7 0
 10.07950762764242 134 110 0 16 11 100 7 7 0
 10.27971342902854 84 118 0 21 14 100 7 7 0
 10.45294531691737 96 156 1 16 6 90 67 57 27
 10.63292785341421 201 201 1 24 6 73 81 54 1227
 10.52327241553683 201 201 1 20 8 89 63 51 339
 10.47543696726069 201 201 1 14 14 71 80 51 735
 10.44054058239198 201 201 1 10 22 70 80 50 5850
 10.41497003343919 201 201 1 30 17 89 60 49 81
 10.42893735975537 201 201 1 10 11 70 81 51 348
 10.42368999846223 201 201 1 7 8 77 79 56 4772
 10.439784432747 201 201 1 9 6 76 73 49 182
 10.37077372434168 201 201 1 14 8 74 73 47 411
 10.46472959585053 201 201 1 33 17 97 56 53 50
 10.70804773918594 201 201 1 29 25 94 61 56 11
 10.60043106940101 201 201 1 29 19 96 63 59 9
 10.51613207310847 201 201 1 27 6 99 60 59 5
 10.31017878278015 201 201 1 29 36 71 83 54 183
 10.22689411189879 201 201 1 29 19 96 60 56 88
 10.54903608487611 201 0 0 0 0 0 0 0 0


# name: timeElapsed
# type: scalar
3894.736413002014


# name: evaluation
# type: matrix
# rows: 1
# columns: 3
 0.4916666666666666 0.5384615384615384 0.8115942028985508


# name: contractionConstant
# type: scalar
0.9


# name: minStateDiff
# type: scalar
1e-08


# name: minErrorAccDiff
# type: scalar
1e-08


