# Created by Octave 3.6.2, Thu May 23 09:52:37 2013 CEST <alex@desktop>
# name: trainStats
# type: matrix
# rows: 51
# columns: 10
 10.83801004499501 11 7 0 0 0 100 7 7 0
 11.06599454217409 36 30 0 54 61 100 7 7 0
 10.75063237316273 201 201 0 29 19 100 7 7 0
 11.56047831635287 201 45 0 30 67 100 7 7 0
 10.91230682447688 201 9 0 40 11 100 7 7 0
 10.87803937141833 201 29 0 26 50 100 7 7 0
 10.8715367144562 201 178 0 29 47 100 7 7 0
 10.82801736499415 178 129 0 13 33 100 7 7 0
 10.83426914043842 201 186 0 40 44 100 7 7 0
 10.80574578847422 201 201 0 14 39 100 7 7 0
 10.81190341711656 201 201 0 13 39 100 7 7 0
 10.79684966363522 201 201 0 14 6 100 7 7 0
 10.66985510811794 201 201 0 13 50 100 7 7 0
 10.55732182683026 201 201 0 10 8 100 7 7 0
 10.42365466596813 201 201 1 17 8 100 54 54 2
 10.16288713042059 201 201 1 20 14 76 70 46 99
 10.15378290925787 107 69 1 9 64 74 74 49 126
 10.11201554421167 192 142 1 24 6 91 59 50 10
 10.36301709790388 201 201 1 23 17 64 93 57 214
 10.48326342981832 201 201 1 29 33 86 69 54 74
 10.46728441559447 201 201 1 17 28 64 91 56 335
 10.47072138039715 201 201 1 36 17 90 67 57 4
 10.5882080249503 201 201 0 30 25 100 7 7 0
 10.56169938541061 201 201 1 24 22 99 66 64 40
 10.57371160978415 201 201 0 20 14 100 7 7 0
 10.36462005103977 66 62 0 13 36 100 7 7 0
 10.19942854746884 28 25 0 14 8 100 7 7 0
 10.04047511769539 29 22 0 14 14 100 7 7 0
 9.861652953493918 28 20 0 17 6 100 7 7 0
 9.685379630927063 28 21 0 16 8 100 7 7 0
 9.799497458598321 64 52 1 16 11 89 56 44 248
 9.646274038011448 115 105 0 14 28 100 7 7 0
 9.844830777801741 201 201 1 57 28 93 61 54 27
 9.864406812881533 99 98 1 11 19 93 63 56 9
 10.46837892927827 201 201 1 20 25 99 69 67 5
 10.59420590219878 60 52 0 17 25 100 7 7 0
 10.68636404177612 89 69 0 6 8 100 7 7 0
 10.75997232450192 201 201 0 1 11 100 7 7 0
 10.82814016997173 201 201 0 46 25 100 7 7 0
 10.48663233005846 201 201 0 19 14 100 7 7 0
 10.45778125297477 201 201 0 16 42 100 7 7 0
 10.43298713688301 201 201 0 20 25 100 7 7 0
 10.35385193969286 201 201 0 26 28 100 7 7 0
 10.02918842499496 201 201 0 17 6 100 7 7 0
 9.936505634151709 201 201 0 11 19 100 7 7 0
 9.89661075587901 201 122 0 14 25 100 7 7 0
 9.544912214829703 201 104 0 19 14 100 7 7 0
 9.488354874563424 201 201 0 33 31 100 7 7 0
 9.931691720251644 201 201 0 41 17 100 7 7 0
 9.493871590510141 201 201 0 14 50 100 7 7 0
 9.632940484009342 201 0 0 0 0 0 0 0 0


# name: timeElapsed
# type: scalar
4961.575182199478


# name: evaluation
# type: matrix
# rows: 1
# columns: 3
 0.4666666666666667 1 0.07246376811594203


# name: contractionConstant
# type: scalar
0.9


# name: minStateDiff
# type: scalar
1e-08


# name: minErrorAccDiff
# type: scalar
1e-08


