# Created by Octave 3.6.2, Thu May 23 00:13:13 2013 CEST <alex@desktop>
# name: trainStats
# type: matrix
# rows: 51
# columns: 10
 10.83801004499453 10 6 0 0 0 100 7 7 0
 11.06599454274108 33 26 0 54 61 100 7 7 0
 10.80591065560677 201 201 0 14 28 100 7 7 0
 10.96082229981844 201 9 0 33 53 100 7 7 0
 10.86505108882917 201 9 0 19 19 100 7 7 0
 10.87899010252994 201 201 1 27 39 96 54 50 11
 10.8954064743057 201 201 1 27 36 99 44 43 0
 10.79419490065811 201 201 1 24 28 91 59 50 260
 10.83905856493652 201 201 1 36 56 83 59 41 122
 10.77735189035708 201 201 1 20 28 76 70 46 3787
 10.75826053646989 201 201 1 20 28 83 74 57 5353
 10.94030889219908 29 16 0 49 39 100 7 7 0
 10.84071250445335 201 201 1 21 17 99 51 50 0
 10.86272290494886 201 201 1 36 53 100 47 47 0
 10.80100225882362 201 201 1 24 8 90 69 59 4149
 10.78892680935074 201 201 1 39 8 89 61 50 1512
 10.78074472489923 201 201 1 16 53 91 61 53 4092
 10.69920701483055 201 201 1 30 14 91 67 59 2066
 10.56140476407974 178 111 0 20 11 100 7 7 0
 10.65302685523155 201 201 1 27 6 89 64 53 1275
 10.78465071076969 201 201 1 37 44 91 61 53 22
 10.60167948665534 104 82 1 24 28 61 86 47 581
 10.55415032280631 201 201 1 11 28 60 83 43 1357
 10.63564648777883 146 119 1 31 39 84 59 43 3734
 10.65538173119598 54 44 1 14 6 96 47 43 9
 10.6805627291489 52 39 0 13 19 100 7 7 0
 10.66569919722767 61 46 0 16 39 100 7 7 0
 10.69285867631935 73 49 0 3 19 100 7 7 0
 10.68925635320275 103 75 0 14 31 100 7 7 0
 10.75651467740605 114 87 0 17 28 100 7 7 0
 11.1601139774354 201 201 1 24 14 99 57 56 7
 11.39200878143221 201 201 1 39 14 99 47 46 0
 11.68724920554912 201 201 1 31 3 96 41 37 0
 10.89871211282878 201 201 1 33 6 96 54 50 31
 11.13761512536588 201 201 1 19 3 96 57 53 0
 11.05571552609189 201 201 1 34 11 90 60 50 51
 10.91555236778433 201 201 1 27 31 96 51 47 77
 10.82766691180792 201 201 1 13 0 93 57 50 6
 10.89438493850588 201 201 1 49 8 91 69 60 21
 10.87759250133908 201 201 1 19 3 94 67 61 86
 10.79098455196914 201 201 1 39 8 99 57 56 0
 10.6690096800727 201 201 1 26 3 94 49 43 23
 10.61570423408837 201 201 1 34 17 89 69 57 33
 10.56329770103354 201 201 1 27 11 81 60 41 67
 10.49975000823796 201 201 1 34 0 97 50 47 21
 10.48922357163449 201 201 1 31 11 89 69 57 16
 10.29569411414475 201 201 1 24 8 90 60 50 745
 10.15805595832917 201 201 1 34 6 94 54 49 96
 10.0183475128127 201 201 1 27 19 100 49 49 0
 10.12489119542454 201 201 1 37 19 96 67 63 31
 9.72069920621507 201 0 0 0 0 0 0 0 0


# name: timeElapsed
# type: scalar
6191.324186086655


# name: evaluation
# type: matrix
# rows: 1
# columns: 3
 0.5166666666666667 0.6279069767441861 0.391304347826087


# name: contractionConstant
# type: scalar
1.2


# name: minStateDiff
# type: scalar
1e-07


# name: minErrorAccDiff
# type: scalar
1e-07


