# Created by Octave 3.6.2, Thu May 23 13:34:37 2013 CEST <alex@desktop>
# name: trainStats
# type: matrix
# rows: 51
# columns: 10
 10.838010044995 11 7 0 0 0 100 7 7 0
 11.06599454210479 37 30 0 54 61 100 7 7 0
 10.7697860969944 201 201 0 29 19 100 7 7 0
 10.8843076881202 30 21 0 24 44 100 7 7 0
 11.15472460653513 14 11 0 16 56 100 7 7 0
 10.86424641448407 19 14 0 16 28 100 7 7 0
 10.8838819489148 14 10 0 46 33 100 7 7 0
 11.18339417461174 16 13 0 23 42 100 7 7 0
 11.35387694341639 19 15 1 46 28 83 66 49 205
 11.0813299604686 16 12 1 20 17 97 33 30 0
 10.84263008351383 18 13 1 27 44 80 71 51 11741
 10.80937903781957 20 14 1 13 8 79 83 61 1203
 10.82250244509566 17 11 1 10 61 96 61 57 28
 10.83123502118593 13 9 0 21 17 100 7 7 0
 10.79597819915022 13 8 0 10 67 100 7 7 0
 10.83005760353395 12 8 0 20 17 100 7 7 0
 10.7815494161548 14 10 0 6 58 100 7 7 0
 10.72281447610329 16 12 0 13 0 100 7 7 0
 10.64602834940174 16 14 0 3 11 100 7 7 0
 10.66623441594327 14 9 0 3 25 100 7 7 0
 10.73920130854643 12 8 0 17 22 100 7 7 0
 11.01366625030966 20 10 0 17 31 100 7 7 0
 10.86328191380031 11 5 0 39 0 100 7 7 0
 10.78340214872009 22 16 1 33 97 71 73 44 257
 10.92235071228237 16 11 1 33 3 79 86 64 590639
 10.75492167580965 159 185 1 31 44 83 69 51 1698509
 10.80284921094408 24 17 1 16 14 73 71 44 42401
 10.83250502861531 17 9 0 40 61 100 7 7 0
 11.05300006500966 25 19 1 24 11 94 49 43 2472
 11.00818953866525 26 11 0 46 28 100 7 7 0
 11.08250070815127 30 18 1 16 6 87 57 44 18748
 11.01377167321631 46 41 0 61 14 100 7 7 0
 10.92668436097616 48 18 1 11 17 97 57 54 23253
 10.92514249979649 23 16 1 27 0 96 67 63 5001
 10.90954320076786 30 21 0 16 19 100 7 7 0
 10.86708509169326 39 14 1 26 6 81 76 57 2628
 10.83896045737752 26 19 1 27 28 67 67 34 39055
 10.8055415545662 39 19 1 20 25 69 83 51 13574
 10.78039798176336 31 10 1 6 50 69 86 54 10068
 10.77219968406066 53 40 1 24 6 87 77 64 5318
 10.75832045556366 24 10 1 19 44 94 71 66 1629
 10.88209647375796 34 14 0 60 3 100 7 7 0
 10.78048091919136 29 11 1 14 6 86 67 53 959
 10.76789059812826 22 12 1 26 8 90 76 66 76763
 10.80358074698166 44 13 1 10 72 94 66 60 946
 10.80120118386497 34 12 0 16 8 100 7 7 0
 10.80462037341523 72 11 0 29 69 100 7 7 0
 10.80464735002892 52 11 0 39 6 100 7 7 0
 10.80619499486102 93 69 0 21 19 100 7 7 0
 10.79958722027839 29 11 0 30 25 100 7 7 0
 10.79424245617053 54 0 0 0 0 0 0 0 0


# name: timeElapsed
# type: scalar
1272.92536687851


# name: evaluation
# type: matrix
# rows: 1
# columns: 3
 0.575 0.575 1


# name: contractionConstant
# type: scalar
1.2


# name: minStateDiff
# type: scalar
1e-08


# name: minErrorAccDiff
# type: scalar
1e-08


