# Created by Octave 3.6.2, Thu May 23 02:54:37 2013 CEST <alex@desktop>
# name: trainStats
# type: matrix
# rows: 51
# columns: 10
 10.83801004499476 10 6 0 0 0 100 7 7 0
 11.06599454222645 32 26 0 54 61 100 7 7 0
 10.80969771807519 201 201 0 14 25 100 7 7 0
 11.00604839622813 201 6 0 37 53 100 7 7 0
 11.05607915344065 201 24 0 16 47 100 7 7 0
 10.81744582466042 201 41 0 37 19 100 7 7 0
 10.99620170784064 201 5 0 20 69 100 7 7 0
 10.80143972447974 201 4 0 16 17 100 7 7 0
 10.89757520919485 201 25 0 36 61 100 7 7 0
 10.82168077627326 201 5 0 30 17 100 7 7 0
 10.8195523017148 201 73 0 27 22 100 7 7 0
 10.81885742856974 201 13 0 44 11 100 7 7 0
 10.80117896691644 201 10 0 14 0 100 7 7 0
 10.86546012157702 201 36 0 40 83 100 7 7 0
 10.83164322733317 201 8 0 10 0 100 7 7 0
 10.81732315313574 201 124 0 24 17 100 7 7 0
 10.80747839394354 201 14 0 29 56 100 7 7 0
 10.80700940032482 201 52 0 19 6 100 7 7 0
 10.79887331847313 201 53 0 33 8 100 7 7 0
 10.77414006971619 201 47 0 17 22 100 7 7 0
 10.69721037929794 201 201 0 23 19 100 7 7 0
 10.67760526179663 201 201 0 36 19 100 7 7 0
 10.53795612412176 201 149 0 26 8 100 7 7 0
 10.38686160458669 201 201 0 29 11 100 7 7 0
 10.32965133807258 201 146 0 23 11 100 7 7 0
 10.03085058740793 201 201 0 40 17 100 7 7 0
 9.935507921395763 201 201 0 14 11 100 7 7 0
 9.869975074285369 201 201 0 11 19 100 7 7 0
 10.31951254872921 201 201 0 41 36 100 7 7 0
 9.981082919899489 201 201 0 6 39 100 7 7 0
 9.708320458548821 201 107 0 59 8 100 7 7 0
 9.544418953121099 201 37 0 20 39 100 7 7 0
 9.422956652095246 201 201 0 21 8 100 7 7 0
 9.656362292070366 201 201 0 21 39 100 7 7 0
 9.506260021658338 201 201 0 27 14 100 7 7 0
 9.487147984515273 201 201 0 34 11 100 7 7 0
 9.705039666348064 201 201 0 29 36 100 7 7 0
 9.281753891921499 201 201 0 39 56 100 7 7 0
 9.391030604557681 201 201 0 31 8 100 7 7 0
 9.64586563574383 201 201 0 27 44 100 7 7 0
 9.300799270978864 201 201 0 19 28 100 7 7 0
 9.173863188114856 201 201 0 27 36 100 7 7 0
 9.17497964525368 201 201 0 19 3 100 7 7 0
 9.163336138887527 201 201 0 56 67 100 7 7 0
 9.290396724835258 201 201 0 19 28 100 7 7 0
 9.319688420195121 201 201 0 33 3 100 7 7 0
 9.255544299828438 201 201 0 11 42 100 7 7 0
 9.206399500336744 201 201 0 41 6 100 7 7 0
 9.087787373232223 201 201 0 31 25 100 7 7 0
 9.400336699770138 201 201 0 54 14 100 7 7 0
 9.159722948352922 201 0 0 0 0 0 0 0 0


# name: timeElapsed
# type: scalar
5789.405982017517


# name: evaluation
# type: matrix
# rows: 1
# columns: 3
 0.7 0.8 0.6376811594202898


# name: contractionConstant
# type: scalar
0.9


# name: minStateDiff
# type: scalar
1e-07


# name: minErrorAccDiff
# type: scalar
1e-07


