# Created by Octave 3.6.2, Thu May 23 13:13:24 2013 CEST <alex@desktop>
# name: trainStats
# type: matrix
# rows: 51
# columns: 10
 10.83801004499487 10 6 0 0 0 100 7 7 0
 11.06599454301047 32 26 0 54 61 100 7 7 0
 10.82664068702534 201 201 0 24 28 100 7 7 0
 10.99939695849154 201 74 0 34 53 100 7 7 0
 10.82621376293597 201 9 0 37 36 100 7 7 0
 10.7911428642769 201 12 0 34 33 100 7 7 0
 10.84221693471978 201 35 0 33 39 100 7 7 0
 10.94589140360456 201 12 0 20 33 100 7 7 0
 10.85583558191782 201 73 0 34 8 100 7 7 0
 10.87066679790577 168 129 0 10 44 100 7 7 0
 10.83222673894867 18 14 1 17 19 83 73 56 107
 10.80335092782756 13 9 1 24 47 56 99 54 28391
 10.72551924530872 24 17 1 10 6 70 90 60 1633
 10.80421913781579 17 13 1 26 58 64 93 57 143
 10.7662695389326 47 34 1 16 8 61 93 54 5978
 10.88314754125863 32 25 1 13 44 61 93 54 238
 10.86739020631654 61 49 1 14 22 67 96 63 385
 10.81854566404793 201 201 1 31 56 97 56 53 573
 10.79137030247028 40 30 1 21 25 59 89 47 43
 10.82207451668592 55 41 0 19 53 100 7 7 0
 10.81913697533956 16 11 0 3 22 100 7 7 0
 10.80215164128126 10 6 0 1 53 100 7 7 0
 10.79122920373742 8 4 0 10 6 100 7 7 0
 10.78165759209329 7 4 0 21 17 100 7 7 0
 10.77879146691871 8 4 0 19 17 100 7 7 0
 10.77866321063618 10 5 0 6 0 100 17 17 0
 10.78847544887241 25 12 0 1 17 100 17 17 0
 11.26015444615684 201 201 1 46 25 86 70 56 16742
 11.11879984133406 201 201 1 17 14 86 69 54 2193610
 11.18655427995211 201 201 1 33 6 89 60 49 94
 11.07850092926248 201 33 1 27 0 70 86 56 1723
 11.08543374008292 201 201 1 17 11 83 84 67 2990
 11.11102300022086 201 201 1 33 8 76 73 49 208
 11.19049827505747 201 201 1 30 42 90 67 57 10
 11.00823969836796 201 201 1 14 3 70 83 53 443
 10.98426971533701 201 113 1 29 22 57 77 34 346
 10.93133585979248 201 201 1 23 22 54 94 49 1276
 10.85324244413519 201 82 1 20 22 56 93 49 368
 10.77995060705891 201 48 1 26 0 56 96 51 641
 10.69246224098553 201 60 1 24 0 50 99 49 3653
 10.62555783879053 201 109 1 27 8 59 93 51 544
 10.54649384506093 201 75 1 16 17 54 91 46 363
 10.43366918513644 201 110 1 14 17 74 91 66 1296
 10.26523939910046 201 105 1 4 19 66 89 54 94
 10.09714800524046 201 201 1 23 3 67 76 43 124
 9.919431260967487 201 201 1 20 17 69 86 54 473
 9.794666073599595 201 201 1 29 25 84 73 57 16
 9.762856500755857 201 201 1 30 8 86 67 53 28
 9.526246362583574 201 201 1 19 53 86 60 46 16
 9.696358599017247 201 201 1 27 19 86 46 31 13
 9.37187794586637 201 0 0 0 0 0 0 0 0


# name: timeElapsed
# type: scalar
4337.342258930206


# name: evaluation
# type: matrix
# rows: 1
# columns: 3
 0.5416666666666666 0.5673076923076923 0.855072463768116


# name: contractionConstant
# type: scalar
0.6


# name: minStateDiff
# type: scalar
1e-07


# name: minErrorAccDiff
# type: scalar
1e-07


