# Created by Octave 3.6.2, Wed May 22 22:30:02 2013 CEST <alex@desktop>
# name: trainStats
# type: matrix
# rows: 51
# columns: 10
 10.83801004499503 11 7 0 0 0 100 7 7 0
 11.0659945422036 37 30 0 54 61 100 7 7 0
 10.80260132669603 201 201 0 23 25 100 7 7 0
 10.77711427604276 201 39 0 36 22 100 7 7 0
 10.9681167011677 36 28 0 26 53 100 7 7 0
 10.84020367104048 104 76 0 19 36 100 7 7 0
 11.05443061054861 201 201 0 29 42 100 7 7 0
 10.94840760456799 201 201 0 36 22 100 7 7 0
 10.82990832207415 201 194 0 34 28 100 7 7 0
 10.82838628332537 201 201 0 37 17 100 7 7 0
 10.67253090726216 201 144 0 17 14 100 7 7 0
 10.52498419599685 201 201 0 26 33 100 7 7 0
 10.29743644658722 117 71 0 20 17 100 7 7 0
 10.13827400293382 201 201 0 40 28 100 7 7 0
 10.02346956524623 201 56 0 7 31 100 7 7 0
 9.973527649842842 201 201 0 23 17 100 7 7 0
 9.996675991563162 201 201 0 26 14 100 7 7 0
 10.03434161734199 201 188 0 16 22 100 7 7 0
 9.632258013250624 201 173 0 6 17 100 7 7 0
 9.369542974599344 201 201 0 27 14 100 7 7 0
 9.368336832173014 201 150 0 21 3 100 7 7 0
 9.49222151381467 201 201 0 36 6 100 7 7 0
 9.830105074258476 201 201 0 46 3 100 7 7 0
 9.387997454657258 201 201 0 27 72 100 7 7 0
 9.283711830124647 201 201 0 14 6 100 7 7 0
 9.796834756003792 201 201 0 47 11 100 7 7 0
 9.074828450420448 201 60 0 10 28 100 7 7 0
 9.369746230843578 201 142 0 9 8 100 7 7 0
 9.292747284787463 201 201 0 14 14 100 7 7 0
 9.133347451420514 201 41 0 49 25 100 7 7 0
 9.437234088400281 201 40 0 24 44 100 7 7 0
 9.529286852451369 201 66 0 7 44 100 7 7 0
 9.589584859058217 201 36 0 11 6 100 7 7 0
 9.4615392146282 201 36 0 23 14 100 7 7 0
 9.229212162086368 201 27 0 19 58 100 7 7 0
 9.377729638906963 201 28 0 0 11 100 7 7 0
 9.433855940144126 201 27 0 57 25 100 7 7 0
 9.342941893100303 201 25 0 0 6 100 7 7 0
 9.35790229895364 201 22 0 10 22 100 7 7 0
 9.286603884584908 201 21 0 17 39 100 7 7 0
 9.07123757287755 201 21 0 9 6 100 7 7 0
 9.08898891206063 201 21 1 30 47 96 69 64 23
 9.040137474909624 201 20 1 6 31 91 67 59 55
 9.19851094020126 201 20 1 50 64 86 63 49 1383
 8.66060032355584 201 32 1 0 0 77 74 51 195
 8.661355772541519 201 201 1 6 42 86 67 53 276
 8.511335889984448 201 201 1 23 17 94 54 49 2
 8.593039655816979 201 201 1 21 36 97 49 46 4
 8.586417236151542 201 201 1 27 36 93 67 60 5
 8.374715125779243 201 201 1 26 0 97 56 53 1
 8.43155565814773 201 0 0 0 0 0 0 0 0


# name: timeElapsed
# type: scalar
6674.022250175476


# name: evaluation
# type: matrix
# rows: 1
# columns: 3
 0.6333333333333333 0.6923076923076923 0.6521739130434783


# name: contractionConstant
# type: scalar
1.2


# name: minStateDiff
# type: scalar
1e-08


# name: minErrorAccDiff
# type: scalar
1e-08


