# Created by Octave 3.6.2, Thu May 23 06:06:11 2013 CEST <alex@desktop>
# name: trainStats
# type: matrix
# rows: 51
# columns: 10
 10.83801004499544 9 6 0 0 0 100 7 7 0
 11.06599454150562 31 26 0 54 61 100 7 7 0
 10.88380470033741 201 201 0 20 28 100 7 7 0
 10.87459544695288 201 10 0 17 56 100 7 7 0
 11.06957605036696 201 25 0 27 33 100 7 7 0
 10.85260641756118 201 8 0 21 39 100 7 7 0
 10.80730607904377 201 14 0 27 36 100 7 7 0
 11.17341321052451 201 5 0 31 50 100 7 7 0
 10.84388718920565 201 6 0 27 8 100 7 7 0
 10.83341339793493 201 14 0 26 58 100 7 7 0
 10.81963943336847 201 11 0 33 3 100 7 7 0
 10.8024286626473 201 7 0 17 47 100 7 7 0
 10.7807522219209 201 12 0 43 6 100 7 7 0
 10.79343971621963 201 33 1 19 28 69 77 46 186
 10.80168863268208 201 106 1 39 14 60 93 53 2225
 10.767137638847 201 8 0 26 11 100 7 7 0
 10.83650924130709 201 6 0 24 61 100 7 7 0
 10.72273582194946 201 27 1 21 0 76 86 61 1553
 10.82227579314913 201 8 0 27 92 100 7 7 0
 10.70899869122595 201 29 1 34 3 74 81 56 328
 10.67894365678866 201 12 1 21 64 99 63 61 63
 10.60290289679423 201 104 1 14 25 81 67 49 5912
 10.57385397859695 201 9 0 26 14 100 7 7 0
 10.56048067553026 201 11 0 29 11 100 7 7 0
 10.53575599777376 201 11 0 27 28 100 7 7 0
 10.49932586302979 201 11 0 17 36 100 7 7 0
 10.44241930173195 201 12 0 27 17 100 7 7 0
 10.50254174571996 201 14 0 26 64 100 7 7 0
 10.37550539623265 201 16 0 23 8 100 7 7 0
 10.39413444879922 201 20 0 19 47 100 7 7 0
 10.33034008401896 201 63 1 14 19 99 67 66 0
 10.2843983208201 201 201 0 53 47 100 7 7 0
 10.13565647046152 201 36 0 29 17 100 7 7 0
 10.2318700006383 201 37 0 16 47 100 7 7 0
 10.26097470735266 201 107 0 30 0 100 7 7 0
 10.14376590403906 201 201 0 39 6 100 7 7 0
 10.05061062060661 201 82 0 26 39 100 7 7 0
 9.912668296504435 201 201 0 17 33 100 7 7 0
 10.03431372742521 201 201 1 41 14 97 40 37 26
 9.822561654616491 201 201 1 9 42 99 57 56 0
 9.797712541977996 201 201 0 33 42 100 7 7 0
 9.803057818562765 201 201 1 17 28 99 60 59 0
 9.958837670720808 201 201 0 20 6 100 7 7 0
 9.876758376030873 201 201 0 10 42 100 7 7 0
 9.821885532565295 201 201 0 33 6 100 7 7 0
 9.687706830038589 201 201 0 13 6 100 7 7 0
 9.860224732264181 201 201 0 11 8 100 7 7 0
 9.683332320164482 201 201 0 36 8 100 7 7 0
 9.65782637092738 201 201 1 33 8 99 41 40 0
 9.861826117344224 201 201 0 30 19 100 7 7 0
 9.689260796161356 201 0 0 0 0 0 0 0 0


# name: timeElapsed
# type: scalar
5793.566024065018


# name: evaluation
# type: matrix
# rows: 1
# columns: 3
 0.6083333333333333 0.6617647058823529 0.6521739130434783


# name: contractionConstant
# type: scalar
0.6


# name: minStateDiff
# type: scalar
1e-07


# name: minErrorAccDiff
# type: scalar
1e-07


