# Created by Octave 3.6.2, Thu May 23 23:26:01 2013 CEST <alex@desktop>
# name: trainStats
# type: matrix
# rows: 51
# columns: 10
 10.83801004499466 10 6 0 0 0 100 7 7 0
 11.06599454245908 33 26 0 54 61 100 7 7 0
 10.92865166390422 201 201 0 19 28 100 7 7 0
 11.04181354732311 201 6 0 37 58 100 7 7 0
 10.96954094517874 201 7 0 36 42 100 7 7 0
 10.84936465687344 201 13 0 20 33 100 7 7 0
 10.83264413815109 201 201 0 33 33 100 7 7 0
 10.78125394851073 201 201 0 24 33 100 7 7 0
 10.79642692573353 201 201 1 34 39 79 70 49 26
 10.75303458911381 201 28 0 26 39 100 7 7 0
 10.78627194207209 201 21 0 17 28 100 7 7 0
 10.83780174744495 201 21 0 29 0 100 7 7 0
 10.84899666426157 201 12 0 30 64 100 7 7 0
 10.85185486501008 201 12 0 11 14 100 7 7 0
 10.86253572235226 201 9 0 44 61 100 7 7 0
 10.89895380505469 201 11 0 21 17 100 7 7 0
 10.87488364671789 201 8 0 26 28 100 7 7 0
 10.90643175477099 201 201 0 26 17 100 7 7 0
 10.90339801640273 201 194 0 29 25 100 7 7 0
 10.85685733649257 201 72 0 23 36 100 7 7 0
 10.77384530168255 201 122 0 30 19 100 7 7 0
 10.72364469089825 201 49 0 11 14 100 7 7 0
 10.68795099104463 201 52 0 20 33 100 7 7 0
 10.7349863988985 201 26 0 31 25 100 7 7 0
 10.78748993259324 201 123 0 26 3 100 7 7 0
 10.84317890039788 201 10 0 29 36 100 7 7 0
 10.90152416880797 201 10 0 21 17 100 7 7 0
 10.94880207864311 201 9 0 7 6 100 7 7 0
 10.95465817162373 201 10 0 29 53 100 7 7 0
 10.86610557982317 201 11 0 16 8 100 7 7 0
 10.77598587865071 201 13 0 33 17 100 7 7 0
 10.64597517178417 201 14 0 34 39 100 7 7 0
 10.66808419746698 201 14 0 16 19 100 7 7 0
 10.74189302156266 201 47 0 19 31 100 7 7 0
 10.98438608553398 201 15 0 33 39 100 7 7 0
 11.44355950661056 201 14 0 29 33 100 7 7 0
 11.80480310346263 201 126 0 16 3 100 7 7 0
 11.84672974178912 201 103 0 30 17 100 7 7 0
 11.38396617346833 201 201 0 10 17 100 7 7 0
 10.64830377609105 201 201 0 26 31 100 7 7 0
 10.23881632738733 201 64 0 54 11 100 7 7 0
 10.23931454187714 201 201 0 10 44 100 7 7 0
 10.29761754007798 201 201 0 6 14 100 7 7 0
 10.31970699692205 201 73 0 4 11 100 7 7 0
 10.38767725348288 201 201 0 16 17 100 7 7 0
 10.60749057618952 201 14 0 11 8 100 7 7 0
 11.48129926065472 201 15 0 24 53 100 7 7 0
 12.39957243975355 201 53 0 24 6 100 7 7 0
 12.75060242223372 201 201 0 21 14 100 7 7 0
 12.56435187209263 201 185 0 16 6 100 7 7 0
 12.1297254709196 201 0 0 0 0 0 0 0 0


# name: timeElapsed
# type: scalar
5794.327126979828


# name: evaluation
# type: matrix
# rows: 1
# columns: 3
 0.625 0.6764705882352942 0.6666666666666666


# name: contractionConstant
# type: scalar
0.9


# name: minStateDiff
# type: scalar
1e-07


# name: minErrorAccDiff
# type: scalar
1e-07


