# Created by Octave 3.6.2, Thu May 23 15:33:02 2013 CEST <alex@desktop>
# name: trainStats
# type: matrix
# rows: 51
# columns: 10
 10.83801004499501 11 7 0 0 0 100 7 7 0
 11.06599454226416 36 30 0 54 61 100 7 7 0
 10.85635758843008 201 201 0 20 28 100 7 7 0
 10.89767829006998 201 13 0 36 58 100 7 7 0
 10.83140456014827 201 10 0 23 25 100 7 7 0
 10.98295834336428 201 56 1 37 36 56 84 40 1063
 10.8496040598888 201 201 0 29 28 100 7 7 0
 10.90846037543721 201 201 1 30 39 90 56 46 18
 10.82846783172042 201 201 1 14 17 89 66 54 777
 10.78580623593078 201 201 1 41 39 93 47 40 4038
 10.79548211028536 201 201 1 27 14 89 59 47 1142
 10.6953124394981 201 201 1 26 8 96 64 60 328
 10.51213729888703 201 57 0 29 17 100 7 7 0
 10.55433905777581 201 201 0 36 14 100 7 7 0
 10.31631269384847 201 43 0 26 6 100 7 7 0
 10.42420602965958 201 26 0 34 61 100 7 7 0
 10.53352234849757 201 35 0 13 14 100 7 7 0
 10.61709450499701 201 60 0 41 14 100 7 7 0
 10.70447062080207 201 107 1 13 6 94 54 49 11
 10.64093061573108 201 201 1 41 61 71 64 36 435
 10.96324596349022 201 107 1 19 36 84 67 51 464
 11.15517117040664 201 59 1 21 3 64 90 54 2595
 11.03896484949434 201 58 1 11 31 77 76 53 469
 11.14737399391101 201 157 1 31 6 71 79 50 1834
 11.02502963560496 201 85 1 9 3 70 76 46 852
 10.92569011641073 201 201 1 27 25 76 89 64 2058
 10.60037214406164 201 201 1 11 17 76 86 61 3004
 10.57536158645284 201 201 1 36 39 87 67 54 174
 10.55002856315224 201 201 1 27 31 89 57 46 1424
 10.50279633838517 201 201 1 24 39 96 69 64 147
 10.37104910028943 201 201 1 24 22 91 61 53 870
 10.78103585977351 201 201 1 23 44 93 67 60 36
 10.50441029471294 201 201 1 31 3 90 63 53 71
 10.46759457645308 201 201 1 17 14 93 61 54 68
 10.68305125593236 201 201 1 20 14 93 63 56 57
 10.51700139203468 201 201 1 29 47 91 41 33 241
 10.44708741265333 201 201 1 36 22 90 66 56 2808
 10.31390988452896 201 201 1 16 6 94 53 47 431
 10.29565689155748 201 201 1 50 42 93 70 63 2783
 10.27926914650295 201 201 1 13 22 84 73 57 1037
 10.51927085180169 201 201 1 24 44 94 77 71 120
 10.3540373245189 201 201 1 16 28 93 70 63 3113
 10.32392211008662 201 201 1 34 3 94 70 64 1112
 10.26016305665608 201 201 1 40 25 96 60 56 700
 10.10372713943653 201 201 1 14 19 91 64 56 596
 9.99745539979132 201 201 1 21 33 94 66 60 1161
 10.14731223913796 201 201 1 20 11 93 67 60 2549
 10.16849996834441 201 201 1 9 22 93 79 71 417
 10.25175137086224 201 201 1 6 11 94 73 67 97
 10.19256167219231 201 201 1 43 14 87 59 46 405
 10.19559112345533 201 0 0 0 0 0 0 0 0


# name: timeElapsed
# type: scalar
5888.969407081604


# name: evaluation
# type: matrix
# rows: 1
# columns: 3
 0.5833333333333334 0.5855855855855856 0.9420289855072463


# name: contractionConstant
# type: scalar
0.9


# name: minStateDiff
# type: scalar
1e-08


# name: minErrorAccDiff
# type: scalar
1e-08


