# Created by Octave 3.6.2, Thu May 23 10:37:42 2013 CEST <alex@desktop>
# name: trainStats
# type: matrix
# rows: 51
# columns: 10
 10.8380100449939 9 6 0 0 0 100 7 7 0
 11.06599454159276 32 26 0 54 61 100 7 7 0
 10.81518207530131 201 201 0 23 28 100 7 7 0
 10.85140186155479 201 201 0 31 53 100 7 7 0
 10.80235047715932 47 38 0 40 25 100 7 7 0
 10.92524433109096 26 20 0 23 33 100 7 7 0
 10.85543616026562 201 201 0 29 25 100 7 7 0
 10.8973077598697 50 36 0 11 64 100 7 7 0
 10.8638695672057 18 14 1 33 6 59 91 50 1118
 10.77045578987028 16 10 1 19 31 66 89 54 5932
 10.73298259663204 21 14 1 27 19 41 100 41 6298
 10.67938135342497 38 27 1 4 28 41 100 41 17271
 10.52859333671054 55 47 1 16 14 51 100 51 82340
 10.30329924578631 89 46 1 7 19 41 96 37 10775
 10.04593558321024 96 89 1 19 6 37 96 33 2332
 10.0282538289488 72 55 1 19 39 46 93 39 4175
 9.807174105570761 201 201 1 19 6 69 66 34 3955
 9.859186301553041 201 201 1 27 47 49 97 46 6385
 11.19400356076648 201 147 1 11 28 41 90 31 274
 10.40944008450505 201 201 1 27 11 87 81 69 185
 11.17363146152083 201 97 1 19 0 61 83 44 358
 10.73138272415719 75 86 1 26 22 63 86 49 282
 10.74198897002578 115 87 1 1 58 63 87 50 425
 10.8983082357946 201 201 1 30 25 90 77 67 20
 10.91223929067302 201 201 1 20 39 89 79 67 20
 10.79766148106291 201 201 1 17 28 70 79 49 337
 11.39289628914195 201 201 1 14 28 83 76 59 88
 10.6393624593806 201 201 1 31 8 91 54 46 228
 11.3938383469562 85 80 1 10 14 87 71 59 2584
 11.43138773496937 15 11 0 14 0 100 7 7 0
 11.17144380453593 11 8 0 13 17 100 7 7 0
 10.88313697715832 19 15 0 30 3 100 7 7 0
 10.86464596901784 10 7 0 3 83 100 7 7 0
 10.92200375134957 9 5 0 40 3 100 7 7 0
 10.87728879069038 8 6 0 3 44 100 7 7 0
 10.9219676623718 9 6 0 1 28 100 7 7 0
 11.00821560787916 11 7 0 3 19 100 7 7 0
 11.1425838767379 13 9 0 26 14 100 7 7 0
 11.24215775223732 17 12 0 7 33 100 7 7 0
 11.26051467989626 26 18 0 14 3 100 7 7 0
 11.29888437923968 50 34 1 20 19 79 79 57 312316344083
 11.31245657160171 96 65 1 13 22 81 79 60 12415168682
 11.24991424728104 51 32 1 7 6 70 81 51 10073788759
 11.21569894894915 60 28 1 57 0 54 94 49 2512163190
 11.02586256296994 40 29 1 14 3 70 94 64 1378412786764
 10.9348591296439 34 21 1 33 28 54 84 39 23501623443
 10.8480890827485 33 25 1 29 19 60 97 57 476082287403
 10.76926089521649 36 28 1 30 6 66 93 59 18172940952199
 10.69108267899515 38 32 1 11 11 51 94 46 6679149790970
 10.62677209565478 46 40 1 11 17 60 87 47 338830783
 10.56308287530491 36 0 0 0 0 0 0 0 0


# name: timeElapsed
# type: scalar
2705.50932097435


# name: evaluation
# type: matrix
# rows: 1
# columns: 3
 0.6333333333333333 0.6923076923076923 0.6521739130434783


# name: contractionConstant
# type: scalar
0.9


# name: minStateDiff
# type: scalar
1e-07


# name: minErrorAccDiff
# type: scalar
1e-07


