# Created by Octave 3.6.2, Thu May 23 12:01:06 2013 CEST <alex@desktop>
# name: trainStats
# type: matrix
# rows: 51
# columns: 10
 10.83801004499498 11 7 0 0 0 100 7 7 0
 11.06599454217369 36 30 0 54 61 100 7 7 0
 10.88546283653537 201 201 0 11 25 100 7 7 0
 10.98592328848153 201 16 0 30 56 100 7 7 0
 10.84209489353481 201 18 1 26 25 90 63 53 159
 10.94881888287544 201 6 0 24 56 100 7 7 0
 10.83038081856386 201 50 1 37 28 71 80 51 51918
 10.91094649042305 201 10 0 33 22 100 7 7 0
 10.84151783605152 201 14 0 37 22 100 7 7 0
 10.82881020100379 201 201 1 17 58 77 84 61 125
 10.83886204932399 201 201 1 24 11 74 93 67 11359
 10.82327215952232 30 17 0 20 36 100 7 7 0
 10.81307207657218 23 15 0 20 17 100 7 7 0
 10.80764795585427 18 12 0 16 17 100 7 7 0
 10.8181417397007 12 8 0 20 58 100 7 7 0
 10.80775637573866 9 5 0 13 3 100 7 7 0
 10.80165281950391 10 7 0 23 14 100 7 7 0
 10.79447128381337 14 10 0 21 22 100 7 7 0
 10.78659255687077 23 17 1 24 19 64 86 50 338803560
 10.77784429748191 201 201 0 41 36 100 7 7 0
 10.76485587484589 201 201 0 16 8 100 7 7 0
 10.7442863705194 201 201 0 19 11 100 7 7 0
 10.7280777924294 201 25 0 16 33 100 7 7 0
 10.75607925798085 201 34 0 21 61 100 7 7 0
 10.71748930348222 201 8 1 20 17 94 47 41 86709388
 10.72184456254369 201 28 1 23 22 76 57 33 394082707
 10.70167983739893 201 8 1 17 6 77 73 50 5673001342
 10.68715257444733 201 201 1 11 22 66 73 39 33384
 10.6858636904314 201 22 0 34 17 100 7 7 0
 10.61124428685214 201 42 0 17 39 100 7 7 0
 10.66141115997372 201 201 0 54 44 100 7 7 0
 10.59371952289953 201 39 0 17 33 100 7 7 0
 10.62969769935413 201 19 0 17 61 100 7 7 0
 10.60722108586788 201 36 0 26 11 100 7 7 0
 10.61768666346979 201 132 0 31 39 100 7 7 0
 10.60170024631594 201 66 0 13 58 100 7 7 0
 10.57769155594783 201 78 0 33 42 100 7 7 0
 10.61702953252184 201 33 0 1 53 100 7 7 0
 10.53323976669224 201 55 0 47 31 100 7 7 0
 10.60460968627657 201 67 0 4 25 100 7 7 0
 10.57956623692036 201 90 0 43 3 100 17 17 0
 10.60340658120028 201 48 0 4 22 100 17 17 0
 10.55197952612525 201 50 0 26 0 100 17 17 0
 10.5867708131485 201 55 0 30 33 100 17 17 0
 10.58831284867674 201 82 0 26 36 100 17 17 0
 10.54564211023458 201 61 0 19 0 100 17 17 0
 10.54004490587101 201 171 0 19 8 100 17 17 0
 10.60482705740164 201 201 0 7 0 100 17 17 0
 10.59960720324585 201 201 0 16 0 100 17 17 0
 10.63248771186229 201 152 0 13 11 100 17 17 0
 10.64120558567523 201 0 0 0 0 0 0 0 0


# name: timeElapsed
# type: scalar
5003.946863174438


# name: evaluation
# type: matrix
# rows: 1
# columns: 3
 0.65 0.6363636363636364 0.9130434782608695


# name: contractionConstant
# type: scalar
0.6


# name: minStateDiff
# type: scalar
1e-08


# name: minErrorAccDiff
# type: scalar
1e-08


