# Created by Octave 3.6.2, Fri May 24 04:50:10 2013 CEST <alex@desktop>
# name: trainStats
# type: matrix
# rows: 51
# columns: 10
 10.83801004499402 9 6 0 0 0 100 7 7 0
 11.06599454244702 33 26 0 54 61 100 7 7 0
 10.84514167939371 201 201 0 36 25 100 7 7 0
 10.85978662396483 20 10 0 31 50 100 7 7 0
 10.8789028316673 34 20 0 33 36 100 7 7 0
 10.82906451206111 201 137 0 49 22 100 7 7 0
 10.7961401216507 17 12 0 20 39 100 7 7 0
 10.79257189393214 17 13 0 14 31 100 7 7 0
 10.7911473151805 14 10 0 9 31 100 7 7 0
 10.76883025958131 18 13 0 20 25 100 7 7 0
 10.76197073716848 29 21 0 10 39 100 7 7 0
 10.81968866989319 16 11 0 36 61 100 7 7 0
 10.80564505222072 18 13 0 21 39 100 7 7 0
 10.73039683335955 16 11 0 24 44 100 7 7 0
 10.67177513019907 17 12 0 20 17 100 7 7 0
 10.53849414603088 15 11 0 23 19 100 7 7 0
 10.284286429166 15 11 0 13 0 100 7 7 0
 10.02993918120228 13 10 0 19 8 100 7 7 0
 9.515438135675252 15 12 0 29 33 100 7 7 0
 9.793986578781469 14 11 0 46 36 100 7 7 0
 9.235889049912483 18 13 0 30 44 100 7 7 0
 9.290235772361243 16 12 0 41 33 100 7 7 0
 8.925903637935225 19 13 0 19 39 100 7 7 0
 8.810783887125524 20 15 0 9 8 100 7 7 0
 8.846649704662928 24 18 0 13 11 100 7 7 0
 8.805871121289512 25 23 1 20 3 90 60 50 7
 8.882438037857737 38 30 1 11 19 87 66 53 15
 8.93675937814756 78 35 1 23 36 74 93 67 107
 9.100745953003198 62 44 1 21 11 80 69 49 129
 8.935934186688756 201 201 1 24 28 66 93 59 519
 8.734243386180111 193 148 1 20 28 71 94 66 7265
 9.004137071764386 133 196 1 9 47 70 89 59 68177
 8.898687309229878 51 106 1 11 8 69 96 64 5242
 8.771239936366774 98 101 1 7 11 60 94 54 17804
 9.077872702334272 107 53 1 16 28 66 91 57 463
 9.321795667943821 68 53 1 3 17 69 86 54 1398
 9.603124616080345 201 95 1 24 19 74 81 56 509
 9.791475654554681 79 201 1 17 33 79 91 70 552
 10.15649888337624 201 201 1 24 3 93 77 70 51
 10.4565198920349 201 68 1 11 3 67 96 63 2722
 10.04484268380559 157 102 1 21 0 67 84 51 6423
 9.650707965810614 82 201 1 14 8 83 74 57 7171
 9.590439162521902 201 201 1 24 36 86 79 64 264000
 9.483286745654677 201 97 1 19 8 70 96 66 6478779
 9.353142471156055 201 110 1 14 14 54 97 51 1557758
 9.397923228453244 201 201 1 20 33 66 84 50 129228
 9.531345549465952 201 114 1 27 0 51 90 41 51525
 9.791169333366714 201 201 1 30 25 79 76 54 1047
 9.629666026710007 201 201 1 17 3 57 81 39 38904614
 9.625669885496828 201 201 1 31 8 83 61 44 190
 9.308582348524462 201 0 0 0 0 0 0 0 0


# name: timeElapsed
# type: scalar
2896.925420999527


# name: evaluation
# type: matrix
# rows: 1
# columns: 3
 0.6166666666666667 0.6716417910447762 0.6521739130434783


# name: contractionConstant
# type: scalar
1.2


# name: minStateDiff
# type: scalar
1e-07


# name: minErrorAccDiff
# type: scalar
1e-07


