# Created by Octave 3.6.2, Fri May 24 06:05:39 2013 CEST <alex@desktop>
# name: trainStats
# type: matrix
# rows: 51
# columns: 10
 10.83801004499472 10 6 0 0 0 100 7 7 0
 11.06599454178313 32 26 0 54 61 100 7 7 0
 10.8772969278661 201 201 0 13 25 100 7 7 0
 11.02179463789698 201 4 0 40 58 100 7 7 0
 10.88159152106775 201 6 0 17 28 100 7 7 0
 10.81494270760645 201 5 0 33 53 100 7 7 0
 10.84058979900273 201 58 0 39 39 100 7 7 0
 10.85167424858062 201 30 1 23 36 56 96 51 9077
 10.82969860469839 201 14 0 37 39 100 7 7 0
 10.82662309718734 201 10 0 17 11 100 7 7 0
 10.81268446604487 201 6 0 19 58 100 7 7 0
 10.80902173594178 201 10 0 9 3 100 7 7 0
 10.83656720424857 20 12 0 20 22 100 7 7 0
 10.83755201391819 12 8 0 16 31 100 7 7 0
 10.83168950046152 12 8 0 17 14 100 7 7 0
 10.82471574035822 14 10 0 0 6 100 7 7 0
 10.81115852254757 39 25 0 19 3 100 7 7 0
 10.79303292738385 26 19 0 20 11 100 7 7 0
 10.77070519196974 37 27 0 14 33 100 7 7 0
 10.8138142978502 27 20 0 43 8 100 7 7 0
 10.68652690600116 21 16 0 0 25 100 7 7 0
 10.42319605171592 16 12 0 19 8 100 7 7 0
 10.34384058706736 16 11 0 17 3 100 7 7 0
 9.996525564595807 14 10 0 6 33 100 7 7 0
 9.810181189542567 14 10 1 13 22 94 66 60 5
 9.414211916972103 15 12 1 17 3 79 70 49 119
 9.236948306579681 17 14 1 34 31 56 100 56 3570
 8.729531217867288 47 47 1 10 19 59 100 59 133006
 8.683856515823129 94 104 1 27 17 67 94 61 46290
 8.988134992977784 201 201 1 3 17 64 97 61 3656
 10.50547141106911 201 201 1 29 19 77 67 44 2987
 8.64893003421377 201 201 1 23 17 81 63 44 379
 8.803304927694702 27 29 1 23 33 51 100 51 615383
 9.116898216560008 23 18 1 19 25 81 76 57 337
 9.384337956263266 18 14 0 61 53 100 7 7 0
 8.705406438770954 18 12 1 10 22 63 90 53 13064
 8.833719555404128 15 12 1 47 31 79 71 50 599
 8.641336154503895 15 12 1 21 19 73 71 44 892
 8.654789712175473 17 12 1 36 19 79 71 50 636
 8.726880235392352 17 13 1 43 28 94 56 50 111
 8.608118850419315 17 11 1 24 8 74 66 40 476
 8.724423925918336 16 14 1 20 6 79 60 39 23637
 8.661751513872975 16 12 1 7 11 73 79 51 1673
 8.665590578797891 16 13 1 0 25 74 80 54 980
 8.668310097192609 16 12 1 21 8 77 69 46 1175
 8.796604956070228 18 17 1 23 11 89 53 41 16085
 8.710106392030763 16 13 1 14 6 57 84 41 8303
 8.697873493408849 16 12 1 13 8 57 87 44 10946
 8.727113922427419 19 15 1 14 0 79 77 56 36288
 8.67886807027149 16 12 1 31 50 74 80 54 16808
 8.716511455944952 19 0 0 0 0 0 0 0 0


# name: timeElapsed
# type: scalar
2229.005422115326


# name: evaluation
# type: matrix
# rows: 1
# columns: 3
 0.65 0.7142857142857143 0.6521739130434783


# name: contractionConstant
# type: scalar
0.9


# name: minStateDiff
# type: scalar
1e-07


# name: minErrorAccDiff
# type: scalar
1e-07


