# Created by Octave 3.6.2, Fri May 24 07:03:09 2013 CEST <alex@desktop>
# name: trainStats
# type: matrix
# rows: 51
# columns: 10
 10.83801004499498 11 7 0 0 0 100 7 7 0
 11.06599454211791 37 30 0 54 61 100 7 7 0
 10.84441084059142 201 201 0 20 28 100 7 7 0
 10.86814876094875 201 10 0 33 50 100 7 7 0
 10.92084395144543 201 201 1 30 39 69 76 44 547
 10.84846082256181 201 25 1 30 36 67 91 59 297
 10.84078361813184 201 66 1 14 42 50 100 50 71784
 10.83240144434415 53 39 1 29 31 56 97 53 1114
 10.84432503263076 201 201 1 29 50 81 76 57 956
 10.83134617523204 201 13 1 27 36 84 84 69 83
 10.8316372689861 201 31 1 24 28 61 100 61 31262
 10.84142360658604 201 33 1 13 47 50 96 46 124213
 10.84439695009792 201 36 1 16 8 53 100 53 2225
 10.82409533276784 201 14 1 31 64 51 97 49 4295
 10.81819258671197 201 15 1 40 8 63 86 49 61727
 10.86383737700617 201 18 1 24 53 46 93 39 2555
 10.82274195030266 55 28 1 31 17 41 96 37 24639
 10.8266187783965 25 12 1 29 31 51 94 46 11566
 10.82860753875391 75 43 1 24 6 53 90 43 179440
 10.81771940007821 188 139 1 14 44 61 97 59 31315
 10.82789006615603 24 11 1 40 33 56 96 51 44728
 10.80119127933106 31 16 0 16 42 100 7 7 0
 10.78437149282379 118 66 1 29 11 41 97 39 69892
 10.88360760740411 201 13 1 29 75 39 100 39 202745
 10.82886167699899 19 6 0 33 11 100 7 7 0
 10.85888705858996 16 8 0 6 8 100 7 7 0
 10.82195883471884 21 8 0 43 44 100 7 7 0
 10.82302706236593 23 10 0 10 3 100 7 7 0
 10.81898443865312 16 9 0 30 19 100 7 7 0
 10.81279371602013 201 17 1 20 19 63 100 63 14983
 10.84191500725066 24 9 1 49 61 66 81 47 5357
 10.82198384761826 20 8 0 17 3 100 7 7 0
 10.81493175210954 21 9 1 33 31 70 84 54 24474
 10.81817030837746 26 11 1 23 6 54 96 50 5467
 10.81631304689017 23 11 1 16 36 46 91 37 10931
 10.81216791737674 23 11 1 4 3 54 99 53 16884
 10.80770788170513 30 13 1 11 61 66 89 54 2152
 10.80677116467957 39 19 1 10 3 46 100 46 7203
 10.80327258672436 201 201 1 17 64 57 94 51 12536
 10.79334964270879 77 49 1 21 25 49 99 47 1783
 10.78664289876728 201 178 1 16 25 57 99 56 4834
 10.80737459488696 46 21 1 24 31 40 100 40 9984
 10.78724593144649 192 155 1 6 0 49 100 49 11925
 10.77241999324831 201 201 1 37 47 47 99 46 21037
 10.79830156048336 66 38 1 11 0 56 100 56 6439
 10.79192690519399 60 33 1 17 0 57 100 57 5784
 10.78210676089939 48 19 1 24 0 43 100 43 3589
 10.76957926858397 67 30 1 1 0 40 100 40 7267
 10.75887794178294 60 26 1 20 0 59 99 57 4875
 10.752085960505 46 19 1 7 0 64 100 64 17276
 10.72386476062886 201 0 0 0 0 0 0 0 0


# name: timeElapsed
# type: scalar
3449.794214010239


# name: evaluation
# type: matrix
# rows: 1
# columns: 3
 0.575 0.575 1


# name: contractionConstant
# type: scalar
0.6


# name: minStateDiff
# type: scalar
1e-08


# name: minErrorAccDiff
# type: scalar
1e-08


