# Created by Octave 3.6.2, Thu May 23 19:54:25 2013 CEST <alex@desktop>
# name: trainStats
# type: matrix
# rows: 51
# columns: 10
 10.83801004499499 11 7 0 0 0 100 7 7 0
 11.06599454220825 38 30 0 54 61 100 7 7 0
 10.85075367122714 201 201 0 29 25 100 7 7 0
 10.85049283381567 201 13 0 36 47 100 7 7 0
 10.86294491887428 201 68 0 26 33 100 7 7 0
 10.81757802527978 201 10 0 27 31 100 7 7 0
 10.83958308963188 201 19 0 33 42 100 7 7 0
 10.80376972500445 201 54 0 30 19 100 7 7 0
 10.78512569813156 201 15 0 21 17 100 7 7 0
 10.70824119701922 201 49 0 34 17 100 7 7 0
 10.69308899286259 201 22 0 37 42 100 7 7 0
 10.61416858931288 201 201 0 11 19 100 7 7 0
 10.56207507405063 201 201 0 7 28 100 7 7 0
 10.42361420662487 193 184 0 30 14 100 7 7 0
 10.48714594156478 62 54 0 7 42 100 7 7 0
 10.37140746255266 34 27 0 29 33 100 7 7 0
 10.43654172326154 25 21 0 13 56 100 7 7 0
 10.43473020263084 16 12 0 51 31 100 7 7 0
 10.18485577453583 19 15 0 17 56 100 7 7 0
 10.00509661678321 14 11 0 14 28 100 7 7 0
 9.914067509708815 13 10 0 6 28 100 7 7 0
 9.927646679610111 12 9 0 16 47 100 7 7 0
 9.912679433832016 12 10 0 10 47 100 7 7 0
 9.757371447023706 14 12 0 21 33 100 7 7 0
 9.767563598607023 13 11 0 26 28 100 7 7 0
 10.44600760564614 12 9 0 29 44 100 7 7 0
 10.24514203119282 13 11 0 1 17 100 7 7 0
 10.52929200256717 13 10 0 9 11 100 7 7 0
 10.50361472080194 15 13 0 34 0 100 7 7 0
 10.52455163091265 15 13 0 11 33 100 7 7 0
 10.77402859898282 16 14 0 29 0 100 7 7 0
 10.66245312659003 19 16 0 17 14 100 7 7 0
 10.63414217740669 19 17 1 26 3 96 53 49 2
 10.53224719674782 16 14 1 20 19 97 54 51 1
 10.52910798844886 15 14 1 17 11 96 61 57 23
 10.61282325373116 16 15 1 16 6 97 54 51 1
 10.68162449192306 16 14 1 14 25 96 44 40 1
 10.62274764758197 18 14 0 13 3 100 7 7 0
 10.47710319461208 19 15 1 7 6 97 40 37 1
 10.16033809797592 16 15 1 9 17 97 53 50 14
 10.28448330436959 18 18 1 13 11 94 46 40 4
 10.11162011153196 19 18 1 11 6 96 56 51 1
 9.930019343023144 24 22 0 9 28 100 7 7 0
 9.869079102950673 24 21 0 16 0 100 7 7 0
 9.615094055437741 23 22 0 31 14 100 7 7 0
 9.709102468978347 21 19 0 14 22 100 7 7 0
 9.717654656061095 19 17 0 29 0 100 7 7 0
 9.739308582529453 19 18 0 11 47 100 7 7 0
 9.705798189265703 19 17 0 14 11 100 7 7 0
 9.718835241411947 27 23 0 39 58 100 7 7 0
 9.602295871024699 33 0 0 0 0 0 0 0 0


# name: timeElapsed
# type: scalar
2060.960916996002


# name: evaluation
# type: matrix
# rows: 1
# columns: 3
 0.6916666666666667 0.7758620689655172 0.6521739130434783


# name: contractionConstant
# type: scalar
1.2


# name: minStateDiff
# type: scalar
1e-08


# name: minErrorAccDiff
# type: scalar
1e-08


