# Created by Octave 3.6.2, Fri May 24 07:24:48 2013 CEST <alex@desktop>
# name: packedGnn
# type: scalar struct
# ndims: 2
 1 1
# length: 10
# name: transitionNet
# type: scalar struct
# ndims: 2
 1 1
# length: 15
# name: weights1
# type: matrix
# rows: 5
# columns: 7
 -0.06755471642096549 -0.05812997898298582 0.03888147864433736 0.09086156304896251 0.007485615589775757 -0.07512507285892382 -0.07996250066232617
 0.00351319569342548 0.08056887390213049 -0.0554176213927061 -0.06233366490747962 0.01600508285543331 -0.1152729251814344 0.03787831329117675
 0.1145921544005976 0.03712712845754029 -0.1224310480983792 -0.1164247328504885 -0.08214383092946613 0.1017419376465734 -0.05670429387128385
 0.118012829262137 0.0291430212324971 0.03993501722289475 -0.02134871226179356 0.009863757353290786 -0.02467540720406404 0.03805375287444374
 0.009486568513166899 -0.1098847393284325 0.03929191497604204 0.02789246387760569 0.08406302565721854 -0.02113655204733821 0.08914791293120616


# name: bias1
# type: matrix
# rows: 5
# columns: 1
 0.006602377469823006
 0.1142172135058911
 0.02600850189266274
 0.09888408677044278
 0.04717601322796103


# name: weights2
# type: matrix
# rows: 5
# columns: 5
 0.1483400399640065 -0.1256224308037686 -0.157801700493651 0.1094108183433514 -0.1233616371365139
 0.06593647806510876 0.1634594233088629 0.07532843403521587 0.03271342561486305 0.09951153046027394
 0.0279303348975651 0.03609565241289914 -0.08527005043815407 0.06732370662787912 -0.1656158867877706
 -0.03451280474969896 -0.1079038676352293 -0.1471823746613702 0.1636762935514033 -0.01846988203774619
 -0.1477957131542217 0.09952678345418053 -0.07370994196485749 0.08592197865694855 -0.128685242044982


# name: bias2
# type: matrix
# rows: 5
# columns: 1
 -0.1594381929758208
 0.05292056754228528
 -0.1327530788279764
 0.003730656578772362
 -0.03886986762439487


# name: nInputLines
# type: scalar
7


# name: nHiddenNeurons
# type: scalar
5


# name: nOutputNeurons
# type: scalar
5


# name: nWeights
# type: scalar
70


# name: outputFun
# type: sq_string
# elements: 1
# length: 6
tansig


# name: activation1
# type: matrix
# rows: 0
# columns: 0


# name: activationderivative1
# type: matrix
# rows: 0
# columns: 0


# name: activation2ndderivative1
# type: matrix
# rows: 0
# columns: 0


# name: activation2
# type: matrix
# rows: 0
# columns: 0


# name: activationderivative2
# type: matrix
# rows: 0
# columns: 0


# name: activation2ndderivative2
# type: matrix
# rows: 0
# columns: 0




# name: outputNet
# type: scalar struct
# ndims: 2
 1 1
# length: 15
# name: weights1
# type: matrix
# rows: 5
# columns: 5
 0.0248143839925899 0.005840473979284356 0.02668569339152173 -0.0134413292078075 -0.03307857187585302
 -0.02106953886921692 -0.0268465986470578 -0.02771342805585647 -0.01541391338254878 -0.03159605171897701
 0.00250761009366031 0.0003469686615355775 0.01383671016988444 -0.02082997137093982 0.006489269089415228
 0.0247025372162358 -0.01362502965554064 -0.0249489078925675 0.02567262066552231 0.03079788946818036
 -0.03248182856016522 0.02713610585527894 -0.002784158263399598 -0.02343041788218429 -0.001261200842955804


# name: bias1
# type: matrix
# rows: 5
# columns: 1
 -0.03042437018487556
 -0.1115837277285397
 -0.06057196752915656
 0.07991304774807557
 -0.1655276357481227


# name: weights2
# type: matrix
# rows: 1
# columns: 5
 -0.00892809307342011 -0.006019050479415773 0.1221017688109891 -0.07835907164871742 -0.06635021101577819


# name: bias2
# type: scalar
0.1181177386043412


# name: nInputLines
# type: scalar
5


# name: nHiddenNeurons
# type: scalar
5


# name: nOutputNeurons
# type: scalar
1


# name: nWeights
# type: scalar
36


# name: outputFun
# type: sq_string
# elements: 1
# length: 6
tansig


# name: activation1
# type: matrix
# rows: 0
# columns: 0


# name: activationderivative1
# type: matrix
# rows: 0
# columns: 0


# name: activation2ndderivative1
# type: matrix
# rows: 0
# columns: 0


# name: activation2
# type: matrix
# rows: 0
# columns: 0


# name: activationderivative2
# type: matrix
# rows: 0
# columns: 0


# name: activation2ndderivative2
# type: matrix
# rows: 0
# columns: 0




# name: maxIndegree
# type: scalar
5


# name: stateSize
# type: scalar
5


# name: nodeLabelSize
# type: scalar
1


# name: edgeLabelSize
# type: scalar
1


# name: minStateDiff
# type: scalar
1e-08


# name: minErrorAccDiff
# type: scalar
1e-08


# name: contractionConstant
# type: scalar
0.9


# name: nWeights
# type: scalar
106




# name: graph
# type: scalar struct
# ndims: 2
 1 1
# length: 10
# name: nodeLabels
# type: matrix
# rows: 120
# columns: 1
 1.048929770537382
 7.888906265966011
 0.2215989725562787
 10.20849994266422
 10.13468457375922
 2.336445809764089
 10.17537717205616
 0.05012369995334758
 6.073258850560165
 8.799123890232575
 3.144021579469149
 1.501159130007386
 7.064882002550898
 8.664600093669314
 9.502550105708172
 5.127939627309426
 1.456804831543082
 0.223714512620499
 3.443627497156921
 9.552044124941713
 0.917752117488509
 8.024872361610996
 -0.02954038878687806
 7.547287126817221
 1.088448539363567
 8.684809224474717
 4.899462316849067
 0.2651440690610654
 9.95096585541668
 7.156072924698663
 8.834108243944817
 -0.04792217104479692
 7.984388972495369
 9.854555965020092
 3.058774078553609
 1.132146333734212
 2.947126865114226
 -0.1324709848588487
 0.9427648493323002
 10.04024633069978
 9.921687504519616
 0.1345525589767738
 6.326040815192424
 -0.2746046235434426
 9.721615043779819
 1.226329324246133
 -0.03037776429299689
 3.539699647691831
 1.147784978750165
 4.055300078781296
 9.837872229782921
 4.422465108736223
 0.6867388365792525
 7.96741678670821
 1.040303317784373
 10.0626806652326
 6.242002436537303
 3.984713387458034
 -0.2495355488172864
 2.20429709693921
 9.932425010734319
 2.746492050725622
 2.093945694657084
 0.8274705336581804
 9.42080921007266
 0.01409146504778731
 5.928111901229238
 6.495126174647307
 -0.3034288080778187
 10.34266139024141
 9.872364121823088
 0.7978129995365497
 -0.07495795638897232
 7.868328095644416
 5.541126737639909
 3.116772394498277
 10.31249620323782
 1.328285054493497
 6.261974069464651
 0.008019397897647563
 10.04076053217544
 8.893851277973571
 4.297999889514814
 0.8195967173202572
 1.151504426982353
 9.961855986914291
 0.2788775926714991
 9.822936349667081
 3.176561925062086
 7.944005800429103
 2.248313903652343
 3.612684059782485
 -0.1543822986518241
 1.158047487634731
 10.50117561235053
 8.664301047204392
 0.03150308676282298
 9.705746100255782
 8.8921749295847
 -0.3122149622226275
 8.119386342135201
 0.9614307779629657
 1.155014067105251
 9.886825967840162
 0.3658863731845546
 8.112145638226687
 9.993278563009778
 0.04213190024303554
 9.141309354241717
 0.6846789290128934
 1.137990623107991
 6.095139703652558
 0.3164452696822672
 9.710850299819931
 0.5895487619436039
 0.2371257095579512
 3.966488498925612
 9.97863223773904
 3.327395096019456
 0.1747568720928153


# name: expectedOutput
# type: matrix
# rows: 120
# columns: 1
 1
 -1
 1
 -1
 1
 -1
 1
 1
 -1
 -1
 -1
 1
 -1
 -1
 1
 -1
 1
 1
 -1
 1
 1
 -1
 1
 -1
 1
 -1
 -1
 1
 1
 -1
 -1
 1
 -1
 1
 -1
 1
 -1
 1
 1
 1
 1
 1
 -1
 1
 1
 1
 1
 -1
 1
 -1
 1
 -1
 1
 -1
 1
 1
 -1
 -1
 1
 -1
 1
 -1
 -1
 1
 -1
 1
 -1
 -1
 1
 1
 1
 1
 1
 -1
 -1
 -1
 1
 1
 -1
 1
 1
 -1
 -1
 1
 1
 1
 1
 1
 -1
 -1
 -1
 -1
 1
 1
 1
 -1
 1
 1
 -1
 1
 -1
 1
 1
 1
 1
 -1
 1
 1
 -1
 1
 1
 -1
 1
 1
 1
 -1
 -1
 1
 -1
 1


