# Created by Octave 3.6.2, Fri May 24 02:31:52 2013 CEST <alex@desktop>
# name: trainStats
# type: matrix
# rows: 51
# columns: 10
 10.83801004499463 10 6 0 0 0 100 7 7 0
 11.06599454246927 32 26 0 54 61 100 7 7 0
 10.81144345417447 201 201 0 14 25 100 7 7 0
 10.95376832448462 201 5 0 34 56 100 7 7 0
 10.90752302649275 201 11 0 20 28 100 7 7 0
 10.82180831576808 201 9 1 37 33 63 79 41 113
 10.7995118919066 201 13 1 20 33 49 100 49 15287
 10.88695500498241 201 49 1 21 36 43 94 37 1565
 10.8037410334845 201 74 1 24 28 74 90 64 2064
 10.87138802739159 201 77 1 24 47 60 91 51 803
 10.83584790137055 201 201 1 24 19 70 99 69 3235
 10.77446692009597 201 201 1 53 28 91 51 43 263
 10.87357754251898 201 201 1 14 58 84 76 60 3876
 10.8135251624897 201 201 1 44 17 81 71 53 23339
 10.80637986241691 201 201 1 16 44 94 61 56 5252
 10.76691019423808 201 201 1 29 11 86 59 44 362
 10.96265557205664 201 201 1 29 36 83 76 59 7613
 10.79382127052639 201 201 1 17 14 86 64 50 1391
 10.89515112883418 201 201 1 44 19 77 71 49 648
 10.82678195899166 201 201 1 21 25 99 70 69 0
 10.83722743175504 201 116 1 23 19 60 86 46 283
 10.82906537154101 201 6 1 26 44 93 51 44 21
 10.81607177327906 201 188 1 34 31 71 84 56 958
 10.82889592311969 201 188 1 29 28 67 91 59 1824
 10.80979159678906 201 201 1 23 28 83 67 50 1365
 10.77734270811079 201 201 1 27 11 90 51 41 62
 10.71085491672404 201 102 1 23 28 76 79 54 197
 10.68125601826993 85 52 1 21 11 83 83 66 742
 10.64915270825542 68 48 1 17 6 97 57 54 1
 10.62961572194869 201 36 1 11 6 66 89 54 1715
 10.65837816279738 201 33 1 10 47 59 90 49 1460
 10.70677738482949 201 44 1 16 3 49 93 41 29428
 10.64369680744455 201 50 1 10 6 63 96 59 1058
 10.75007173282265 201 42 1 11 28 60 87 47 2680
 10.63719181108046 201 37 1 14 11 61 94 56 8177
 10.62850189468173 201 44 1 10 11 59 93 51 650
 10.3577321254353 201 71 1 9 17 50 97 47 1592
 10.22021034532976 86 56 1 46 28 57 84 41 1202
 10.09645044977568 130 89 1 6 3 63 86 49 8238
 10.05089215567566 38 32 1 37 19 90 70 60 60
 9.950747437663054 201 201 1 19 42 90 54 44 194
 10.31384816019036 201 11 0 29 25 100 7 7 0
 10.59495152897502 201 9 0 1 8 100 7 7 0
 10.66017799158651 201 10 0 30 0 100 7 7 0
 10.44023074693358 201 201 1 24 72 93 53 46 211
 10.27768380266694 201 27 1 33 3 97 54 51 31
 10.21585276561755 201 12 0 29 67 100 7 7 0
 10.16827213644914 201 25 1 41 11 97 53 50 59
 10.15952116176849 201 31 1 31 47 96 54 50 81
 9.921408242428319 201 44 0 10 17 100 7 7 0
 10.55424170389431 201 0 0 0 0 0 0 0 0


# name: timeElapsed
# type: scalar
5592.249842166901


# name: evaluation
# type: matrix
# rows: 1
# columns: 3
 0.4666666666666667 0.5238095238095238 0.7971014492753623


# name: contractionConstant
# type: scalar
0.6


# name: minStateDiff
# type: scalar
1e-07


# name: minErrorAccDiff
# type: scalar
1e-07


