# Created by Octave 3.6.2, Fri May 24 05:28:30 2013 CEST <alex@desktop>
# name: trainStats
# type: matrix
# rows: 51
# columns: 10
 10.83801004499502 11 7 0 0 0 100 7 7 0
 11.06599454211811 37 30 0 54 61 100 7 7 0
 10.91871537877847 201 201 0 17 25 100 7 7 0
 10.98704926859307 201 14 0 49 61 100 7 7 0
 10.833094082041 201 12 0 17 14 100 7 7 0
 10.86077436107697 201 15 0 44 75 100 7 7 0
 10.83288775699029 201 11 0 16 17 100 7 7 0
 10.82961634179937 201 82 0 26 42 100 7 7 0
 10.76257599736724 201 19 0 11 33 100 7 7 0
 10.81317808515367 201 49 0 10 33 100 7 7 0
 10.85795037779094 178 128 0 17 67 100 7 7 0
 10.8282885548534 12 7 0 9 11 100 7 7 0
 10.8236625302951 9 6 0 3 53 100 7 7 0
 10.82071943271741 7 4 0 10 17 100 7 7 0
 10.81269281383401 7 4 0 9 50 100 7 7 0
 10.80320369687861 6 3 0 1 14 100 7 7 0
 10.79401624748479 6 3 0 23 11 100 7 7 0
 10.78235886499056 6 3 0 9 58 100 7 7 0
 10.76426306253673 6 3 0 10 0 100 7 7 0
 10.74658479809535 6 3 0 3 28 100 7 7 0
 10.73195310350516 7 4 0 17 19 100 17 17 0
 10.7235926391931 8 5 0 7 69 100 17 17 0
 10.79439272918255 9 6 0 11 28 100 27 27 0
 10.81270879062168 7 4 0 0 14 100 17 17 0
 10.91031106573238 11 8 0 21 8 100 7 7 0
 10.89919546831135 10 6 0 21 25 100 7 7 0
 10.84038267090495 7 4 0 3 0 100 26 26 0
 10.81394842454788 6 3 0 17 8 100 26 26 0
 10.79152459735539 6 3 0 16 44 100 26 26 0
 10.77439711009614 6 4 0 9 0 100 26 26 0
 10.76124078034688 8 5 0 1 11 100 26 26 0
 10.81426794180649 10 8 0 46 58 100 17 17 0
 10.77041939769904 7 5 0 0 31 100 26 26 0
 10.76581980015174 21 17 0 31 8 100 17 17 0
 10.75096281956936 9 6 0 0 31 100 26 26 0
 10.74300544688457 11 9 0 13 0 100 34 34 0
 10.74263058178997 17 14 0 29 11 100 17 17 0
 10.71150777731984 11 8 0 10 6 100 34 34 0
 10.84147653641548 23 18 0 14 56 100 17 17 0
 11.78124513932421 201 201 1 40 17 84 66 50 108619
 10.778005381516 20 16 0 4 25 100 26 26 0
 11.12602045844026 201 201 1 36 6 91 43 34 17439
 10.95908826133285 201 201 1 29 33 83 49 31 107139
 10.76115969954286 201 201 1 51 14 86 67 53 44245
 10.8306250447629 201 201 1 16 56 93 54 47 8094087384315
 10.69218864945168 17 13 0 39 22 100 34 34 0
 10.83794040482122 201 60 0 9 17 100 34 34 0
 10.76331377846319 21 18 0 30 3 100 34 34 0
 10.83923264950716 201 201 1 11 17 80 84 64 9421063
 10.79172431899802 23 19 0 30 3 100 34 34 0
 10.8214735582001 27 0 0 0 0 0 0 0 0


# name: timeElapsed
# type: scalar
2299.686871051788


# name: evaluation
# type: matrix
# rows: 1
# columns: 3
 0.5583333333333333 0.5677966101694916 0.9710144927536232


# name: contractionConstant
# type: scalar
0.9


# name: minStateDiff
# type: scalar
1e-08


# name: minErrorAccDiff
# type: scalar
1e-08


