# Created by Octave 3.6.2, Thu May 23 13:54:53 2013 CEST <alex@desktop>
# name: trainStats
# type: matrix
# rows: 51
# columns: 10
 10.83801004499468 10 6 0 0 0 100 7 7 0
 11.06599454186873 31 26 0 54 61 100 7 7 0
 10.79987756081833 201 201 0 31 25 100 7 7 0
 11.02504582502374 16 10 0 36 58 100 7 7 0
 10.82697359172683 15 9 0 39 19 100 7 7 0
 10.86213052815501 11 8 0 17 44 100 7 7 0
 10.85478185201033 13 8 0 43 47 100 7 7 0
 10.82793042101197 12 7 0 19 19 100 7 7 0
 10.76315891606532 11 7 0 14 14 100 7 7 0
 10.75830848831924 10 6 0 27 36 100 7 7 0
 10.73770945076993 12 7 0 20 33 100 7 7 0
 10.74730675023805 16 8 0 33 28 100 7 7 0
 10.62531094683171 16 8 0 21 42 100 7 7 0
 10.59350744627974 159 58 1 29 22 97 39 36 94
 10.58221042889114 13 6 0 6 22 100 7 7 0
 10.59910329681043 14 6 0 6 44 100 7 7 0
 11.22793454467825 12 5 0 44 36 100 7 7 0
 10.76653234426347 10 5 0 1 0 100 7 7 0
 10.8249505346938 8 5 0 31 97 100 7 7 0
 10.85529763509166 8 4 0 7 0 100 7 7 0
 10.89141808255336 8 5 0 30 44 100 7 7 0
 10.83164439052163 9 4 0 21 0 100 7 7 0
 10.83793674131409 12 5 1 16 31 61 97 59 752
 10.81130260543853 9 4 0 23 6 100 7 7 0
 10.79024934858244 9 4 0 33 42 100 7 7 0
 10.74847093224102 13 4 0 4 6 100 7 7 0
 10.69682844452599 102 57 1 30 17 80 89 69 597
 10.54054078491774 62 40 1 30 22 59 96 54 35884
 10.56507290302892 18 12 1 14 47 80 71 51 390
 10.35872190323067 24 19 1 34 33 70 87 57 270
 10.30327898054474 19 12 1 34 3 67 83 50 1012
 10.59674719432883 18 14 1 31 89 67 90 57 1691340
 10.8075907815121 29 17 1 31 6 76 69 44 2274
 10.60027006076715 15 11 1 21 31 76 94 70 74991
 10.71072071138242 47 49 1 16 3 53 91 44 5223
 10.87290893032639 26 21 1 23 22 60 81 41 7392
 10.95161033638157 26 12 1 24 3 89 69 57 117
 10.77632052299981 21 18 1 7 6 67 81 49 1583
 10.76576441003619 29 25 1 13 3 54 90 44 3697
 10.70391373289864 36 31 1 29 0 60 91 51 6863
 10.71681135392828 34 26 1 23 19 73 67 40 132
 10.57403662540605 57 44 1 31 22 46 100 46 1932
 10.66934611215241 47 39 1 10 3 54 84 39 1236
 10.63270817505971 28 21 1 26 19 77 83 60 2249
 10.55786512708872 58 52 1 19 28 54 97 51 2205
 10.50536333243329 46 42 1 14 36 53 89 41 14892
 10.60621606311043 23 16 1 36 6 61 90 51 456
 10.97678495152624 39 28 1 4 44 61 87 49 20154
 11.21502338365166 56 50 1 10 3 50 90 40 2238
 11.57060247090911 36 26 1 13 33 66 80 46 3960
 11.8547632752645 32 0 0 0 0 0 0 0 0


# name: timeElapsed
# type: scalar
1215.921278953552


# name: evaluation
# type: matrix
# rows: 1
# columns: 3
 0.5583333333333333 0.6081081081081081 0.6521739130434783


# name: contractionConstant
# type: scalar
1.2


# name: minStateDiff
# type: scalar
1e-07


# name: minErrorAccDiff
# type: scalar
1e-07


