# Created by Octave 3.6.2, Thu May 23 21:49:27 2013 CEST <alex@desktop>
# name: trainStats
# type: matrix
# rows: 51
# columns: 10
 10.83801004499496 11 7 0 0 0 100 7 7 0
 11.06599454217593 37 30 0 54 61 100 7 7 0
 10.93974461540965 201 201 0 16 25 100 7 7 0
 11.01703686763128 201 8 0 31 61 100 7 7 0
 11.02911537977336 201 8 0 26 39 100 7 7 0
 10.85201364359982 201 6 0 27 11 100 7 7 0
 10.89097975729317 201 48 0 33 61 100 7 7 0
 10.9156497241967 201 201 0 13 14 100 7 7 0
 10.84564036808852 156 104 1 26 17 89 71 60 78
 10.67827499954164 201 99 1 30 0 57 99 56 15887
 10.5501470715315 201 201 1 19 39 67 87 54 28854
 10.63097124724054 201 151 1 17 17 74 81 56 492
 10.64280191043981 201 66 1 17 17 70 84 54 1205
 10.74179245479167 201 201 1 23 25 87 74 61 554
 10.75581615331563 201 47 1 14 28 77 67 44 300
 10.73112200697634 201 58 1 27 28 99 59 57 2
 10.84035643714795 201 39 1 27 44 99 64 63 3
 10.75103149186711 201 32 1 29 8 61 94 56 1007
 10.79400001777706 201 90 0 30 8 100 7 7 0
 10.72058518920579 201 66 1 29 72 73 81 54 225
 10.76530277157344 201 201 0 30 17 100 7 7 0
 10.82334401539887 201 78 0 20 47 100 7 7 0
 10.8248211341738 201 26 0 24 8 100 7 7 0
 10.77774849970181 201 43 0 37 42 100 7 7 0
 10.78018527065592 201 27 0 37 47 100 7 7 0
 10.80037552951181 201 19 0 31 11 100 7 7 0
 10.81213000328469 201 201 0 24 56 100 7 7 0
 10.74529628275984 201 30 0 23 14 100 7 7 0
 10.75263460612481 201 28 0 17 11 100 7 7 0
 10.71312395208957 201 18 0 33 8 100 7 7 0
 10.7749048111515 201 201 0 30 44 100 7 7 0
 10.71518513416486 201 20 0 27 3 100 7 7 0
 10.83230001614604 201 9 0 33 47 100 7 7 0
 10.83251265959345 201 24 0 30 11 100 7 7 0
 10.83758949218601 201 25 0 19 36 100 7 7 0
 10.7960058346852 201 28 0 41 28 100 7 7 0
 10.72809132815707 201 28 0 17 56 100 7 7 0
 10.79288202593849 201 17 0 47 6 100 7 7 0
 10.76770694076854 201 27 0 21 69 100 7 7 0
 10.72118213740596 201 28 0 7 0 100 7 7 0
 10.73545761070021 201 19 0 13 61 100 7 7 0
 10.81947462463067 201 27 0 44 25 100 7 7 0
 10.74467404686618 201 201 0 19 0 100 7 7 0
 10.7423974378317 201 201 1 34 33 99 71 70 618
 10.81998456841864 201 45 0 24 53 100 7 7 0
 10.81287785745621 201 35 0 31 17 100 7 7 0
 10.73422856292639 201 47 0 34 17 100 7 7 0
 10.77064487278234 201 43 0 23 8 100 7 7 0
 10.78428434199673 201 30 0 17 33 100 7 7 0
 10.75374215520089 201 31 0 24 14 100 7 7 0
 10.72366422185621 201 0 0 0 0 0 0 0 0


# name: timeElapsed
# type: scalar
5771.14640712738


# name: evaluation
# type: matrix
# rows: 1
# columns: 3
 0.575 0.575 1


# name: contractionConstant
# type: scalar
0.9


# name: minStateDiff
# type: scalar
1e-08


# name: minErrorAccDiff
# type: scalar
1e-08


