# Created by Octave 3.6.2, Sun May 19 10:51:23 2013 CEST <alex@vostro-1520>
# name: g6_80
# type: cell
# rows: 1
# columns: 80
# name: <cell-element>
# type: scalar struct
# ndims: 2
 1 1
# length: 8
# name: nodeLabels
# type: matrix
# rows: 6
# columns: 1
 1.048929770537382
 7.888906265966011
 0.2215989725562787
 10.20849994266422
 10.13468457375922
 2.336445809764089


# name: expectedOutput
# type: matrix
# rows: 6
# columns: 1
 1
 -1
 1
 -1
 1
 -1


# name: edgeLabels
# type: matrix
# rows: 22
# columns: 3
 1 2 0
 1 3 0
 1 5 0
 1 6 0
 2 1 0
 2 3 0
 2 4 0
 3 1 0
 3 2 0
 3 4 0
 3 5 0
 3 6 0
 4 2 0
 4 3 0
 4 5 0
 4 6 0
 5 1 0
 5 3 0
 5 4 0
 6 1 0
 6 3 0
 6 4 0


# name: nodeLabelSize
# type: scalar
1


# name: edgeLabelSize
# type: scalar
1


# name: nNodes
# type: scalar
6


# name: maxIndegree
# type: scalar
5


# name: nodeOutputSize
# type: scalar
1





# name: <cell-element>
# type: scalar struct
# ndims: 2
 1 1
# length: 8
# name: nodeLabels
# type: matrix
# rows: 6
# columns: 1
 10.17537717205616
 0.05012369995334758
 6.073258850560165
 8.799123890232575
 3.144021579469149
 1.501159130007386


# name: expectedOutput
# type: matrix
# rows: 6
# columns: 1
 1
 1
 -1
 -1
 -1
 1


# name: edgeLabels
# type: matrix
# rows: 26
# columns: 3
 1 2 0
 1 3 0
 1 4 0
 1 5 0
 1 6 0
 2 1 0
 2 5 0
 2 6 0
 3 1 0
 3 4 0
 3 5 0
 3 6 0
 4 1 0
 4 3 0
 4 5 0
 4 6 0
 5 1 0
 5 2 0
 5 3 0
 5 4 0
 5 6 0
 6 1 0
 6 2 0
 6 3 0
 6 4 0
 6 5 0


# name: nodeLabelSize
# type: scalar
1


# name: edgeLabelSize
# type: scalar
1


# name: nNodes
# type: scalar
6


# name: maxIndegree
# type: scalar
5


# name: nodeOutputSize
# type: scalar
1





# name: <cell-element>
# type: scalar struct
# ndims: 2
 1 1
# length: 8
# name: nodeLabels
# type: matrix
# rows: 6
# columns: 1
 7.064882002550898
 8.664600093669314
 9.502550105708172
 5.127939627309426
 1.456804831543082
 0.223714512620499


# name: expectedOutput
# type: matrix
# rows: 6
# columns: 1
 -1
 -1
 1
 -1
 1
 1


# name: edgeLabels
# type: matrix
# rows: 28
# columns: 3
 1 2 0
 1 3 0
 1 4 0
 1 5 0
 1 6 0
 2 1 0
 2 3 0
 2 4 0
 2 5 0
 2 6 0
 3 1 0
 3 2 0
 3 5 0
 3 6 0
 4 1 0
 4 2 0
 4 5 0
 4 6 0
 5 1 0
 5 2 0
 5 3 0
 5 4 0
 5 6 0
 6 1 0
 6 2 0
 6 3 0
 6 4 0
 6 5 0


# name: nodeLabelSize
# type: scalar
1


# name: edgeLabelSize
# type: scalar
1


# name: nNodes
# type: scalar
6


# name: maxIndegree
# type: scalar
5


# name: nodeOutputSize
# type: scalar
1





# name: <cell-element>
# type: scalar struct
# ndims: 2
 1 1
# length: 8
# name: nodeLabels
# type: matrix
# rows: 6
# columns: 1
 3.443627497156921
 9.552044124941713
 0.917752117488509
 8.024872361610996
 -0.02954038878687806
 7.547287126817221


# name: expectedOutput
# type: matrix
# rows: 6
# columns: 1
 -1
 1
 1
 -1
 1
 -1


# name: edgeLabels
# type: matrix
# rows: 26
# columns: 3
 1 2 0
 1 4 0
 1 5 0
 1 6 0
 2 1 0
 2 3 0
 2 5 0
 2 6 0
 3 2 0
 3 4 0
 3 5 0
 3 6 0
 4 1 0
 4 3 0
 4 5 0
 4 6 0
 5 1 0
 5 2 0
 5 3 0
 5 4 0
 5 6 0
 6 1 0
 6 2 0
 6 3 0
 6 4 0
 6 5 0


# name: nodeLabelSize
# type: scalar
1


# name: edgeLabelSize
# type: scalar
1


# name: nNodes
# type: scalar
6


# name: maxIndegree
# type: scalar
5


# name: nodeOutputSize
# type: scalar
1





# name: <cell-element>
# type: scalar struct
# ndims: 2
 1 1
# length: 8
# name: nodeLabels
# type: matrix
# rows: 6
# columns: 1
 1.088448539363567
 8.684809224474717
 4.899462316849067
 0.2651440690610654
 9.95096585541668
 7.156072924698663


# name: expectedOutput
# type: matrix
# rows: 6
# columns: 1
 1
 -1
 -1
 1
 1
 -1


# name: edgeLabels
# type: matrix
# rows: 20
# columns: 3
 1 2 0
 1 4 0
 1 5 0
 2 1 0
 2 3 0
 2 4 0
 2 6 0
 3 2 0
 3 4 0
 3 6 0
 4 1 0
 4 2 0
 4 3 0
 4 5 0
 4 6 0
 5 1 0
 5 4 0
 6 2 0
 6 3 0
 6 4 0


# name: nodeLabelSize
# type: scalar
1


# name: edgeLabelSize
# type: scalar
1


# name: nNodes
# type: scalar
6


# name: maxIndegree
# type: scalar
5


# name: nodeOutputSize
# type: scalar
1





# name: <cell-element>
# type: scalar struct
# ndims: 2
 1 1
# length: 8
# name: nodeLabels
# type: matrix
# rows: 6
# columns: 1
 8.834108243944817
 -0.04792217104479692
 7.984388972495369
 9.854555965020092
 3.058774078553609
 1.132146333734212


# name: expectedOutput
# type: matrix
# rows: 6
# columns: 1
 -1
 1
 -1
 1
 -1
 1


# name: edgeLabels
# type: matrix
# rows: 26
# columns: 3
 1 2 0
 1 3 0
 1 4 0
 1 6 0
 2 1 0
 2 3 0
 2 4 0
 2 5 0
 2 6 0
 3 1 0
 3 2 0
 3 4 0
 3 5 0
 3 6 0
 4 1 0
 4 2 0
 4 3 0
 4 6 0
 5 2 0
 5 3 0
 5 6 0
 6 1 0
 6 2 0
 6 3 0
 6 4 0
 6 5 0


# name: nodeLabelSize
# type: scalar
1


# name: edgeLabelSize
# type: scalar
1


# name: nNodes
# type: scalar
6


# name: maxIndegree
# type: scalar
5


# name: nodeOutputSize
# type: scalar
1





# name: <cell-element>
# type: scalar struct
# ndims: 2
 1 1
# length: 8
# name: nodeLabels
# type: matrix
# rows: 6
# columns: 1
 2.947126865114226
 -0.1324709848588487
 0.9427648493323002
 10.04024633069978
 9.921687504519616
 0.1345525589767738


# name: expectedOutput
# type: matrix
# rows: 6
# columns: 1
 -1
 1
 1
 1
 1
 1


# name: edgeLabels
# type: matrix
# rows: 24
# columns: 3
 1 3 0
 1 5 0
 2 3 0
 2 4 0
 2 5 0
 2 6 0
 3 1 0
 3 2 0
 3 4 0
 3 5 0
 3 6 0
 4 2 0
 4 3 0
 4 5 0
 4 6 0
 5 1 0
 5 2 0
 5 3 0
 5 4 0
 5 6 0
 6 2 0
 6 3 0
 6 4 0
 6 5 0


# name: nodeLabelSize
# type: scalar
1


# name: edgeLabelSize
# type: scalar
1


# name: nNodes
# type: scalar
6


# name: maxIndegree
# type: scalar
5


# name: nodeOutputSize
# type: scalar
1





# name: <cell-element>
# type: scalar struct
# ndims: 2
 1 1
# length: 8
# name: nodeLabels
# type: matrix
# rows: 6
# columns: 1
 6.326040815192424
 -0.2746046235434426
 9.721615043779819
 1.226329324246133
 -0.03037776429299689
 3.539699647691831


# name: expectedOutput
# type: matrix
# rows: 6
# columns: 1
 -1
 1
 1
 1
 1
 -1


# name: edgeLabels
# type: matrix
# rows: 26
# columns: 3
 1 2 0
 1 3 0
 1 4 0
 1 5 0
 1 6 0
 2 1 0
 2 3 0
 2 4 0
 2 5 0
 3 1 0
 3 2 0
 3 4 0
 3 5 0
 3 6 0
 4 1 0
 4 2 0
 4 3 0
 4 5 0
 5 1 0
 5 2 0
 5 3 0
 5 4 0
 5 6 0
 6 1 0
 6 3 0
 6 5 0


# name: nodeLabelSize
# type: scalar
1


# name: edgeLabelSize
# type: scalar
1


# name: nNodes
# type: scalar
6


# name: maxIndegree
# type: scalar
5


# name: nodeOutputSize
# type: scalar
1





# name: <cell-element>
# type: scalar struct
# ndims: 2
 1 1
# length: 8
# name: nodeLabels
# type: matrix
# rows: 6
# columns: 1
 1.147784978750165
 4.055300078781296
 9.837872229782921
 4.422465108736223
 0.6867388365792525
 7.96741678670821


# name: expectedOutput
# type: matrix
# rows: 6
# columns: 1
 1
 -1
 1
 -1
 1
 -1


# name: edgeLabels
# type: matrix
# rows: 26
# columns: 3
 1 2 0
 1 3 0
 1 4 0
 1 5 0
 1 6 0
 2 1 0
 2 4 0
 2 5 0
 2 6 0
 3 1 0
 3 4 0
 3 5 0
 3 6 0
 4 1 0
 4 2 0
 4 3 0
 4 5 0
 4 6 0
 5 1 0
 5 2 0
 5 3 0
 5 4 0
 6 1 0
 6 2 0
 6 3 0
 6 4 0


# name: nodeLabelSize
# type: scalar
1


# name: edgeLabelSize
# type: scalar
1


# name: nNodes
# type: scalar
6


# name: maxIndegree
# type: scalar
5


# name: nodeOutputSize
# type: scalar
1





# name: <cell-element>
# type: scalar struct
# ndims: 2
 1 1
# length: 8
# name: nodeLabels
# type: matrix
# rows: 6
# columns: 1
 1.040303317784373
 10.0626806652326
 6.242002436537303
 3.984713387458034
 -0.2495355488172864
 2.20429709693921


# name: expectedOutput
# type: matrix
# rows: 6
# columns: 1
 1
 1
 -1
 -1
 1
 -1


# name: edgeLabels
# type: matrix
# rows: 24
# columns: 3
 1 2 0
 1 3 0
 1 4 0
 1 5 0
 2 1 0
 2 4 0
 2 5 0
 2 6 0
 3 1 0
 3 4 0
 3 5 0
 4 1 0
 4 2 0
 4 3 0
 4 5 0
 4 6 0
 5 1 0
 5 2 0
 5 3 0
 5 4 0
 5 6 0
 6 2 0
 6 4 0
 6 5 0


# name: nodeLabelSize
# type: scalar
1


# name: edgeLabelSize
# type: scalar
1


# name: nNodes
# type: scalar
6


# name: maxIndegree
# type: scalar
5


# name: nodeOutputSize
# type: scalar
1





# name: <cell-element>
# type: scalar struct
# ndims: 2
 1 1
# length: 8
