# Created by Octave 3.6.4, Tue Apr 29 02:32:28 2014 CEST <alex@vostro-1520>
# name: packedFnn
# type: scalar struct
# ndims: 2
 1 1
# length: 16
# name: weights1
# type: matrix
# rows: 10
# columns: 20
 -0.361707803002148 -0.05614026139122023 0.1238375044130367 0.07890866212883337 -0.02767116978287167 0.1862973592663344 0.06166475649328479 0.07727121760506263 -0.2404424211097765 0.08191384092278099 -0.2393276187277375 0.03583512159622208 -0.1449542448497771 -0.03583855785226077 0.01435321286638262 0.4485975259005842 0.1590814680362666 -0.3216307843211691 -0.319490794627276 -0.4013862439491195
 -0.24267358118839 0.2304619108762775 0.08971800641444892 0.256002907188125 -0.5464206723742397 0.2096526068927041 0.09992201049061469 0.01650898787749738 -0.2451832429673125 0.04989618186115165 0.08819070789708652 -0.1597810312905548 -0.08437555108082476 0.3077215683561091 -0.01012384924082291 -0.04911584730326003 -0.09208268997001481 -0.1476208731987753 0.07399524412619582 -0.009385316793298817
 -0.08321790575321944 0.1054093175719626 -0.002106672260867443 0.1188298327592949 -0.07792607952118588 0.0352956414082578 0.02740528150466814 -0.02164437888508307 -0.03247072649441837 -0.006260022177627921 -0.1424044812509988 0.02126065598154222 0.4796390936197334 0.1694667852529351 -0.2383228939141454 0.2872713402883119 -0.2740618350341355 -0.09981651906405165 -0.2004917417742069 -0.2433092459826481
 0.0948255937173324 0.06820065623519714 0.0173355757590997 -0.359429209319686 0.1236036941808103 -0.08461019360328433 -0.07324995192344423 0.0693196679042969 0.07155203978958991 0.02547113838107264 -0.1571819307691124 -0.1247111756774933 0.03814852534898393 -0.1373195317784902 -0.3038391913562076 -0.02039225456761152 0.02177442031518743 0.04384133607426836 -0.04581559781200278 -0.009736073650249031
 -0.1885779505668713 0.05101817363540878 0.08565365650728272 0.1122387924996811 -0.3377200150812752 0.1456140761524977 0.05504882989872403 0.04458771199333027 -0.1822346359865789 0.05453628980527753 -0.1449487854447931 -0.08148879845332799 -0.2284531301454202 0.5210268491769103 0.08423591859533999 0.116300104254535 -0.2611681341196156 -0.1659655811279315 0.002567609125755765 0.03206753903421986
 -0.1772456001039468 0.3327260609125394 0.01715557211106565 -0.1261563392478963 -0.1377244713492259 0.02044111683518975 0.004572222810190217 0.01354134128194811 -0.02820764095891642 0.01202681766661612 0.1251100887687031 0.002747552523915776 0.1197111581947791 -0.2807873416884091 -0.449555626325775 -0.1271644424090594 0.06850968314656039 0.2918301598521226 -0.01115106771510407 0.2149475335230789
 -0.05444901181183452 0.03918895108590716 0.02188638384864188 -0.03168349144717639 -0.1829607658293908 0.001159908928337724 -0.01260001174318968 0.03044545417250801 -0.01230144645227448 0.01849593408595847 -0.1585775602611938 0.2720794805937611 0.06562116350961866 0.1256625319024973 -0.2450442533189912 0.154709904365879 -0.1225266407710624 0.2151633384339869 -0.04357956041943268 0.2326729586804473
 0.0347740313013585 0.2219467473685005 -0.01333632257891399 0.1674251426591594 -0.08914567080277148 -0.01805604578553624 -0.005156347961604092 -0.009382109730457014 0.02398636425722333 -0.009075361819900103 -0.1924273761845263 0.2714662653352627 0.2321265400562441 -0.1222751048185132 0.3069080492103876 0.2082662162116503 0.1808520226066979 -0.1825757347899745 0.05729359429592702 -0.2027850739073003
 0.4171945554238545 -0.3864228503777665 -0.1146739844106238 0.2604086777474945 -0.237590207329039 -0.03254172221458409 0.04644096149159317 -0.1455321009328816 0.08960809248905542 -0.09356143311124926 -0.04640441217657718 -0.1463619974426433 -0.2231074894216842 -0.2057772171988143 0.1283709296927698 -0.04151458993248439 0.211249652255581 -0.37714425764628 0.1838604377093983 -0.3923007740056134
 0.2828386036965982 0.1600727953901454 -0.0497391151186979 -0.01349646263115013 -0.05792756963725856 -0.2649158086181511 -0.1653860791201428 0.06943252921275528 0.277254564616337 -0.008850563414079818 -0.2112724374658213 -0.107554916891953 0.2525005682279541 0.2068295424125046 0.02898134788748658 0.08944797131257563 0.01785841376715113 -0.2659223775458475 -0.1593359667443339 -0.1093047598789986


# name: bias1
# type: matrix
# rows: 10
# columns: 1
 -0.004228003598352473
 0.01902888161853122
 0.08737885861064028
 -0.1096911561967192
 -0.09912834332091788
 -0.06244705491722699
 -0.1910038379829569
 0.2975629979168128
 -0.1711783078063444
 0.07546385516495653


