# Created by Octave 3.6.4, Tue Apr 29 02:21:10 2014 CEST <alex@vostro-1520>
# name: codes
# type: matrix
# rows: 15
# columns: 10
 -0.2024850647557932 0.1636309116145988 0.5865742703962971 -0.003341962170651408 -0.2697213626891442 0.37135174847662 -0.08598090114337992 0.6361241226502935 -0.6531132631150802 0.4526572098103178
 -0.4128359331353098 0.2584869561847031 0.2114745792364741 0.04591120742483396 -0.02248538739513265 0.4566572994544757 0.05867682737001711 0.3117080506164823 -0.741991934013835 0.2716891063937993
 -0.4648420401947778 0.1714081306540309 0.3904575033916544 0.2378902957269343 -0.1202225594931025 0.6293082578006436 0.2254351193514992 0.2214809428582601 -0.7979520664720938 0.2529697566985914
 0.4694568613213853 0.277553961466199 0.4183499359532494 -0.006610798112705394 -0.1102506341768341 0.4514651368713028 0.1103383243698307 0.3813910434626087 -0.7092861539412857 -0.1226246133296618
 0.03064985138261596 -0.669521194620132 0.2903279691988254 0.1617961789729885 -0.6948746851345586 0.1695179140589519 -0.1869637162429411 0.2909522575907725 -0.6422818624590954 0.08825548172005056
 0.3960677925295792 -0.6044185755558835 0.4860398232559 0.1196628446711016 -0.3585332317342034 -0.1591727443661337 0.04236281259172216 0.3828785826093384 -0.7022721063541605 0.3297335459888078
 -0.09081657620327369 -0.6503974380500339 0.4417315271925888 0.1723426519292583 -0.5415816542915121 0.2016627229104017 0.1444542613999025 0.1606245779469688 -0.8208042614540808 0.09910075877922027
 0.01551109424702156 0.02643020393431158 0.5857266334469494 -0.2994841898607267 -0.155168556155791 0.2127340821060465 0.2883347691857239 0.3957491400391103 -0.5792136515977979 0.1428739685732055
 0.4819769663184527 0.1019877137784914 0.6216059229229 -0.3476726370218294 0.07461809980169426 -0.1478774074177991 0.1912800116801068 0.578362870908723 -0.3572855108164276 0.368736838662994
 -0.470638393735114 -0.2986349752937838 0.449281774124295 0.02327875657854033 -0.4747304117173295 -0.1194090592290157 -0.1779178872173749 0.5112817039469076 0.02290475144596313 0.544692123251719
 -0.6690591821091014 -0.291329481355821 0.2200536582476844 0.2628445284877686 -0.3455689316300889 0.2263114248458932 0.1349094219020672 0.03802185521360024 -0.2815197683122269 0.363878321486408
 -0.2049425934449881 -0.2200262216269382 0.3075546589170479 0.2100978059640793 -0.1132101572007743 -0.1424186914394041 0.03710935063059254 0.2632067089597235 -0.01758459346176853 0.5706774301303327
 0.4310356965120576 0.5060376756344895 -0.08192027671483876 -0.4298952358196403 0.3748100755598857 -0.322431595139322 -0.3086299551057045 0.5493190534532441 -0.383447451573748 -0.163725966131012
 0.2853028726809328 0.6185352931763132 0.4329189137152012 -0.1651197291224705 0.1971414282594217 0.5079086268700843 -0.04938336501152305 -0.1252304641219185 -0.7695982646112249 -0.3604147443454243
 0.5503567530998615 0.6404506058021981 0.6173664940171295 -0.02826369425695155 0.3817843323783538 0.4566305952643968 0.06595619186067324 -0.1301437283713022 -0.7271708688464004 -0.2701462048352125


