# Created by Octave 3.6.4, Sun Jun 08 18:05:20 2014 CEST <alex@pasat>
# name: maxDiff
# type: scalar
0.6605812658470693


# name: sumDiff
# type: scalar
22.62050396477178


# name: allBitDiffs
# type: matrix
# rows: 1
# columns: 580
 0 0 0 0.007868314164821699 0.01351752807592135 0 0 0.0005651504451495426 0.008037733208615561 0 0.01163162631972015 0 0.006716468457340641 0.009985097141382016 0 0 0.02379917090324418 0.002526837237308288 0 0.01407572928469947 0 0 0 0.1169695703849284 0 0 0 0 0.04916708022188021 0 0.2412279531656554 0.262857602298084 0 0.4184326205175652 0.3483646224023057 0 0.2226714276466904 0 0.2723097836749965 0 0 0 0 0.3515178112620756 0.05881747209812579 0 0.04675929276040948 0 0.1607738069758498 0 0 0 0.141626888718361 0.504477345049381 0 0 0 0.3354043896580889 0.1692795186920815 0.1528152980042576 0 0.3187950435037262 0.2470009039985324 0 0.2228573639534406 0.1143965138728527 0.3520100554256714 0.3515663912799268 0 0.4640988694749784 0.04467476221244204 0.01659264890581102 0.00882095656723525 0 0 0.0233396852352124 0.01184143150498785 0.0001818818920025778 0 0.004560720148711311 0 0 0 0.003057773566946198 0 0.03039572682164288 0.03118064190807607 0 0 0 0.00562844356534542 0 0 0 0 0 0 0 0.02553015455453006 0 0.08516103076124948 0 0.1051659439928274 0 0 0.05723772164251067 0 0.1189868385047878 0 0.08233802880075705 0.01923453098866346 0 0 0.009919227693384991 0.06096690782724457 0 0 0 0.1065830851479929 0 0 0.07135145064958925 0 0 0.09121158939970728 0 0.02963996942203248 0 0.08336287495690919 0 0 0 0 0.08934514894155682 0 0 0.02533376477237353 0 0.06187599835773328 0 0 0 0.1008927782052249 0 0 0 0.04276518492796233 0 0.03699094461580665 0.02083840994256936 0.03309321326627546 0 0.0113099266024082 0 0.01137305764593077 0.01995209261696812 0.00780498617358235 0.0055043745049696 0 0.00710940432479984 0.002679540636332023 0 0.02041021260465925 0.03716716209551862 0 0.02770208243505484 0.007942211616942522 0.01432228611591374 0 0.01388044939692587 0.005383744104665911 0.07878356034395551 0.05115091854570031 0 0.01427315350602662 0.0237330242168998 0 0.06004353935381679 0 0.04056735177265647 0.06617650057386193 0.01683502541042725 0 0 0 0.002672251387370699 0.005688225818426373 0.02246999998306198 0 0 0 0.0007330990545834082 0.01812250851386055 0 0.0002338304026787696 0 0 0.02976300348813041 0 0.01640510234404791 0 0 0 0.008251623823241849 0.04506828978493146 0.01941958617751696 0.04802797407154837 0 0.009553306941054662 0 0 0 0 0 0.01604820133527565 0.01821469627950048 0.02732820226252132 0 0 0 0.00778777188119284 0 0.03398190372978327 0 0 0 0.001158610538778027 0 0.03813321711147655 0 0 0.01377864774834803 0 0.1198235080638409 0 0 0.0284741652472505 0 0.04427155966210772 0 0.107521819159064 0.1051655013713659 0.03630022294709095 0.01419140761639365 0 0 0 0.07319668723998068 0.02042164270345131 0.03611094466583037 0.0556683744301279 0.09154206853025598 0 0 0.09212731693569576 0 0.03693174498898305 0.06966551931450271 0.019799776526221 0.04349669424695912 0 0.006950049107500411 0 0.005597818111438224 0.008717136864969749 0.001812830819589273 0.00241586651880682 0 0 0 0 0.0009384818312241361 0.008383204003802547 0 0 0.00639646195470131 0 0.00851569739204272 0 0.006331486211482218 0.01338812484080876 0 0 0.006428530301353819 0 0 0.009264757459703898 0 0 0 0.07935967958925005 0 0.01877184540449306 0.03499149826979064 0 0.02095506656928037 0.003958561155579327 0.01556332192906679 0 0.01333852469004179 0.01677332729532477 0.01339089596573562 0 0 0.01444134628343616 0.005709717092342775 0.004514337490114366 0 0 0 0 0 0.09320680682749249 0 0 0 0 0.1347145969432247 0 0.07997868565898482 0.004084179014144096 0.0354652821394314 0 0.002541765598793932 0.02735290191839046 0.003294065211179906 0.03359151304494179 0.04058722751984589 0 0.04459105761464188 0 0 0.001401536250577373 0 0 0.004116383103453386 0.002183273908528294 0 0 0.0006730188137659965 0 0.001710712064630415 0 0 0.005894609687190244 3.011819048202857e-05 0 0 0.01881163691449711 0 0.05952303805909931 0.01608875169071999 0.01289924097449646 0.01204717361978547 0.03416301705625149 0 0 0.03510503957603683 0.02361259196969556 0.01500905448812834 0 0 0.1204866084442911 0 0 0 0 0.189876025384987 0 0.1071530473948334 0 0.08541044374260315 0 0.05251307177753406 0.07842878224899585 0.02896812156276127 0.05756586550086851 0.04135844047131948 0 0.08957210441340269 0.005987567006931815 0.01310919400792221 0 0.01739367364335076 0.01347796504559609 0.01102627054232269 0.02471123864282646 0 0.003295157798805015 0 0 0 0.06259039654893478 0 0 0 0 0.08984520065748558 0 0.05355935104584383 0.02754865617252822 0 0.0759731239203793 0 0 0.005397597924218345 0 0.1049590469088968 0 0.06403053204740786 0.00613859080751511 0.06996554728927734 0 0.04861987614288679 0.04374251276452001 0.06188268903644517 0 0.01083902232672146 0 0.006650505366553316 0 0 0 0.09127483687736948 0.05595515723320407 0 0.01977778225171681 0 0.0587041725705143 0 0 0 0.0515128132795617 0.02263734640821735 0 0.01352120946309344 0.01381624025308897 0.005096959281810309 0 0.02901863124321502 0.03933558151826477 0.006367744422128563 0 0.03400395498441483 0.008329487872700048 0.005273274417447675 0.04391127738845327 0 0 0.02490634527729502 0 0 0 0 0.3202205847381926 0 0.1200756855205082 0 0.1055448196561195 0 0 0 0.3588193385026681 0.03169165420979519 0 0 0 0.2000302795638135 0.2768653873308223 0.2328314135700932 0 0.1809293386967187 0 0.4167540513124989 0 0.02536874284589452 0.1982594847184254 0 0.1252497177984752 0 0 0.4370540248985162 0 0.6605812658470693 0.0983935548936539 0 0.008969606757345604 0 0.1180795045418699 0 0.08544447615970641 0.1442671838396017 0.1844179575232894 0.313834198811685 0 0 0 0.4616093221492394 0.2651443633194394 0.2049392255779689 0 0.4853877272191495 0.1019296766999724 0 0.5377981936064579 0.02766220083551593 0.503106947419347 0.1985791108625891 0 0.4309724284598836 0.05869593230052106 0 0 0 0 0.05144061979291067 0.04107162723233403 0 0 0 0.01463751848647643 0.02508509161766026 0 0.0908616204484321 0.1726522343180878 0.1066585529629764 0.2058871568594777 0 0.004290905305899151 0 0 0 0.1338707541606394 0 0 0 0 0 0.139061912984875 0 0 0.04202941999161525 0.01597829315940369 0 0 0 0 0.03564710994797371 0.01515402382264519 0.01671558659952171 0.01275814825746924 0.1609898917162986 0.02278510289338784 0.129517926494463 0 0 0 0.03755571357258417 0 0.02065820943226312 0.1700596196660958 0.05836705644952356 0.02478931880346191 0 0 0.0005517069467483315 0 0.03488640114492997 0 0.02104558505268714 0 0 0.01767670658078213 0.03723452334931743 0 0 0 0 0.05089958684691981 0.04239939244268598


