# Created by Octave 3.6.4, Mon Apr 28 23:01:45 2014 CEST <alex@pasat>
# name: syntaxnum
# type: cell
# rows: 1
# columns: 15
# name: <cell-element>
# type: cell
# rows: 1
# columns: 2
# name: <cell-element>
# type: matrix
# rows: 1
# columns: 10
 0 1 0 0 0 0 0 0 0 0



# name: <cell-element>
# type: matrix
# rows: 1
# columns: 10
 0 0 1 0 0 0 0 0 0 0






# name: <cell-element>
# type: cell
# rows: 1
# columns: 2
# name: <cell-element>
# type: matrix
# rows: 1
# columns: 10
 0 1 0 0 0 0 0 0 0 0



# name: <cell-element>
# type: cell
# rows: 1
# columns: 2
# name: <cell-element>
# type: matrix
# rows: 1
# columns: 10
 1 0 0 0 0 0 0 0 0 0



# name: <cell-element>
# type: cell
# rows: 1
# columns: 2
# name: <cell-element>
# type: matrix
# rows: 1
# columns: 10
 1 0 0 0 0 0 0 0 0 0



# name: <cell-element>
# type: cell
# rows: 1
# columns: 2
# name: <cell-element>
# type: matrix
# rows: 1
# columns: 10
 1 0 0 0 0 0 0 0 0 0



# name: <cell-element>
# type: matrix
# rows: 1
# columns: 10
 0 0 1 0 0 0 0 0 0 0















# name: <cell-element>
# type: cell
# rows: 1
# columns: 2
# name: <cell-element>
# type: matrix
# rows: 1
# columns: 10
 0 1 0 0 0 0 0 0 0 0



# name: <cell-element>
# type: cell
# rows: 1
# columns: 2
# name: <cell-element>
# type: matrix
# rows: 1
# columns: 10
 1 0 0 0 0 0 0 0 0 0



# name: <cell-element>
# type: matrix
# rows: 1
# columns: 10
 0 0 1 0 0 0 0 0 0 0









# name: <cell-element>
# type: cell
# rows: 1
# columns: 2
# name: <cell-element>
# type: cell
# rows: 1
# columns: 2
# name: <cell-element>
# type: matrix
# rows: 1
# columns: 10
 0 1 0 0 0 0 0 0 0 0



# name: <cell-element>
# type: matrix
# rows: 1
# columns: 10
 0 0 1 0 0 0 0 0 0 0






# name: <cell-element>
# type: cell
# rows: 1
# columns: 2
# name: <cell-element>
# type: matrix
# rows: 1
# columns: 10
 0 0 0 1 0 0 0 0 0 0



# name: <cell-element>
# type: cell
# rows: 1
# columns: 2
# name: <cell-element>
# type: matrix
# rows: 1
# columns: 10
 0 1 0 0 0 0 0 0 0 0



# name: <cell-element>
# type: matrix
# rows: 1
# columns: 10
 0 0 1 0 0 0 0 0 0 0












# name: <cell-element>
# type: cell
# rows: 1
# columns: 2
# name: <cell-element>
# type: matrix
# rows: 1
# columns: 10
 0 0 0 0 1 0 0 0 0 0



# name: <cell-element>
# type: cell
# rows: 1
# columns: 2
# name: <cell-element>
# type: matrix
# rows: 1
# columns: 10
 0 0 0 1 0 0 0 0 0 0



# name: <cell-element>
# type: cell
# rows: 1
# columns: 2
# name: <cell-element>
# type: matrix
# rows: 1
# columns: 10
 0 1 0 0 0 0 0 0 0 0



# name: <cell-element>
# type: matrix
# rows: 1
# columns: 10
 0 0 1 0 0 0 0 0 0 0












# name: <cell-element>
# type: cell
# rows: 1
# columns: 2
# name: <cell-element>
# type: matrix
# rows: 1
# columns: 10
 0 0 0 0 1 0 0 0 0 0



# name: <cell-element>
# type: cell
# rows: 1
# columns: 2
# name: <cell-element>
# type: matrix
# rows: 1
# columns: 10
 0 1 0 0 0 0 0 0 0 0



# name: <cell-element>
# type: cell
# rows: 1
# columns: 2
# name: <cell-element>
# type: matrix
# rows: 1
# columns: 10
 1 0 0 0 0 0 0 0 0 0



# name: <cell-element>
# type: matrix
# rows: 1
# columns: 10
 0 0 1 0 0 0 0 0 0 0












# name: <cell-element>
# type: cell
# rows: 1
# columns: 2
# name: <cell-element>
# type: matrix
# rows: 1
# columns: 10
 0 0 0 0 1 0 0 0 0 0



# name: <cell-element>
# type: cell
# rows: 1
# columns: 2
# name: <cell-element>
# type: matrix
# rows: 1
# columns: 10
 0 1 0 0 0 0 0 0 0 0



# name: <cell-element>
# type: matrix
# rows: 1
# columns: 10
 0 0 1 0 0 0 0 0 0 0









# name: <cell-element>
# type: cell
# rows: 1
# columns: 2
# name: <cell-element>
# type: matrix
# rows: 1
# columns: 10
 0 0 0 1 0 0 0 0 0 0



# name: <cell-element>
# type: cell
# rows: 1
# columns: 2
# name: <cell-element>
# type: matrix
# rows: 1
# columns: 10
 0 1 0 0 0 0 0 0 0 0



# name: <cell-element>
# type: matrix
# rows: 1
# columns: 10
 0 0 1 0 0 0 0 0 0 0









# name: <cell-element>
# type: cell
# rows: 1
# columns: 2
# name: <cell-element>
# type: matrix
# rows: 1
# columns: 10
 0 0 0 1 0 0 0 0 0 0



# name: <cell-element>
# type: cell
# rows: 1
# columns: 2
# name: <cell-element>
# type: matrix
# rows: 1
# columns: 10
 0 1 0 0 0 0 0 0 0 0



# name: <cell-element>
# type: cell
# rows: 1
# columns: 2
# name: <cell-element>
# type: matrix
# rows: 1
# columns: 10
 1 0 0 0 0 0 0 0 0 0



# name: <cell-element>
# type: matrix
# rows: 1
# columns: 10
 0 0 1 0 0 0 0 0 0 0












# name: <cell-element>
# type: cell
# rows: 1
# columns: 2
# name: <cell-element>
# type: matrix
# rows: 1
# columns: 10
 1 0 0 0 0 0 0 0 0 0



# name: <cell-element>
# type: matrix
# rows: 1
# columns: 10
 0 0 1 0 0 0 0 0 0 0






# name: <cell-element>
# type: cell
# rows: 1
# columns: 2
# name: <cell-element>
# type: matrix
# rows: 1
# columns: 10
 1 0 0 0 0 0 0 0 0 0



# name: <cell-element>
# type: cell
# rows: 1
# columns: 2
# name: <cell-element>
# type: matrix
# rows: 1
# columns: 10
 1 0 0 0 0 0 0 0 0 0



# name: <cell-element>
# type: matrix
# rows: 1
# columns: 10
 0 0 1 0 0 0 0 0 0 0









# name: <cell-element>
# type: cell
# rows: 1
# columns: 2
# name: <cell-element>
# type: matrix
# rows: 1
# columns: 10
 1 0 0 0 0 0 0 0 0 0



# name: <cell-element>
# type: cell
# rows: 1
# columns: 2
# name: <cell-element>
# type: matrix
# rows: 1
# columns: 10
 1 0 0 0 0 0 0 0 0 0



# name: <cell-element>
# type: cell
# rows: 1
# columns: 2
# name: <cell-element>
# type: matrix
# rows: 1
# columns: 10
 1 0 0 0 0 0 0 0 0 0



# name: <cell-element>
# type: matrix
# rows: 1
# columns: 10
 0 0 1 0 0 0 0 0 0 0












# name: <cell-element>
# type: cell
# rows: 1
# columns: 2
# name: <cell-element>
# type: cell
# rows: 1
# columns: 2
# name: <cell-element>
# type: matrix
# rows: 1
# columns: 10
 0 1 0 0 0 0 0 0 0 0



# name: <cell-element>
# type: matrix
# rows: 1
# columns: 10
 0 0 1 0 0 0 0 0 0 0






# name: <cell-element>
# type: matrix
# rows: 1
# columns: 10
 0 0 0 0 1 0 0 0 0 0






# name: <cell-element>
# type: cell
# rows: 1
# columns: 2
# name: <cell-element>
# type: cell
# rows: 1
# columns: 2
# name: <cell-element>
# type: matrix
# rows: 1
# columns: 10
 0 1 0 0 0 0 0 0 0 0



# name: <cell-element>
# type: matrix
# rows: 1
# columns: 10
 0 0 1 0 0 0 0 0 0 0






# name: <cell-element>
# type: cell
# rows: 1
# columns: 2
# name: <cell-element>
# type: matrix
# rows: 1
# columns: 10
 0 0 0 0 1 0 0 0 0 0



# name: <cell-element>
# type: cell
# rows: 1
# columns: 2
# name: <cell-element>
# type: matrix
# rows: 1
# columns: 10
 0 1 0 0 0 0 0 0 0 0



# name: <cell-element>
# type: cell
# rows: 1
# columns: 2
# name: <cell-element>
# type: matrix
# rows: 1
# columns: 10
 1 0 0 0 0 0 0 0 0 0



# name: <cell-element>
# type: matrix
# rows: 1
# columns: 10
 0 0 1 0 0 0 0 0 0 0















# name: <cell-element>
# type: cell
# rows: 1
# columns: 2
# name: <cell-element>
# type: cell
# rows: 1
# columns: 2
# name: <cell-element>
# type: matrix
# rows: 1
# columns: 10
 0 1 0 0 0 0 0 0 0 0



# name: <cell-element>
# type: cell
# rows: 1
# columns: 2
# name: <cell-element>
# type: matrix
# rows: 1
# columns: 10
 1 0 0 0 0 0 0 0 0 0



# name: <cell-element>
# type: matrix
# rows: 1
# columns: 10
 0 0 1 0 0 0 0 0 0 0









# name: <cell-element>
# type: cell
# rows: 1
# columns: 2
# name: <cell-element>
# type: matrix
# rows: 1
# columns: 10
 0 0 0 0 1 0 0 0 0 0



# name: <cell-element>
# type: cell
# rows: 1
# columns: 2
# name: <cell-element>
# type: matrix
# rows: 1
# columns: 10
 0 0 0 1 0 0 0 0 0 0



# name: <cell-element>
# type: cell
# rows: 1
# columns: 2
# name: <cell-element>
# type: matrix
# rows: 1
# columns: 10
 0 1 0 0 0 0 0 0 0 0



# name: <cell-element>
# type: matrix
# rows: 1
# columns: 10
 0 0 1 0 0 0 0 0 0 0

















