# Created by Octave 3.6.2, Tue May 14 00:37:58 2013 CEST <alex@desktop>
# name: packedGnn
# type: scalar struct
# ndims: 2
 1 1
# length: 10
# name: transitionNet
# type: scalar struct
# ndims: 2
 1 1
# length: 15
# name: weights1
# type: matrix
# rows: 5
# columns: 7
 0.1125451966399966 -0.1192430026824205 -0.026410130311553 -0.09082452900102871 -0.02311231576400836 0.09421239058891029 0.09432837160650051
 0.04877833058203865 -0.09649164698383701 0.1022887032657597 -0.04363109096755698 0.09413958057044527 0.003412277877644421 -0.01395323599658481
 -0.05596150434578705 -0.07005497856770494 -0.07929922741469116 0.1089400670988629 0.0411266758517165 -0.07639444595768445 -0.1002612848522244
 -0.09076850168708724 -0.06693679161773815 0.01344473331031795 -0.04160370740988058 -0.1015981718105197 -0.007489972737608611 0.1064734539043598
 0.1146156320249134 0.0834641839893599 -0.1214651667879057 0.08375924668816248 0.05404941264401622 0.04730476768176214 0.03713029843513191


# name: bias1
# type: matrix
# rows: 5
# columns: 1
 -0.0275697650988478
 -0.08394267352110478
 0.1086036793590044
 0.01199496108873738
 -0.09398936040515256


# name: weights2
# type: matrix
# rows: 5
# columns: 5
 -0.1650888888440404 0.02183446487657259 -0.1120027643641258 0.1487673775511238 0.1035692309159077
 -0.01312111979004562 -0.14756044580969 0.05419416003383429 0.1581231620118735 -0.05610642037596419
 0.1569968703601908 0.0852729011236452 0.1229107397521995 0.06904914654994643 0.07527064426127446
 -0.1191059484103598 -0.156701722080881 0.1417560649311751 -0.1289010073127372 0.009470999877202161
 -0.08965585107813813 0.1276006119876705 -0.1642757700923661 0.05023952080945548 0.09372735961519681


# name: bias2
# type: matrix
# rows: 5
# columns: 1
 0.03573514327171171
 0.09455389765235726
 -0.06714101942506451
 0.114143946053977
 5.98499531620685e-05


# name: nInputLines
# type: scalar
7


# name: nHiddenNeurons
# type: scalar
5


# name: nOutputNeurons
# type: scalar
5


# name: nWeights
# type: scalar
70


# name: outputFun
# type: sq_string
# elements: 1
# length: 6
tansig


# name: activation1
# type: matrix
# rows: 0
# columns: 0


# name: activationderivative1
# type: matrix
# rows: 0
# columns: 0


# name: activation2ndderivative1
# type: matrix
# rows: 0
# columns: 0


# name: activation2
# type: matrix
# rows: 0
# columns: 0


# name: activationderivative2
# type: matrix
# rows: 0
# columns: 0


# name: activation2ndderivative2
# type: matrix
# rows: 0
# columns: 0




# name: outputNet
# type: scalar struct
# ndims: 2
 1 1
# length: 15
# name: weights1
# type: matrix
# rows: 5
# columns: 5
 -0.02930032684223615 -0.01234797388936209 -0.006462328937758233 -0.02624324774763416 -0.01546091476564525
 -0.03027320725297308 -0.02462479481330783 0.01563012228126426 0.03155343785709295 -0.000998749723042506
 0.02174268358422831 -0.008885475315847036 0.00724863062295984 -0.0253556636052601 0.002986294051721054
 0.01586519150108157 0.02988909081913316 -0.000717375743803339 -0.01494731192345391 0.01509265509407111
 -0.02220100206900236 -0.002052587340744334 0.02538319213405101 0.008267966260376885 0.01064637499155055


# name: bias1
# type: matrix
# rows: 5
# columns: 1
 0.05969895802344694
 0.113123598256013
 0.02346378387890872
 -0.01794437105887842
 0.07706461776143254


# name: weights2
# type: matrix
# rows: 1
# columns: 5
 0.09747337348159213 0.06753579642848399 0.03189711647416641 0.0238460775434877 0.02292482852542925


# name: bias2
# type: scalar
0.06054015284255831


# name: nInputLines
# type: scalar
5


# name: nHiddenNeurons
# type: scalar
5


# name: nOutputNeurons
# type: scalar
1


# name: nWeights
# type: scalar
36


# name: outputFun
# type: sq_string
# elements: 1
# length: 6
tansig


# name: activation1
# type: matrix
# rows: 0
# columns: 0


# name: activationderivative1
# type: matrix
# rows: 0
# columns: 0


# name: activation2ndderivative1
# type: matrix
# rows: 0
# columns: 0


# name: activation2
# type: matrix
# rows: 0
# columns: 0


# name: activationderivative2
# type: matrix
# rows: 0
# columns: 0


# name: activation2ndderivative2
# type: matrix
# rows: 0
# columns: 0




# name: maxIndegree
# type: scalar
5


# name: stateSize
# type: scalar
5


# name: nodeLabelSize
# type: scalar
1


# name: edgeLabelSize
# type: scalar
1


# name: minStateDiff
# type: scalar
1e-08


# name: minErrorAccDiff
# type: scalar
1e-08


# name: contractionConstant
# type: scalar
0.9


# name: nWeights
# type: scalar
106




# name: trainStats
# type: matrix
# rows: 51
# columns: 10
 7.712668842404013 9 6 0 0 0 100 7 7 0
 7.700329107419519 19 15 0 54 53 100 7 7 0
 7.610947613435625 74 64 0 23 6 100 7 7 0
 7.841281841318814 201 201 0 39 56 100 7 7 0
 8.064788551634663 201 27 1 23 19 99 56 54 8
 7.751325461191152 45 32 1 37 36 53 90 43 639
 7.623962177096548 201 201 0 43 22 100 7 7 0
 7.621959220016516 201 201 1 19 33 73 83 56 396
 7.788680617389981 201 201 1 36 25 77 71 49 8631
 7.82631474624851 201 201 1 11 61 90 66 56 449
 7.827669660999367 201 201 1 34 11 90 64 54 1152
 7.718131870221906 201 201 1 37 11 100 64 64 8
 7.718822580917153 201 201 1 13 17 90 71 61 52
 7.723915477650506 201 201 0 59 50 100 7 7 0
 7.670792729690629 201 201 0 9 14 100 7 7 0
 7.633475900222829 97 73 0 3 17 100 7 7 0
 7.609370701028705 42 36 0 24 14 100 7 7 0
 7.686300342421585 37 29 0 6 78 100 7 7 0
 7.633768798472908 26 21 0 19 14 100 7 7 0
 7.644160376008287 22 18 0 14 53 100 7 7 0
 7.630746395273715 17 14 0 17 6 100 7 7 0
 7.625843542539214 14 11 0 11 31 100 7 7 0
 7.863449511974602 12 9 0 17 67 100 7 7 0
 7.794840970879611 11 7 0 3 0 100 7 7 0
 7.748370850464233 12 7 0 11 17 100 7 7 0
 7.679328086518617 45 20 1 49 3 71 91 63 706
 7.708550649475031 11 7 0 7 78 100 7 7 0
 7.693583183945557 16 10 0 14 0 100 7 7 0
 7.638925272027273 201 169 1 40 28 30 100 30 11412
 7.687183009905535 16 10 1 11 58 87 70 57 7
 7.666222168242942 22 14 1 21 14 64 91 56 145
 7.66375566964905 47 35 1 24 33 60 91 51 1766
 7.720679427680335 38 30 1 40 28 61 99 60 989
 7.688776554923773 77 62 1 19 44 63 74 37 94
 7.684546908671508 93 94 1 13 11 43 99 41 10647
 7.65154171886716 124 129 1 34 25 70 89 59 424
 7.654713261346041 119 98 1 14 14 57 89 46 102
 7.671899765484694 200 185 1 36 44 77 91 69 719
 7.614801904372388 164 112 1 13 0 70 100 70 284
 7.662901250322681 187 133 1 39 44 71 77 49 2250
 7.629572941104273 201 201 1 14 31 59 96 54 4194
 7.618230214452918 201 176 1 14 6 60 94 54 8492
 7.581300926782799 86 81 1 7 6 67 94 61 1574
 7.582669963230654 60 53 1 36 39 59 79 37 146
 7.5382586841807 41 35 1 31 0 61 84 46 1945
 7.507763985317689 35 29 1 19 0 57 84 41 621
 7.482986786810483 28 24 1 14 6 71 83 54 87
 7.439931332253494 22 19 1 11 11 79 86 64 426
 7.370958663174089 23 15 1 14 3 76 81 57 221
 7.29359510403116 25 15 1 11 19 70 83 53 353
 7.245342391529195 36 0 0 0 0 0 0 0 0


# name: nInitialIterations
# type: scalar
50


# name: time
# type: scalar
1585.682996034622


