# Created by Octave 3.6.2, Mon May 13 23:31:44 2013 CEST <alex@desktop>
# name: packedGnn
# type: scalar struct
# ndims: 2
 1 1
# length: 10
# name: transitionNet
# type: scalar struct
# ndims: 2
 1 1
# length: 15
# name: weights1
# type: matrix
# rows: 5
# columns: 7
 -0.06755471642096549 -0.05812997898298582 0.03888147864433736 0.09086156304896251 0.007485615589775757 -0.07512507285892382 -0.07996250066232617
 0.00351319569342548 0.08056887390213049 -0.0554176213927061 -0.06233366490747962 0.01600508285543331 -0.1152729251814344 0.03787831329117675
 0.1145921544005976 0.03712712845754029 -0.1224310480983792 -0.1164247328504885 -0.08214383092946613 0.1017419376465734 -0.05670429387128385
 0.118012829262137 0.0291430212324971 0.03993501722289475 -0.02134871226179356 0.009863757353290786 -0.02467540720406404 0.03805375287444374
 0.009486568513166899 -0.1098847393284325 0.03929191497604204 0.02789246387760569 0.08406302565721854 -0.02113655204733821 0.08914791293120616


# name: bias1
# type: matrix
# rows: 5
# columns: 1
 0.006602377469823006
 0.1142172135058911
 0.02600850189266274
 0.09888408677044278
 0.04717601322796103


# name: weights2
# type: matrix
# rows: 5
# columns: 5
 0.1483400399640065 -0.1256224308037686 -0.157801700493651 0.1094108183433514 -0.1233616371365139
 0.06593647806510876 0.1634594233088629 0.07532843403521587 0.03271342561486305 0.09951153046027394
 0.0279303348975651 0.03609565241289914 -0.08527005043815407 0.06732370662787912 -0.1656158867877706
 -0.03451280474969896 -0.1079038676352293 -0.1471823746613702 0.1636762935514033 -0.01846988203774619
 -0.1477957131542217 0.09952678345418053 -0.07370994196485749 0.08592197865694855 -0.128685242044982


# name: bias2
# type: matrix
# rows: 5
# columns: 1
 -0.1594381929758208
 0.05292056754228528
 -0.1327530788279764
 0.003730656578772362
 -0.03886986762439487


# name: nInputLines
# type: scalar
7


# name: nHiddenNeurons
# type: scalar
5


# name: nOutputNeurons
# type: scalar
5


# name: nWeights
# type: scalar
70


# name: outputFun
# type: sq_string
# elements: 1
# length: 6
tansig


# name: activation1
# type: matrix
# rows: 0
# columns: 0


# name: activationderivative1
# type: matrix
# rows: 0
# columns: 0


# name: activation2ndderivative1
# type: matrix
# rows: 0
# columns: 0


# name: activation2
# type: matrix
# rows: 0
# columns: 0


# name: activationderivative2
# type: matrix
# rows: 0
# columns: 0


# name: activation2ndderivative2
# type: matrix
# rows: 0
# columns: 0




# name: outputNet
# type: scalar struct
# ndims: 2
 1 1
# length: 15
# name: weights1
# type: matrix
# rows: 5
# columns: 5
 0.0248143839925899 0.005840473979284356 0.02668569339152173 -0.0134413292078075 -0.03307857187585302
 -0.02106953886921692 -0.0268465986470578 -0.02771342805585647 -0.01541391338254878 -0.03159605171897701
 0.00250761009366031 0.0003469686615355775 0.01383671016988444 -0.02082997137093982 0.006489269089415228
 0.0247025372162358 -0.01362502965554064 -0.0249489078925675 0.02567262066552231 0.03079788946818036
 -0.03248182856016522 0.02713610585527894 -0.002784158263399598 -0.02343041788218429 -0.001261200842955804


# name: bias1
# type: matrix
# rows: 5
# columns: 1
 -0.03042437018487556
 -0.1115837277285397
 -0.06057196752915656
 0.07991304774807557
 -0.1655276357481227


# name: weights2
# type: matrix
# rows: 1
# columns: 5
 -0.00892809307342011 -0.006019050479415773 0.1221017688109891 -0.07835907164871742 -0.06635021101577819


# name: bias2
# type: scalar
0.1181177386043412


# name: nInputLines
# type: scalar
5


# name: nHiddenNeurons
# type: scalar
5


# name: nOutputNeurons
# type: scalar
1


# name: nWeights
# type: scalar
36


# name: outputFun
# type: sq_string
# elements: 1
# length: 6
tansig


# name: activation1
# type: matrix
# rows: 0
# columns: 0


# name: activationderivative1
# type: matrix
# rows: 0
# columns: 0


# name: activation2ndderivative1
# type: matrix
# rows: 0
# columns: 0


# name: activation2
# type: matrix
# rows: 0
# columns: 0


# name: activationderivative2
# type: matrix
# rows: 0
# columns: 0


# name: activation2ndderivative2
# type: matrix
# rows: 0
# columns: 0




# name: maxIndegree
# type: scalar
5


# name: stateSize
# type: scalar
5


# name: nodeLabelSize
# type: scalar
1


# name: edgeLabelSize
# type: scalar
1


# name: minStateDiff
# type: scalar
1e-08


# name: minErrorAccDiff
# type: scalar
1e-08


# name: contractionConstant
# type: scalar
0.9


# name: nWeights
# type: scalar
106




# name: trainStats
# type: matrix
# rows: 51
# columns: 10
 7.708061233173671 11 7 0 0 0 100 7 7 0
 7.853817937172355 44 28 0 51 47 100 7 7 0
 7.532078760529524 21 18 0 17 14 100 7 7 0
 9.692366623545794 27 22 0 47 72 100 7 7 0
 7.867373894430328 33 28 0 26 28 100 7 7 0
 7.679926481663764 25 19 0 31 36 100 7 7 0
 7.840418462802389 20 14 0 34 44 100 7 7 0
 7.754055481912944 19 13 0 36 17 100 7 7 0
 7.610119375031671 22 18 0 39 14 100 7 7 0
 7.406768887991506 34 26 0 4 17 100 7 7 0
 7.325326193227951 44 37 0 17 25 100 7 7 0
 7.120955740683635 41 33 0 16 19 100 7 7 0
 6.929222912107572 30 26 0 4 14 100 7 7 0
 6.704909145268243 24 21 0 14 8 100 7 7 0
 6.347221491313269 20 19 0 21 22 100 7 7 0
 6.159650265665348 19 13 0 9 14 100 7 7 0
 6.94505590107538 27 20 0 69 53 100 7 7 0
 6.437238139275826 20 15 0 9 39 100 7 7 0
 5.93284770800912 27 19 0 29 11 100 7 7 0
 5.961502716576033 27 20 0 34 44 100 7 7 0
 6.314825447546245 25 18 0 36 25 100 7 7 0
 5.887485365185415 30 24 0 6 11 100 7 7 0
 5.999095465685243 38 32 0 70 56 100 7 7 0
 5.91966538916809 46 36 0 7 8 100 7 7 0
 5.839463276450286 61 50 0 7 6 100 7 7 0
 5.917494713905313 65 59 0 56 44 100 7 7 0
 5.799600489748485 80 72 0 7 14 100 7 7 0
 5.791638568094967 197 186 0 4 25 100 7 7 0
 5.733508543509542 201 152 0 3 6 100 7 7 0
 6.468057828383271 201 83 0 13 69 100 7 7 0
 5.939257248290287 201 201 0 36 19 100 7 7 0
 6.463697247712595 201 47 0 34 36 100 7 7 0
 6.212154889472409 201 77 0 10 14 100 7 7 0
 6.127550905809355 201 77 0 4 11 100 7 7 0
 6.230361423027354 201 56 0 13 28 100 7 7 0
 6.480590215151834 201 144 0 33 14 100 7 7 0
 6.282531396020845 201 201 0 4 11 100 7 7 0
 6.41433329885135 201 201 0 59 3 100 7 7 0
 6.357670275589796 201 134 0 0 3 100 7 7 0
 6.257169640160992 201 201 0 14 8 100 7 7 0
 6.340690103747135 201 201 0 49 19 100 7 7 0
 6.500932427380491 201 44 1 19 42 97 47 44 2
 6.200410077571011 201 201 1 21 6 97 61 59 3
 6.274415585117493 201 58 1 17 11 93 50 43 13
 6.113378300793414 201 201 1 9 31 97 50 47 4
 6.199427613467959 201 30 1 10 22 91 53 44 6
 6.059143758660902 201 24 1 20 6 96 44 40 4
 6.068390150069185 201 201 1 47 69 96 56 51 4
 6.033065821338976 201 201 1 29 19 96 51 47 3
 5.887342144859957 201 52 1 16 3 94 66 60 32
 5.772929892079455 201 0 0 0 0 0 0 0 0


# name: nInitialIterations
# type: scalar
50


# name: time
# type: scalar
1653.594803094864


