# Created by Octave 3.6.2, Mon May 13 22:09:58 2013 CEST <alex@desktop>
# name: packedGnn
# type: scalar struct
# ndims: 2
 1 1
# length: 10
# name: transitionNet
# type: scalar struct
# ndims: 2
 1 1
# length: 15
# name: weights1
# type: matrix
# rows: 5
# columns: 7
 -0.005873399425778483 -0.09706087568577858 -0.03518470889613053 -0.008670588367402046 -0.07722965023133509 -0.05941879007867303 0.1085511692939794
 -0.0765053809347324 0.09719059131590116 -0.08538090851288134 -0.1110740405750529 -0.03447871249456914 0.01991504998436833 -0.06341010952977756
 0.06069620844644302 -0.01675653234551795 -0.01929100351088354 0.09394482734241741 -0.05628768818407377 0.05833625977925133 0.0628848986986241
 -0.01092195378348922 -0.01580951062584422 -0.09340105256449156 -0.003009758515131092 -0.006701236481434072 -0.0125096017320273 -0.02893612881108019
 -0.1102577890149104 -0.05895599329461522 -0.1181798089775458 0.03592925630009075 -0.01418695695614534 -0.005576392568648461 0.1183708844079806


# name: bias1
# type: matrix
# rows: 5
# columns: 1
 0.00613177480399113
 0.06562747269069305
 -0.1039468548003119
 -0.06194788463666663
 0.05361524016922423


# name: weights2
# type: matrix
# rows: 5
# columns: 5
 -0.08798477572856968 -0.1251840391268459 -0.07041981342480962 -0.1457738889735248 -0.1159992062949675
 0.0190905382935513 -0.04587823526352783 -0.07359803129396734 0.06773679044447152 -0.1618134994923315
 -0.02057274835348627 -0.02563748216282312 -0.1304128539676332 0.08713124570200192 -0.0182071492446829
 0.01489513099599408 -0.02343404915755918 0.02261586060402758 -0.1254681807728151 -0.002667550401599513
 0.0965790834054896 0.1655897196541198 -0.1264938487116962 0.05835299393259171 0.1132490320431571


# name: bias2
# type: matrix
# rows: 5
# columns: 1
 0.02350903879930862
 -0.07064722849912085
 0.04749151272601596
 0.0898041613576795
 -0.09549284936991881


# name: nInputLines
# type: scalar
7


# name: nHiddenNeurons
# type: scalar
5


# name: nOutputNeurons
# type: scalar
5


# name: nWeights
# type: scalar
70


# name: outputFun
# type: sq_string
# elements: 1
# length: 6
tansig


# name: activation1
# type: matrix
# rows: 0
# columns: 0


# name: activationderivative1
# type: matrix
# rows: 0
# columns: 0


# name: activation2ndderivative1
# type: matrix
# rows: 0
# columns: 0


# name: activation2
# type: matrix
# rows: 0
# columns: 0


# name: activationderivative2
# type: matrix
# rows: 0
# columns: 0


# name: activation2ndderivative2
# type: matrix
# rows: 0
# columns: 0




# name: outputNet
# type: scalar struct
# ndims: 2
 1 1
# length: 15
# name: weights1
# type: matrix
# rows: 5
# columns: 5
 0.01743086624261458 0.01285583525193238 -0.01131581113325408 -0.008630203661561291 0.01960863547411226
 0.02241130432097382 0.008384151483929014 0.00529509944523235 0.009995283367829681 0.003644885100036096
 0.02110398363140518 0.01209102804780897 0.03014085620214104 -0.0113003889903913 -0.03185168816566923
 0.02417686673196359 -0.02835669125300495 -0.01699578877020575 0.02148963154667432 -0.01583228148008785
 -0.01176821505619437 0.02938957676133223 0.02601241832678704 0.0007323110030060364 -0.02759550044791009


# name: bias1
# type: matrix
# rows: 5
# columns: 1
 0.1059640085021327
 0.1016030143321693
 0.04403716762920677
 0.04074962992591202
 0.01071304213896392


# name: weights2
# type: matrix
# rows: 1
# columns: 5
 0.1291376256771959 0.02994953857230416 -0.09190491744332158 -0.06441855980153079 0.1452787110707794


# name: bias2
# type: scalar
-0.08662788426402078


# name: nInputLines
# type: scalar
5


# name: nHiddenNeurons
# type: scalar
5


# name: nOutputNeurons
# type: scalar
1


# name: nWeights
# type: scalar
36


# name: outputFun
# type: sq_string
# elements: 1
# length: 6
tansig


# name: activation1
# type: matrix
# rows: 0
# columns: 0


# name: activationderivative1
# type: matrix
# rows: 0
# columns: 0


# name: activation2ndderivative1
# type: matrix
# rows: 0
# columns: 0


# name: activation2
# type: matrix
# rows: 0
# columns: 0


# name: activationderivative2
# type: matrix
# rows: 0
# columns: 0


# name: activation2ndderivative2
# type: matrix
# rows: 0
# columns: 0




# name: maxIndegree
# type: scalar
5


# name: stateSize
# type: scalar
5


# name: nodeLabelSize
# type: scalar
1


# name: edgeLabelSize
# type: scalar
1


# name: minStateDiff
# type: scalar
1e-08


# name: minErrorAccDiff
# type: scalar
1e-08


# name: contractionConstant
# type: scalar
0.9


# name: nWeights
# type: scalar
106




# name: trainStats
# type: matrix
# rows: 51
# columns: 10
 7.830603760097211 15 9 0 0 0 100 7 7 0
 7.868362246207977 14 11 0 60 61 100 7 7 0
 8.133725122555273 21 17 1 17 39 84 63 47 2855
 7.750262434804691 29 21 1 39 25 49 90 39 18119
 7.686042640682497 27 24 1 27 56 41 91 33 6764
 7.716823137072021 110 92 1 20 17 56 99 54 48874
 7.695990148818838 52 37 1 37 28 77 84 61 364
 7.888421178307565 48 35 1 27 44 67 86 53 248
 7.697236933415256 37 29 0 26 47 100 7 7 0
 7.7227186605076 49 42 0 39 28 100 7 7 0
 7.763816378821008 201 201 1 27 72 74 91 66 111758
 7.680371880410873 201 201 1 21 6 70 87 57 386
 7.623611823007916 201 201 1 34 3 57 87 44 72
 7.742181434294458 201 201 1 19 81 81 61 43 861
 7.720122177821949 201 201 0 31 3 100 7 7 0
 7.720975225692968 201 201 0 21 28 100 7 7 0
 7.710158859872504 201 201 0 14 8 100 7 7 0
 7.716330679251292 201 201 0 7 64 100 7 7 0
 7.744612320235142 72 56 0 9 19 100 7 7 0
 7.738830911879327 35 29 0 1 0 100 7 7 0
 7.734416038120312 25 19 0 14 17 100 7 7 0
 7.727589839107408 23 17 0 3 11 100 7 7 0
 7.717961193514887 35 26 1 21 28 89 50 39 5
 7.69583919981397 201 166 1 21 11 57 84 41 515884
 7.689673329938743 42 30 1 14 14 61 84 46 1520136
 7.681369397919536 23 16 0 46 42 100 7 7 0
 7.684633996710713 34 22 1 11 25 59 91 50 3834017
 7.659641690913531 24 17 1 9 19 67 89 56 45923
 7.647457785930387 34 24 0 43 22 100 7 7 0
 7.606461204307741 25 19 1 23 11 66 84 50 2919848
 7.599010430776397 36 26 1 44 42 61 94 56 202219
 7.584054716025062 24 18 1 10 39 83 86 69 2384150
 7.554958360535897 35 27 1 29 39 79 71 50 160892
 7.537750859854539 40 29 0 9 0 100 7 7 0
 7.546424611566247 32 25 0 6 22 100 7 7 0
 7.537747448385334 31 24 0 20 8 100 7 7 0
 7.504645723825557 24 20 0 3 50 100 7 7 0
 7.482394837511452 21 15 0 13 28 100 7 7 0
 7.482438440197376 18 13 0 0 22 100 7 7 0
 7.468880543920626 14 10 0 9 25 100 7 7 0
 7.425416065653033 14 9 0 3 3 100 7 7 0
 7.319565101658731 18 15 1 29 64 79 76 54 29431
 8.254042888539725 201 201 1 33 36 83 57 40 749
 7.507794515614215 72 114 1 10 0 66 71 37 8397
 7.501974077635006 201 201 1 27 22 89 41 30 82
 7.341791546889564 201 80 1 33 75 59 97 56 6804
 7.537251309027782 201 201 1 14 19 86 66 51 3403
 7.497829803681174 201 201 1 29 0 87 59 46 7182
 7.766703463753212 201 201 1 39 86 87 76 63 38439
 7.53706718777874 201 201 1 13 0 80 74 54 1066
 7.522393129455036 201 0 0 0 0 0 0 0 0


# name: nInitialIterations
# type: scalar
50


# name: time
# type: scalar
1558.096846103668


