# Created by Octave 3.6.2, Mon May 13 22:34:38 2013 CEST <alex@desktop>
# name: packedGnn
# type: scalar struct
# ndims: 2
 1 1
# length: 10
# name: transitionNet
# type: scalar struct
# ndims: 2
 1 1
# length: 15
# name: weights1
# type: matrix
# rows: 5
# columns: 7
 -0.0551325792246103 0.08494914148685689 -0.1007396877610667 -0.1090855792875259 -0.06616011206839374 0.06134735818520159 0.01646628453559104
 0.1072229318013574 0.00256539139358497 0.01382799406078092 -0.09849353060508108 -0.01136104384082152 -0.06456029884561031 -0.07933334601420476
 0.1062240672346528 -0.02033235434753632 -0.05262803390000202 -0.09240462331261086 -0.02338454861543758 -0.09684517718271431 -0.08073345239882189
 0.03244560801558635 0.006865356968477121 -0.1023707081134024 0.003523594313186967 -0.09118700874804943 -0.02605798432562677 0.115372695091125
 -0.08603617867306666 -0.0005586477901510095 -0.05363447174701035 0.04661288660160726 -0.04842326857932887 -0.02896251024371606 -0.1030051478760104


# name: bias1
# type: matrix
# rows: 5
# columns: 1
 -0.06325526817175907
 0.09504474165585849
 0.09812890665209978
 0.07774199716073443
 -0.02071520223230612


# name: weights2
# type: matrix
# rows: 5
# columns: 5
 -0.1384660146523415 0.07526450697114544 -0.1447104892776439 0.1394963134582016 0.07087288867355794
 -0.1622209451947823 0.0789097232268003 0.05161217546796145 -0.03182842900166385 0.03147579738941745
 -0.02523593895746684 -0.1280818047594904 0.002704525760531558 0.0008130950124113356 -0.05016867859597457
 0.1515508555846416 0.1203024365597267 -0.1467309224313163 -0.02987263050532183 -0.00409800094257982
 -0.0577941074923089 0.03080911307684468 -0.02822467809154426 -0.05219236566969434 0.00117917941341709


# name: bias2
# type: matrix
# rows: 5
# columns: 1
 -0.09971827268023482
 -0.08619396450706619
 -0.08642076215252047
 -0.1594001274852241
 0.07381952618172034


# name: nInputLines
# type: scalar
7


# name: nHiddenNeurons
# type: scalar
5


# name: nOutputNeurons
# type: scalar
5


# name: nWeights
# type: scalar
70


# name: outputFun
# type: sq_string
# elements: 1
# length: 6
tansig


# name: activation1
# type: matrix
# rows: 0
# columns: 0


# name: activationderivative1
# type: matrix
# rows: 0
# columns: 0


# name: activation2ndderivative1
# type: matrix
# rows: 0
# columns: 0


# name: activation2
# type: matrix
# rows: 0
# columns: 0


# name: activationderivative2
# type: matrix
# rows: 0
# columns: 0


# name: activation2ndderivative2
# type: matrix
# rows: 0
# columns: 0




# name: outputNet
# type: scalar struct
# ndims: 2
 1 1
# length: 15
# name: weights1
# type: matrix
# rows: 5
# columns: 5
 -0.0183831066427088 -0.01293921662838165 0.001398523160769642 -0.02255765277563841 0.02776242696746389
 0.01657820101802404 0.001596568644321672 0.01914775661761704 0.02838589300403156 0.03266136242328065
 -0.02076167601972804 0.01297034921734042 0.02208371927000175 0.01604250600139641 -0.009011814992069152
 0.02282858824419502 -0.01098583247021399 -0.01167169003389763 0.01773966032055243 0.008497055259832648
 -0.01708849339975791 -0.007719218649969417 0.006953460919981487 -0.02935468335439637 -0.01174378812432457


# name: bias1
# type: matrix
# rows: 5
# columns: 1
 -0.1285162502740376
 0.1317430330268958
 0.1528202973229739
 0.1053531684026474
 -0.1564638684616349


# name: weights2
# type: matrix
# rows: 1
# columns: 5
 0.06408486277784946 0.1569618444752182 -0.1260456081214157 0.1641111565527044 -0.06875385445775185


# name: bias2
# type: scalar
-0.09094604988292986


# name: nInputLines
# type: scalar
5


# name: nHiddenNeurons
# type: scalar
5


# name: nOutputNeurons
# type: scalar
1


# name: nWeights
# type: scalar
36


# name: outputFun
# type: sq_string
# elements: 1
# length: 6
tansig


# name: activation1
# type: matrix
# rows: 0
# columns: 0


# name: activationderivative1
# type: matrix
# rows: 0
# columns: 0


# name: activation2ndderivative1
# type: matrix
# rows: 0
# columns: 0


# name: activation2
# type: matrix
# rows: 0
# columns: 0


# name: activationderivative2
# type: matrix
# rows: 0
# columns: 0


# name: activation2ndderivative2
# type: matrix
# rows: 0
# columns: 0




# name: maxIndegree
# type: scalar
5


# name: stateSize
# type: scalar
5


# name: nodeLabelSize
# type: scalar
1


# name: edgeLabelSize
# type: scalar
1


# name: minStateDiff
# type: scalar
1e-08


# name: minErrorAccDiff
# type: scalar
1e-08


# name: contractionConstant
# type: scalar
0.9


# name: nWeights
# type: scalar
106




# name: trainStats
# type: matrix
# rows: 51
# columns: 10
 7.822153354117885 11 8 0 0 0 100 7 7 0
 7.766984892415502 16 13 0 49 61 100 7 7 0
 7.771385096363466 21 17 0 16 19 100 7 7 0
 8.570296492858205 11 7 0 57 81 100 7 7 0
 7.639871483036811 39 29 0 17 14 100 7 7 0
 7.727007474538166 29 23 0 37 58 100 7 7 0
 7.580419987608734 43 31 0 13 36 100 7 7 0
 7.48196860526785 129 110 0 7 36 100 7 7 0
 7.334298149433305 71 62 0 19 19 100 7 7 0
 7.323606767782485 60 51 0 19 25 100 7 7 0
 7.341416986099372 45 41 0 23 42 100 7 7 0
 7.267984986494293 26 21 0 10 36 100 7 7 0
 7.218037303377064 59 48 0 49 6 100 7 7 0
 7.20096682555093 17 16 0 16 81 100 7 7 0
 7.27432038862761 18 14 0 27 3 100 7 7 0
 7.182413412941088 24 19 0 46 11 100 7 7 0
 7.228152706862931 18 14 0 6 75 100 7 7 0
 7.215389613291086 23 17 0 19 3 100 7 7 0
 7.183589223441857 24 18 0 27 0 100 7 7 0
 7.160319769109093 29 22 0 17 19 100 7 7 0
 7.119065274129223 45 33 0 27 0 100 7 7 0
 7.032169440928933 53 38 0 11 6 100 7 7 0
 6.958518756762246 87 61 0 13 19 100 7 7 0
 6.9889581201188 201 201 0 30 42 100 7 7 0
 6.882794032172368 201 201 0 14 8 100 7 7 0
 6.814583513205984 201 201 0 24 17 100 7 7 0
 6.713105242041273 201 201 0 1 3 100 7 7 0
 6.570481546447269 201 201 0 20 17 100 7 7 0
 6.490612567484366 40 38 0 14 53 100 7 7 0
 6.499142888715097 73 61 0 33 14 100 7 7 0
 6.312774564921194 57 42 0 3 78 100 7 7 0
 6.269008748154145 182 201 0 13 0 100 7 7 0
 6.806817997227002 201 27 0 23 19 100 7 7 0
 6.786194901300357 201 87 0 34 14 100 7 7 0
 6.564783847140163 60 50 0 17 53 100 7 7 0
 6.935009745632527 201 201 0 19 8 100 7 7 0
 7.136937821741014 201 201 0 39 19 100 7 7 0
 6.661488360927785 54 49 0 36 11 100 7 7 0
 6.590022474417204 43 42 0 20 28 100 7 7 0
 6.586806929813021 77 55 0 6 3 100 7 7 0
 6.494053252529264 55 47 0 9 14 100 7 7 0
 6.41226992331945 58 45 0 23 8 100 7 7 0
 6.542865723610246 46 36 0 33 22 100 7 7 0
 6.500465680415339 60 54 0 4 6 100 7 7 0
 6.533414493540485 179 183 0 39 6 100 7 7 0
 6.41267429507664 201 27 0 19 11 100 7 7 0
 6.101512067854702 86 63 0 31 25 100 7 7 0
 6.037616350928114 201 44 0 9 31 100 7 7 0
 5.940044225282658 90 95 0 47 8 100 7 7 0
 5.512915978920825 99 69 0 16 47 100 7 7 0
 5.380803976762056 201 0 0 0 0 0 0 0 0


# name: nInitialIterations
# type: scalar
50


# name: time
# type: scalar
1480.03392291069


