# Created by Octave 3.6.2, Mon May 13 20:59:25 2013 CEST <alex@desktop>
# name: packedGnn
# type: scalar struct
# ndims: 2
 1 1
# length: 10
# name: transitionNet
# type: scalar struct
# ndims: 2
 1 1
# length: 15
# name: weights1
# type: matrix
# rows: 5
# columns: 7
 -0.0689657019298114 -0.1031998591367244 0.02440783806746935 -0.114718170275948 -0.05092592685760976 -0.06702815459090146 -0.1070634230848381
 0.01550820822806945 -0.06286183207244737 -0.1157078385634999 0.03056324107958169 0.03529957756455201 -0.004945589420023697 -0.06600298106120429
 -0.1138618573795185 0.007003793026891969 0.020995920312466 0.08040453431755673 -0.104194600198517 0.1118181845295491 0.02209776758433177
 -0.1089421100971404 -0.1155263236169417 -0.09250553314420869 -0.1187611505578277 0.1228121763912699 0.09512891887239697 0.1191839074738182
 0.03864064657407468 -0.07829128812835549 0.1031869655464617 -0.07430310224894172 -0.09347369024291106 0.1224841968090052 0.03661886618413226


# name: bias1
# type: matrix
# rows: 5
# columns: 1
 0.04255989373833149
 0.06634426194518492
 -0.09551136353856753
 -0.1064849705944274
 0.02900125335718642


# name: weights2
# type: matrix
# rows: 5
# columns: 5
 -0.02761559914730884 0.005486402780982669 0.07971537568989114 -0.1422049190402488 0.09434016497704456
 -0.03721239477471396 -0.1006348822877188 -0.09338280467896948 0.07426295719347191 -0.1519900787945828
 0.04804752640331437 0.1211234061954515 0.1632643666448567 0.08165195753538905 0.1091692867291046
 -0.07481511829253441 -0.003078461468794406 -0.05939992826816537 0.1581509298246053 -0.1093391250327091
 -0.0282824650785979 -0.07033699997639763 -0.0007143143287619927 0.05911648672501598 -0.01932680477873711


# name: bias2
# type: matrix
# rows: 5
# columns: 1
 -0.01247328978344866
 0.00855041831447915
 -0.1610941614632566
 0.02915066304667572
 -0.06202423248716732


# name: nInputLines
# type: scalar
7


# name: nHiddenNeurons
# type: scalar
5


# name: nOutputNeurons
# type: scalar
5


# name: nWeights
# type: scalar
70


# name: outputFun
# type: sq_string
# elements: 1
# length: 6
tansig


# name: activation1
# type: matrix
# rows: 0
# columns: 0


# name: activationderivative1
# type: matrix
# rows: 0
# columns: 0


# name: activation2ndderivative1
# type: matrix
# rows: 0
# columns: 0


# name: activation2
# type: matrix
# rows: 0
# columns: 0


# name: activationderivative2
# type: matrix
# rows: 0
# columns: 0


# name: activation2ndderivative2
# type: matrix
# rows: 0
# columns: 0




# name: outputNet
# type: scalar struct
# ndims: 2
 1 1
# length: 15
# name: weights1
# type: matrix
# rows: 5
# columns: 5
 -0.003895351754865917 -0.02059997561325618 -0.02267320749910283 0.00927287095612872 -0.03225682715170845
 0.02189773084546535 -0.02411472045766868 0.01043384032583785 -0.009685251962956113 -0.01079174709036114
 0.01024114188589096 0.02836128045681157 0.02983904307581162 0.02336138103235671 0.001818494323422537
 0.01591977308937806 0.02604365488795545 0.02888457380195182 0.006364323344738658 0.02880030761938601
 -0.01295262389216518 0.003999843869862399 0.009503391109871284 0.003592214224556822 -0.004613389897821773


# name: bias1
# type: matrix
# rows: 5
# columns: 1
 0.06261855814002933
 -0.08955180563086194
 0.06141366006238665
 -0.1555915511790873
 0.1071007767592295


# name: weights2
# type: matrix
# rows: 1
# columns: 5
 0.1396200013191966 0.1647917690246955 -0.07838782666187795 -0.0457414368781557 -0.0415855542796984


# name: bias2
# type: scalar
-0.0004361945005268801


# name: nInputLines
# type: scalar
5


# name: nHiddenNeurons
# type: scalar
5


# name: nOutputNeurons
# type: scalar
1


# name: nWeights
# type: scalar
36


# name: outputFun
# type: sq_string
# elements: 1
# length: 6
tansig


# name: activation1
# type: matrix
# rows: 0
# columns: 0


# name: activationderivative1
# type: matrix
# rows: 0
# columns: 0


# name: activation2ndderivative1
# type: matrix
# rows: 0
# columns: 0


# name: activation2
# type: matrix
# rows: 0
# columns: 0


# name: activationderivative2
# type: matrix
# rows: 0
# columns: 0


# name: activation2ndderivative2
# type: matrix
# rows: 0
# columns: 0




# name: maxIndegree
# type: scalar
5


# name: stateSize
# type: scalar
5


# name: nodeLabelSize
# type: scalar
1


# name: edgeLabelSize
# type: scalar
1


# name: minStateDiff
# type: scalar
1e-08


# name: minErrorAccDiff
# type: scalar
1e-08


# name: contractionConstant
# type: scalar
0.9


# name: nWeights
# type: scalar
106




# name: trainStats
# type: matrix
# rows: 51
# columns: 10
 7.746572382708276 12 8 0 0 0 100 7 7 0
 7.720518016605432 18 13 1 39 58 70 81 51 1329
 8.071527887418267 32 27 1 29 31 66 99 64 225
 7.728966782138918 16 10 0 30 31 100 7 7 0
 7.821180406683551 14 7 0 21 58 100 7 7 0
 7.763093705746807 76 38 1 31 17 43 100 43 2268
 7.725221089699279 25 16 0 24 44 100 7 7 0
 7.713645555111582 11 6 0 53 19 100 7 7 0
 7.690028483144941 10 5 0 14 39 100 7 7 0
 7.619658728820784 10 6 0 3 33 100 7 7 0
 7.532123846036021 12 8 0 40 17 100 7 7 0
 7.423310426040056 17 11 1 24 28 90 71 61 62
 7.335853103223271 20 14 0 37 6 100 7 7 0
 7.126650360010171 12 7 1 30 39 93 63 56 174
 7.355895951887701 21 13 1 36 50 99 49 47 4
 7.194342843395234 17 10 1 14 8 86 56 41 175
 7.050430549719132 13 7 1 34 19 83 51 34 693
 7.038837213785817 14 8 1 10 25 89 53 41 25
 7.16917924755679 15 10 1 44 50 97 59 56 20
 7.051167987034586 14 10 1 9 19 91 69 60 438
 7.017232774264611 16 12 1 11 0 76 71 47 522
 7.050349411375054 16 12 1 17 6 80 73 53 425
 6.97706154422187 17 14 1 19 8 86 67 53 263
 6.963932136114041 20 16 1 20 0 80 76 56 996
 6.958576644893592 17 12 1 16 33 91 57 49 39
 6.946358192666037 23 16 1 41 25 97 60 57 85
 6.913578138416303 26 18 1 11 50 89 61 50 938
 6.867646490379861 12 9 0 21 6 100 7 7 0
 7.017553985817351 16 14 0 26 19 100 7 7 0
 7.123758470030598 18 14 0 16 39 100 7 7 0
 7.368148557298062 17 13 0 16 36 100 7 7 0
 7.537791266897115 49 41 0 7 11 100 7 7 0
 7.113145925695187 21 19 1 36 58 89 64 53 47
 7.080156725776744 36 27 1 11 8 76 69 44 420
 7.041438032944715 23 15 0 16 14 100 7 7 0
 7.021183775438351 23 14 1 4 3 96 59 54 40
 7.005032145130886 31 29 1 10 25 89 67 56 336
 6.976715047367035 33 29 1 17 14 80 74 54 1090
 6.895336872747706 33 32 1 1 8 83 83 66 486
 6.836862262490675 45 44 1 11 3 81 74 56 255
 6.657473994436709 201 85 1 9 19 74 77 51 360
 6.536997338821592 35 36 1 44 36 99 66 64 39
 6.085614936636357 16 11 1 17 28 100 61 61 220
 6.313292332694899 104 102 1 26 25 81 69 50 1589
 6.663906372055544 201 45 1 19 19 91 50 41 146
 6.023276802907564 157 124 1 17 22 90 61 51 206
 6.109192760858078 201 201 1 14 3 81 71 53 1054
 6.076486744666104 201 63 1 13 11 84 69 53 276
 6.011273690103336 201 201 1 23 11 91 57 49 493
 6.215481059227834 201 107 1 24 31 83 70 53 659
 6.269398497611128 201 0 0 0 0 0 0 0 0


# name: nInitialIterations
# type: scalar
50


# name: time
# type: scalar
920.6561961174011


