# Created by Octave 3.6.2, Tue May 14 01:07:32 2013 CEST <alex@desktop>
# name: packedGnn
# type: scalar struct
# ndims: 2
 1 1
# length: 10
# name: transitionNet
# type: scalar struct
# ndims: 2
 1 1
# length: 15
# name: weights1
# type: matrix
# rows: 5
# columns: 7
 0.0155409764887606 0.01627096422878768 0.05956837417968203 -0.09303978111315676 -0.1135120414150301 -0.0280641695332723 -0.02076429270800349
 0.03158855766489818 -0.02388320129318074 0.07676806084504514 -0.1112865129413237 -0.1072244705558443 0.04039953013124006 0.06195684392488895
 0.02467752493208514 0.06646814038574395 0.1089425557271719 0.1001813178275344 0.01337186221779207 0.1025712040530861 0.1183749938908959
 0.04927232005974586 -0.07045620844109744 0.031838558430551 -0.02811791330060646 -0.1179946585478873 -0.01442404156657422 -0.02863545375248545
 0.09250422851998227 -0.004743383378896307 -0.02612710514465334 0.09193137435580084 -0.09969199408039743 0.07559827793651711 0.03199716383943874


# name: bias1
# type: matrix
# rows: 5
# columns: 1
 0.05284812129354957
 -0.1057217185588979
 5.214605179018617e-05
 -0.01564672269900476
 0.08935672910087711


# name: weights2
# type: matrix
# rows: 5
# columns: 5
 -0.1081897602926119 0.04315298587149952 -0.142158999003928 0.164081470373582 0.03916706913811363
 0.1621075352933453 -0.09396663362650569 0.1603939338942527 0.03674033725986629 -0.09636565563655129
 0.0002752361355406648 -0.0370838153863414 -0.109178707913445 -0.1042071019753947 -0.166167079009006
 -0.03528908426020929 -0.04613616151525607 -0.02733920026881526 -0.1630732495743468 -0.1278364280700184
 0.008805078944465658 0.09674738990974285 0.05421884754370376 0.04736270241434629 -0.1152100434342594


# name: bias2
# type: matrix
# rows: 5
# columns: 1
 0.06658380404115265
 0.08518679195919487
 -0.001391373585807598
 0.008661174563885229
 -0.01940170201512035


# name: nInputLines
# type: scalar
7


# name: nHiddenNeurons
# type: scalar
5


# name: nOutputNeurons
# type: scalar
5


# name: nWeights
# type: scalar
70


# name: outputFun
# type: sq_string
# elements: 1
# length: 6
tansig


# name: activation1
# type: matrix
# rows: 0
# columns: 0


# name: activationderivative1
# type: matrix
# rows: 0
# columns: 0


# name: activation2ndderivative1
# type: matrix
# rows: 0
# columns: 0


# name: activation2
# type: matrix
# rows: 0
# columns: 0


# name: activationderivative2
# type: matrix
# rows: 0
# columns: 0


# name: activation2ndderivative2
# type: matrix
# rows: 0
# columns: 0




# name: outputNet
# type: scalar struct
# ndims: 2
 1 1
# length: 15
# name: weights1
# type: matrix
# rows: 5
# columns: 5
 -0.006867714794110809 -0.01138914976629738 0.0287575148986187 0.02978656519872254 -0.005519044855965457
 0.002808483497686543 -0.007472676951247615 -0.02053402445808999 -0.02340616037007597 -0.009213135943609689
 0.02844554566723594 0.004971738541749838 -0.004933322413371384 0.020050766800762 -0.01162473098725282
 0.008494410538092049 0.00594075991274691 -0.01336704167155531 -0.01749391267199129 -0.01175243185890423
 0.001673112690399796 0.01518421362281185 -0.0288616744895018 -0.01673196236383626 -0.008848019686840337


# name: bias1
# type: matrix
# rows: 5
# columns: 1
 -0.05003653579001664
 -0.07067853163693166
 -0.09790724670125729
 -0.1159993102879655
 0.08733654444566445


# name: weights2
# type: matrix
# rows: 1
# columns: 5
 0.05555155371155707 0.03796726232291018 0.05074607657436122 0.07793041226705906 0.08524963995094685


# name: bias2
# type: scalar
0.0608353910665724


# name: nInputLines
# type: scalar
5


# name: nHiddenNeurons
# type: scalar
5


# name: nOutputNeurons
# type: scalar
1


# name: nWeights
# type: scalar
36


# name: outputFun
# type: sq_string
# elements: 1
# length: 6
tansig


# name: activation1
# type: matrix
# rows: 0
# columns: 0


# name: activationderivative1
# type: matrix
# rows: 0
# columns: 0


# name: activation2ndderivative1
# type: matrix
# rows: 0
# columns: 0


# name: activation2
# type: matrix
# rows: 0
# columns: 0


# name: activationderivative2
# type: matrix
# rows: 0
# columns: 0


# name: activation2ndderivative2
# type: matrix
# rows: 0
# columns: 0




# name: maxIndegree
# type: scalar
5


# name: stateSize
# type: scalar
5


# name: nodeLabelSize
# type: scalar
1


# name: edgeLabelSize
# type: scalar
1


# name: minStateDiff
# type: scalar
1e-08


# name: minErrorAccDiff
# type: scalar
1e-08


# name: contractionConstant
# type: scalar
0.9


# name: nWeights
# type: scalar
106




# name: trainStats
# type: matrix
# rows: 51
# columns: 10
 7.717373745728572 11 6 0 0 0 100 7 7 0
 7.74426271217451 18 11 0 36 50 100 7 7 0
 8.541201759959364 11 7 0 39 39 100 7 7 0
 7.716622498904831 18 12 0 30 47 100 7 7 0
 7.83107253679932 16 10 0 43 42 100 7 7 0
 7.675461443057147 16 12 0 9 58 100 7 7 0
 7.669790014440462 13 10 0 16 28 100 7 7 0
 7.625342745062934 13 10 0 40 39 100 7 7 0
 7.434392557758986 18 16 0 13 17 100 7 7 0
 7.308553601421526 18 16 0 26 19 100 7 7 0
 7.083428245997878 22 18 0 19 3 100 7 7 0
 7.249861547223176 88 79 1 24 47 76 79 54 73
 7.161753996373424 43 41 1 31 3 60 99 59 1586
 7.058094730055117 38 36 0 20 28 100 7 7 0
 7.342330397334231 39 33 1 13 22 100 44 44 1
 7.541059701139902 19 15 0 7 14 100 7 7 0
 7.792262350375117 23 18 1 49 36 77 64 41 1543805
 7.639182813278623 45 26 1 9 25 91 63 54 1099
 7.597315126616307 201 201 1 27 31 76 69 44 645
 7.542820384326038 28 18 1 23 22 93 64 57 26
 7.618579277105567 51 38 1 33 22 81 61 43 116
 7.635684605794438 69 33 1 24 17 56 84 40 1433
 7.626396656798877 91 55 1 27 31 57 79 36 1065
 7.648278423044905 37 23 1 21 6 69 77 46 1826
 7.608489282903746 54 41 1 27 33 47 93 40 1281
 7.563806104994944 67 63 1 17 22 54 96 50 117795
 7.565971320027258 49 24 1 21 6 53 96 49 4066
 7.541366234785105 84 67 1 24 58 59 87 46 5696
 7.513715830764297 201 201 1 26 11 84 73 57 125182
 7.499802491792762 38 25 1 20 6 59 84 43 1384
 7.585896224405786 36 42 1 26 22 74 81 56 3181
 7.552477647399175 201 33 1 19 67 64 90 54 69122
 7.439560726324492 201 201 1 13 8 60 89 49 117128
 7.340121006952977 201 54 1 11 17 70 91 61 59271
 6.928676542297645 201 64 1 17 19 71 84 56 53744
 7.012448495407472 201 48 1 21 19 70 87 57 22899
 7.054599715288511 201 201 1 20 8 67 84 51 69239
 7.147909771362204 201 201 1 26 6 90 60 50 1979
 7.221753298466994 201 201 1 37 14 93 46 39 569
 7.511528394261181 201 119 1 27 33 84 76 60 27051
 7.363816113624286 201 201 1 29 3 93 53 46 3430
 7.174572763135454 201 201 1 16 17 94 51 46 109
 7.261633095814585 201 153 1 41 25 76 71 47 23182
 7.132898310853739 201 201 1 19 8 89 71 60 18420
 7.044636494074918 201 201 1 21 6 90 63 53 2709
 7.423271692499136 201 201 1 23 61 93 50 43 1737
 7.341894236666333 201 201 1 4 6 91 51 43 64
 7.253702725535036 201 67 1 31 25 79 77 56 3561
 7.524674870231087 201 201 1 23 36 81 63 44 30022
 7.363219673789614 201 79 1 19 3 80 74 54 111
 7.33119326027676 201 0 0 0 0 0 0 0 0


# name: nInitialIterations
# type: scalar
50


# name: time
# type: scalar
1773.911935091019


