# Created by Octave 3.6.2, Wed May 15 01:59:53 2013 CEST <alex@desktop>
# name: packedGnns
# type: cell
# rows: 1
# columns: 5
# name: <cell-element>
# type: scalar struct
# ndims: 2
 1 1
# length: 14
# name: transitionNet
# type: scalar struct
# ndims: 2
 1 1
# length: 15
# name: weights1
# type: matrix
# rows: 5
# columns: 7
 -0.2204882049024002 1.164693141486857 -0.1676511415210945 -0.2366908831205396 -0.1001527958053377 -0.1020544843761826 -0.4551701537979636
 1.254303630997773 2.112473871393585 0.09289584045311371 -0.3007356772314903 0.008870280818839277 -0.2208583125600415 0.1903742070249505
 0.5135707734062072 -0.02033235434753632 0.6361204480462406 0.05030015497416793 0.1196081854103342 0.04536785356644326 0.2143432620990096
 0.1997285965128503 0.006865356968477121 -0.2264318553303238 0.04088505948957883 -0.3491422063102946 0.0918870309307301 0.2112965012133343
 -0.03266602365691473 -0.0005586477901510095 -3.543676343672295 -0.1057636979041792 -1.532509995605496 -0.8959690107399045 -0.05245604437238066


# name: bias1
# type: matrix
# rows: 5
# columns: 1
 0.1844409551307369
 0.1368197088278273
 -0.6776860331019486
 0.5017069456896565
 0.07040743122413136


# name: weights2
# type: matrix
# rows: 5
# columns: 5
 -0.3982493581334653 -0.2116307263993008 -0.05949218863405192 0.3700322093233422 0.1037295385252671
 -0.4406627483299726 0.3678312787533909 -0.06489717333482856 0.7213409856437766 0.7170464739958241
 -0.1231617731203649 0.09741036085928879 0.01534369776647303 0.6730603559687128 0.1086237511972687
 -0.02463621433710387 0.1896139838507971 -0.1665742052347765 0.5036613066077663 0.3809175612547639
 -1.288671076104753 0.3961649391967257 1.044823354358721 0.2178287847614743 -0.06936082275587713


# name: bias2
# type: matrix
# rows: 5
# columns: 1
 0.1827056904524619
 0.1060312252996931
 0.1373021926420416
 0.3886766274095773
 -0.2089760357137749


# name: nInputLines
# type: scalar
7


# name: nHiddenNeurons
# type: scalar
5


# name: nOutputNeurons
# type: scalar
5


# name: nWeights
# type: scalar
70


# name: outputFun
# type: sq_string
# elements: 1
# length: 6
tansig


# name: activation1
# type: matrix
# rows: 0
# columns: 0


# name: activationderivative1
# type: matrix
# rows: 0
# columns: 0


# name: activation2ndderivative1
# type: matrix
# rows: 0
# columns: 0


# name: activation2
# type: matrix
# rows: 0
# columns: 0


# name: activationderivative2
# type: matrix
# rows: 0
# columns: 0


# name: activation2ndderivative2
# type: matrix
# rows: 0
# columns: 0




# name: outputNet
# type: scalar struct
# ndims: 2
 1 1
# length: 15
# name: weights1
# type: matrix
# rows: 5
# columns: 5
 -1.626182969114373 0.08461295488769141 1.226619459352236 0.1048248502229455 0.2051733309019035
 -0.1639389260104621 -0.06776853306220834 -0.03891200121752156 3.207989717452258 -0.01172423703205136
 0.635601320509123 0.06253818045366483 0.7779919405103907 0.1482162323913718 -0.2088990318947758
 -0.006520197688817109 -0.01213122603084459 -0.115802584848996 0.6007282484085802 -0.03739909056404804
 1.20330700867178 -0.1294114543791617 -1.21491581525818 0.08171468266982521 -0.08200905502750382


# name: bias1
# type: matrix
# rows: 5
# columns: 1
 1.392549138571308
 -0.7875662027243199
 -0.639234618281558
 0.1556802788460815
 -1.112555526140514


# name: weights2
# type: matrix
# rows: 1
# columns: 5
 -0.2534324820910709 0.041775830770945 0.3974433802783759 0.2081315845866069 0.5534746267310811


# name: bias2
# type: scalar
0.08482715846916981


# name: nInputLines
# type: scalar
5


# name: nHiddenNeurons
# type: scalar
5


# name: nOutputNeurons
# type: scalar
1


# name: nWeights
# type: scalar
36


# name: outputFun
# type: sq_string
# elements: 1
# length: 6
tansig


# name: activation1
# type: matrix
# rows: 0
# columns: 0


# name: activationderivative1
# type: matrix
# rows: 0
# columns: 0


# name: activation2ndderivative1
# type: matrix
# rows: 0
# columns: 0


# name: activation2
# type: matrix
# rows: 0
# columns: 0


# name: activationderivative2
# type: matrix
# rows: 0
# columns: 0


# name: activation2ndderivative2
# type: matrix
# rows: 0
# columns: 0




# name: maxIndegree
# type: scalar
5


# name: stateSize
# type: scalar
5


# name: nodeLabelSize
# type: scalar
1


# name: edgeLabelSize
# type: scalar
1


# name: minStateDiff
# type: scalar
1e-08


# name: minErrorAccDiff
# type: scalar
1e-08


# name: contractionConstant
# type: scalar
0.9


# name: nWeights
# type: scalar
106


# name: nodeLabelMeans
# type: scalar
4.540492598804657


# name: nodeLabelStds
# type: scalar
3.965839626980314


# name: edgeLabelMeans
# type: scalar
0


# name: edgeLabelStds
# type: scalar
1





# name: <cell-element>
# type: scalar struct
# ndims: 2
 1 1
# length: 14
# name: transitionNet
# type: scalar struct
# ndims: 2
 1 1
# length: 15
# name: weights1
# type: matrix
# rows: 5
# columns: 7
 -0.865142315646698 0.08494914148685689 0.1389312079388701 -0.1053845403578075 0.414014534883326 0.1344531970011917 0.1133957358504355
 0.5544764656452731 0.00256539139358497 -0.231449783310827 -0.1872835473727569 0.02690720535556398 -0.2506386052757275 -0.2598177004158044
 0.2182459198342579 -0.02033235434753632 0.4605155613321976 0.5761083972793996 0.2137345495084059 1.52396219617788 -0.8024404681013658
 -0.07505695623576868 0.006865356968477121 -0.02547984942428828 -0.03855874363280901 -0.2372360636394762 -0.6626631301762209 -0.001600611710449301
 4.797708401468919 -28.33089127514375 -0.1191395919605628 0.005023685213827051 -0.2234811491938286 -0.2695092884006832 -0.3095921706201076


# name: bias1
# type: matrix
# rows: 5
# columns: 1
 -0.002879343896637516
 0.09440426555532243
 -0.2785139897913603
 0.1937783859416882
 0.1308218396754172


# name: weights2
# type: matrix
# rows: 5
# columns: 5
 -0.4306931263832947 -0.1090075417119173 -0.1144072064375297 0.2918930088340098 0.02285876218162061
 -0.2166160044437604 -0.06812323006590562 76.87159773546335 0.2123091556718415 -0.01483272671513525
 3.520884596140538 7.552572067290732 0.3976808368988777 0.01733770314589949 -1.291434334359539
 -0.2570240011534001 0.2989471737087288 4.938036392343813 1.772029735709734 -4.81810445424619
 -0.03850222296320667 0.02896835183660006 -1.284048138176796 0.5192090557107797 0.1107235745884763


# name: bias2
# type: matrix
# rows: 5
# columns: 1
 20.26414999911363
 6.56018366594493
 -0.9451712541172268
 0.1352658739272989
 1.107374648885152


# name: nInputLines
# type: scalar
7


# name: nHiddenNeurons
# type: scalar
5


# name: nOutputNeurons
# type: scalar
5


# name: nWeights
# type: scalar
70


# name: outputFun
# type: sq_string
# elements: 1
# length: 6
tansig


# name: activation1
# type: matrix
# rows: 0
# columns: 0


# name: activationderivative1
# type: matrix
# rows: 0
# columns: 0


# name: activation2ndderivative1
# type: matrix
# rows: 0
# columns: 0


# name: activation2
# type: matrix
# rows: 0
# columns: 0


# name: activationderivative2
# type: matrix
# rows: 0
# columns: 0


# name: activation2ndderivative2
# type: matrix
# rows: 0
# columns: 0




# name: outputNet
# type: scalar struct
# ndims: 2
 1 1
# length: 15
# name: weights1
# type: matrix
# rows: 5
# columns: 5
 -0.3880373475889247 0.4725285234956824 0.5386709336350667 -0.3454787425829429 2.052274317305148
 -0.2803871767716883 -0.02239563589662383 0.03298717831671263 0.6893446565347623 0.3247327076940145
 -0.2152817938694904 -0.03288656485234726 0.02814122760869035 0.5772654755947826 0.4300616972791511
 -0.1337627007348603 -0.04691821501498003 0.001847090197694593 0.4509022963200927 0.2779470559302765
 0.07926337227556254 0.03033469336617624 -0.001989513247596986 -0.2146191007581537 -0.1223793808845096


# name: bias1
# type: matrix
# rows: 5
# columns: 1
 -0.2056706455145929
 -1.184078301960964
 -1.240241243775663
 -1.278276882424833
 -0.2213396129005073


