# Created by Octave 3.6.2, Tue May 14 00:11:33 2013 CEST <alex@desktop>
# name: packedGnn
# type: scalar struct
# ndims: 2
 1 1
# length: 10
# name: transitionNet
# type: scalar struct
# ndims: 2
 1 1
# length: 15
# name: weights1
# type: matrix
# rows: 5
# columns: 7
 -0.01095639310940714 0.07959252264677524 0.102771591567801 0.001366734483607052 -0.1225537118996746 -0.0321987196411871 0.1188431618692861
 -0.08690843484553025 0.105673073283319 0.08422096417766106 -0.06666596781411484 -0.09203757360404936 0.1002679073271679 0.002977940914363347
 0.03850267937590743 -0.002617123357331066 -0.01710674854632098 0.1004017074343004 -0.08427078420563842 0.08140249153498044 0.08137076811360974
 -0.04645217199443698 0.07021222375004976 -0.0616928836877418 -0.09298404459259692 0.04705524185946247 0.05443072145630143 0.0354485867750032
 0.007868523719431558 -0.06067791443617428 0.07696797526356958 -0.1115136063815101 0.004628164434120674 0.1181586654904482 0.08954528006276846


# name: bias1
# type: matrix
# rows: 5
# columns: 1
 -0.04162073716149166
 -0.1215078139107004
 0.08111733110292496
 0.06464773697349863
 0.06645697041451654


# name: weights2
# type: matrix
# rows: 5
# columns: 5
 -0.02631341184301178 0.06431026401554236 -0.01394876078766055 0.1155875922649112 -0.05722164721899668
 0.08324423722469872 -0.149703318293192 0.05379070269368905 -0.05872891486189533 -0.009994824756894227
 0.1641793635587765 0.1311388922697521 -0.05174912914755805 -0.05018626286528818 0.07207104616960673
 -0.1249835948757442 -0.09836324241958078 0.1082730550115801 0.0928508159912091 0.05622407258944695
 -0.1647642569182423 -0.007759157229052904 -0.1510513086628285 -0.01265282391360628 0.02422738636117324


# name: bias2
# type: matrix
# rows: 5
# columns: 1
 0.02470814699822643
 -0.02724277921993325
 -0.08866955449595594
 0.004011376298080349
 -0.02941349250988092


# name: nInputLines
# type: scalar
7


# name: nHiddenNeurons
# type: scalar
5


# name: nOutputNeurons
# type: scalar
5


# name: nWeights
# type: scalar
70


# name: outputFun
# type: sq_string
# elements: 1
# length: 6
tansig


# name: activation1
# type: matrix
# rows: 0
# columns: 0


# name: activationderivative1
# type: matrix
# rows: 0
# columns: 0


# name: activation2ndderivative1
# type: matrix
# rows: 0
# columns: 0


# name: activation2
# type: matrix
# rows: 0
# columns: 0


# name: activationderivative2
# type: matrix
# rows: 0
# columns: 0


# name: activation2ndderivative2
# type: matrix
# rows: 0
# columns: 0




# name: outputNet
# type: scalar struct
# ndims: 2
 1 1
# length: 15
# name: weights1
# type: matrix
# rows: 5
# columns: 5
 -0.02194835233007511 -0.008946529960964266 0.02047942648571157 0.02507582733573957 0.01865796027510185
 -0.003134149815083417 0.01127193849972309 0.00115762511026718 -0.01285203492315638 -0.004352027304773373
 0.009457802974068404 0.02644299406382831 0.02477417920482702 -0.03208429599272716 -0.03238592013480649
 -0.0268256883887031 0.009793455354820842 0.03218876149250517 -0.02785470958607691 -0.01165861237901851
 -0.01059248281929765 -0.010900625091729 0.01753400529275878 -0.007300049601674114 -0.02629662433913641


# name: bias1
# type: matrix
# rows: 5
# columns: 1
 0.1372982733620939
 -0.07530891530100586
 0.1644320655334
 -0.09129548368136241
 0.09553983601085507


# name: weights2
# type: matrix
# rows: 1
# columns: 5
 0.02399968161805122 -0.1446946716788238 0.05168820857374071 -0.0860916490910625 0.09071014758385365


# name: bias2
# type: scalar
-0.160383531839275


# name: nInputLines
# type: scalar
5


# name: nHiddenNeurons
# type: scalar
5


# name: nOutputNeurons
# type: scalar
1


# name: nWeights
# type: scalar
36


# name: outputFun
# type: sq_string
# elements: 1
# length: 6
tansig


# name: activation1
# type: matrix
# rows: 0
# columns: 0


# name: activationderivative1
# type: matrix
# rows: 0
# columns: 0


# name: activation2ndderivative1
# type: matrix
# rows: 0
# columns: 0


# name: activation2
# type: matrix
# rows: 0
# columns: 0


# name: activationderivative2
# type: matrix
# rows: 0
# columns: 0


# name: activation2ndderivative2
# type: matrix
# rows: 0
# columns: 0




# name: maxIndegree
# type: scalar
5


# name: stateSize
# type: scalar
5


# name: nodeLabelSize
# type: scalar
1


# name: edgeLabelSize
# type: scalar
1


# name: minStateDiff
# type: scalar
1e-08


# name: minErrorAccDiff
# type: scalar
1e-08


# name: contractionConstant
# type: scalar
0.9


# name: nWeights
# type: scalar
106




# name: trainStats
# type: matrix
# rows: 51
# columns: 10
 7.892568658295986 16 7 0 0 0 100 7 7 0
 7.642153953774227 19 16 0 40 42 100 7 7 0
 8.001596281338914 17 12 0 29 58 100 7 7 0
 7.794803077996467 40 27 1 37 36 39 99 37 7278
 7.616015903516054 35 29 1 24 53 63 93 56 3401
 7.685069934423785 92 63 1 31 44 43 100 43 12539
 8.047370785056764 201 12 1 33 31 93 66 59 21
 7.687757916702902 201 35 1 19 36 91 56 47 68
 7.635769557963065 55 54 1 33 50 50 93 43 2030
 7.62419743111607 25 17 0 31 36 100 7 7 0
 7.735238523722636 17 11 0 20 25 100 7 7 0
 7.604099515420537 15 10 0 41 42 100 7 7 0
 7.541415868279683 95 41 1 14 17 97 39 36 47
 7.550706599877469 201 119 1 41 31 50 94 44 1373
 7.521008217549711 201 201 1 10 19 86 61 47 178
 7.523206804904839 201 201 1 39 14 83 71 54 1674
 7.670315480777864 201 201 1 19 50 63 87 50 221
 7.539465922439282 201 201 1 24 19 90 47 37 2307
 7.579946485618519 201 146 1 36 22 86 59 44 267
 7.679917431013394 41 26 1 29 11 90 47 37 5
 7.586919178305612 201 201 1 29 58 90 63 53 240
 7.551898117980205 201 201 1 29 0 89 67 56 203
 7.758272786212349 201 201 1 27 31 81 66 47 43
 7.844397898432634 201 201 1 31 36 96 54 50 0
 7.903798281896269 201 201 1 23 6 91 46 37 24
 7.851414273229821 201 201 1 43 14 90 59 49 86
 7.934787766292528 201 201 1 26 42 91 53 44 70
 7.89547882084768 201 201 1 29 14 87 71 59 205
 7.6727957145738 201 201 1 26 6 90 54 44 44
 7.729402170610733 201 201 1 33 44 89 57 46 157
 7.875449747677544 201 201 1 31 11 90 67 57 92
 7.963001321362341 201 201 1 36 14 90 63 53 61
 7.818975848748785 201 201 1 16 22 93 71 64 47
 7.838880153574997 201 201 1 40 3 96 49 44 0
 7.69509413163462 201 201 1 30 14 91 64 56 8
 7.702614134027256 201 201 1 34 14 96 56 51 0
 7.614651359081384 201 201 1 16 11 91 67 59 13
 7.990102959903313 201 201 1 51 36 90 59 49 95
 7.617257485377963 201 201 1 24 14 94 56 50 43
 7.700616747745635 201 201 1 47 25 90 66 56 113
 7.55012690033394 201 201 1 19 17 96 54 50 0
 7.45782335619422 201 201 1 33 19 87 57 44 2094
 7.589783395074704 201 201 1 36 8 96 63 59 0
 7.553446597978922 201 201 1 24 28 96 64 60 0
 7.49104175537322 201 201 1 20 6 87 60 47 320
 7.553732704300026 201 201 1 20 36 90 51 41 28
 7.468744463326103 201 201 1 23 6 84 59 43 968
 7.476936664645811 201 201 1 27 28 96 51 47 0
 7.509872506477994 201 201 1 20 28 91 57 49 33
 7.434035687142202 201 201 1 33 28 96 54 50 0
 7.561391991561675 201 0 0 0 0 0 0 0 0


# name: nInitialIterations
# type: scalar
50


# name: time
# type: scalar
2388.87584400177


