# Created by Octave 3.6.2, Mon May 13 21:43:59 2013 CEST <alex@desktop>
# name: packedGnn
# type: scalar struct
# ndims: 2
 1 1
# length: 10
# name: transitionNet
# type: scalar struct
# ndims: 2
 1 1
# length: 15
# name: weights1
# type: matrix
# rows: 5
# columns: 7
 -0.05592431543054045 -0.08143958106003997 -0.01035613619556823 -0.06523389808323597 -0.04559830951541428 -0.02375976230795789 -0.1153254759837355
 0.09643501453907685 0.05601829786805745 -0.1019929963028909 -0.1148467348251648 0.0322504097421214 -0.1159221142491657 -0.04000500798046004
 -0.09165602642046626 -0.1114950292362704 0.005385551746274142 -0.09313673944471897 -0.1014170199518423 -0.01726008746417428 -0.06010076382599554
 -0.07692658934768425 -0.04498693479682143 0.01732912919809407 0.12061678283172 -0.1132659777875883 0.03949546779766691 0.0335102229022414
 -0.03230699022947635 -0.01327536033153952 -0.006455379428959337 -0.01251843121432751 -0.0825159131590124 0.08641154553364067 0.02995845414018705


# name: bias1
# type: matrix
# rows: 5
# columns: 1
 0.06455048388299398
 0.1028550473135437
 -0.09085047419577359
 0.007799438270375575
 -0.0009326828555770578


# name: weights2
# type: matrix
# rows: 5
# columns: 5
 0.02175005691025182 0.07515418388319643 0.1370973344335707 0.06783603378650771 0.1585363669222377
 0.05819336238457037 0.08416898293037163 0.1539107599342336 -0.09413171970079116 0.165316222044828
 0.06614423171765331 -0.1008571372593189 -0.06639630803509465 -0.1227239512040719 0.02861776330357739
 -0.08278687589637651 -0.07815240598121985 -0.1555466991770577 -0.042487474829463 0.08506263151714281
 0.1446919479563731 -0.1068952756111258 -0.1440389491310947 0.16237599540836 0.1591857663735852


# name: bias2
# type: matrix
# rows: 5
# columns: 1
 0.04103742481903509
 0.02248504154106782
 0.1523662783116549
 0.03437856980467483
 0.00431200090970459


# name: nInputLines
# type: scalar
7


# name: nHiddenNeurons
# type: scalar
5


# name: nOutputNeurons
# type: scalar
5


# name: nWeights
# type: scalar
70


# name: outputFun
# type: sq_string
# elements: 1
# length: 6
tansig


# name: activation1
# type: matrix
# rows: 0
# columns: 0


# name: activationderivative1
# type: matrix
# rows: 0
# columns: 0


# name: activation2ndderivative1
# type: matrix
# rows: 0
# columns: 0


# name: activation2
# type: matrix
# rows: 0
# columns: 0


# name: activationderivative2
# type: matrix
# rows: 0
# columns: 0


# name: activation2ndderivative2
# type: matrix
# rows: 0
# columns: 0




# name: outputNet
# type: scalar struct
# ndims: 2
 1 1
# length: 15
# name: weights1
# type: matrix
# rows: 5
# columns: 5
 0.03213916723876105 0.009449058928666321 0.0007740864558847926 -0.01218051565360997 0.01149901907353772
 -0.02715009541958457 0.03315353433935686 -0.02660541093242241 -0.003549963584748191 -0.02286498481733685
 0.01534525420680113 0.02424235122378695 0.02323670998855442 -0.003140972708145466 -0.01734205504068178
 -0.03103487099330363 -0.02984377660127401 0.0001929828501347227 -0.01726198773349629 0.02413328597588766
 0.01166693815633817 0.002462636847642896 0.009464349192058215 -0.02699005138042748 -0.02951825378953103


# name: bias1
# type: matrix
# rows: 5
# columns: 1
 -0.100973477629167
 0.1491924444369134
 0.07675259247061317
 -0.007865208285008677
 -0.01147019106991048


# name: weights2
# type: matrix
# rows: 1
# columns: 5
 0.01767305466302823 -0.02879205904303185 0.1188515659129091 -0.1376472794263827 0.002427104728656075


# name: bias2
# type: scalar
0.1275867956611669


# name: nInputLines
# type: scalar
5


# name: nHiddenNeurons
# type: scalar
5


# name: nOutputNeurons
# type: scalar
1


# name: nWeights
# type: scalar
36


# name: outputFun
# type: sq_string
# elements: 1
# length: 6
tansig


# name: activation1
# type: matrix
# rows: 0
# columns: 0


# name: activationderivative1
# type: matrix
# rows: 0
# columns: 0


# name: activation2ndderivative1
# type: matrix
# rows: 0
# columns: 0


# name: activation2
# type: matrix
# rows: 0
# columns: 0


# name: activationderivative2
# type: matrix
# rows: 0
# columns: 0


# name: activation2ndderivative2
# type: matrix
# rows: 0
# columns: 0




# name: maxIndegree
# type: scalar
5


# name: stateSize
# type: scalar
5


# name: nodeLabelSize
# type: scalar
1


# name: edgeLabelSize
# type: scalar
1


# name: minStateDiff
# type: scalar
1e-08


# name: minErrorAccDiff
# type: scalar
1e-08


# name: contractionConstant
# type: scalar
0.9


# name: nWeights
# type: scalar
106




# name: trainStats
# type: matrix
# rows: 51
# columns: 10
 7.709989555462933 11 7 0 0 0 100 7 7 0
 7.829543559186511 69 56 0 36 81 100 7 7 0
 7.732279374474011 201 201 0 23 11 100 7 7 0
 7.713876989420633 201 7 1 54 53 93 73 66 15
 7.770024489695634 201 15 0 21 33 100 7 7 0
 7.711481470307834 201 11 0 34 61 100 7 7 0
 7.735652546230773 201 11 0 40 33 100 7 7 0
 7.662133836847333 201 9 1 34 0 93 73 66 125
 7.677919145116761 201 14 1 20 64 66 90 56 329
 7.692109645273789 201 17 1 13 22 70 87 57 2304
 7.673428370680551 201 201 1 21 28 69 87 56 808
 7.649264073846176 201 201 1 33 8 59 99 57 3147
 7.617932451372345 201 201 1 10 14 66 86 51 1416
 7.602945458916706 201 201 1 41 0 91 71 63 543
 7.546777808238478 79 53 1 10 28 63 81 44 508
 7.489950231239743 201 201 1 20 3 49 93 41 2018
 7.444042427081869 201 201 1 7 14 53 89 41 2757
 7.534219093093514 201 201 1 11 36 76 76 51 877
 7.529274208408299 201 201 1 36 36 90 66 56 1852
 7.384559900295162 201 201 1 23 50 56 91 47 5424
 7.332482416052963 201 201 1 17 0 73 77 50 191
 7.319843993369226 201 201 1 17 6 64 87 51 1878
 7.455604458902286 201 201 1 29 19 99 57 56 3
 7.813841574166645 19 16 1 46 8 94 59 53 845
 7.352578948367219 201 201 1 14 14 84 77 61 43
 7.284174523019264 201 201 1 16 11 86 64 50 28
 7.173447741601868 201 201 1 37 22 96 47 43 13
 7.084449237591076 201 170 1 31 8 73 71 44 1641
 7.051858238409163 201 201 1 29 6 83 53 36 1008
 6.946257900648557 160 161 1 16 39 66 83 49 593
 6.903610977354601 125 172 1 20 11 74 69 43 55
 6.82729739623906 44 38 1 9 6 77 73 50 41
 6.749427638557323 56 50 1 6 6 79 74 53 178
 6.652369076749414 100 95 1 21 22 81 67 49 55
 6.574398879865641 201 201 1 13 22 86 56 41 235
 6.51630924742028 42 36 1 13 22 76 71 47 3111
 6.479627981120887 45 44 1 17 28 66 84 50 8869
 6.400365420333213 36 33 1 13 36 67 76 43 6655
 6.294809052676731 201 201 1 34 14 81 64 46 49
 6.297646860500244 201 201 1 21 6 79 70 49 177
 6.28961708013822 201 201 1 24 17 60 89 49 10859
 6.322113474884411 188 121 1 10 14 60 90 50 16664
 6.342830862815311 201 87 1 10 3 54 86 40 20892
 6.182988890958301 201 201 1 36 25 79 61 40 375
 6.204740311941244 62 41 1 11 61 47 96 43 91347
 6.485149465652886 201 38 1 26 3 54 96 50 8288
 6.722747124310087 201 76 1 11 8 54 100 54 2758
 6.725639725310322 201 201 1 27 44 84 73 57 1071
 6.680706682492635 201 201 1 21 14 73 71 44 1570
 6.647742296973168 201 201 1 23 22 81 67 49 1381
 6.704670357018913 201 0 0 0 0 0 0 0 0


# name: nInitialIterations
# type: scalar
50


# name: time
# type: scalar
2674.28028512001


