# Created by Octave 3.6.2, Mon May 13 23:04:10 2013 CEST <alex@desktop>
# name: packedGnn
# type: scalar struct
# ndims: 2
 1 1
# length: 10
# name: transitionNet
# type: scalar struct
# ndims: 2
 1 1
# length: 15
# name: weights1
# type: matrix
# rows: 5
# columns: 7
 -0.009033244289933948 -0.03782816029009477 0.07970918244611375 -0.008607832961444892 -0.02468723470964791 0.02772990196632466 -0.03745395230989189
 -0.01323226598749187 0.0993462875619503 0.1008359450364331 0.1083028554297413 0.1008295171815817 0.01904808741857816 0.04823928003717576
 0.004437713383799446 -0.03930845420523203 0.06987417102094917 -0.009648257095533588 0.001746439653882353 -0.07392300606568482 -0.03051946855587338
 0.04734060932876547 -0.09424591870741862 0.1128047455960793 -0.1239485948633241 0.06560808734753817 0.08361502966344192 0.04276359958518369
 -0.04179824882324666 0.103940877266613 0.09723157877963007 0.03546044174361701 -0.07730133227286683 -0.03506242586903328 0.04467829636566889


# name: bias1
# type: matrix
# rows: 5
# columns: 1
 -0.111664667566489
 -0.01426585305177429
 -0.009591596995193116
 0.04686457926636883
 -0.01361888996568163


# name: weights2
# type: matrix
# rows: 5
# columns: 5
 -0.04040464437386417 -0.1303204413718119 0.02134937634335206 0.1048094825436888 -0.1403798194955722
 0.04476411744067136 -0.1105848055438041 0.09294580355789328 0.07282368515699322 0.002371748749824265
 -0.01023431060136657 0.01025869290041899 0.1658487534005975 0.009000698545675459 0.02995938194158902
 -0.03459025603815111 -0.1274419088982114 0.1206975262755236 -0.01151222593498315 0.1256435629145685
 -0.1387083161430239 0.1563991655349388 0.1042239643073404 -0.09896506547540083 0.1023201892993596


# name: bias2
# type: matrix
# rows: 5
# columns: 1
 -0.09133893952263766
 0.08244201048304615
 -0.0890964045462246
 -0.08407727649743903
 0.04477941284261203


# name: nInputLines
# type: scalar
7


# name: nHiddenNeurons
# type: scalar
5


# name: nOutputNeurons
# type: scalar
5


# name: nWeights
# type: scalar
70


# name: outputFun
# type: sq_string
# elements: 1
# length: 6
tansig


# name: activation1
# type: matrix
# rows: 0
# columns: 0


# name: activationderivative1
# type: matrix
# rows: 0
# columns: 0


# name: activation2ndderivative1
# type: matrix
# rows: 0
# columns: 0


# name: activation2
# type: matrix
# rows: 0
# columns: 0


# name: activationderivative2
# type: matrix
# rows: 0
# columns: 0


# name: activation2ndderivative2
# type: matrix
# rows: 0
# columns: 0




# name: outputNet
# type: scalar struct
# ndims: 2
 1 1
# length: 15
# name: weights1
# type: matrix
# rows: 5
# columns: 5
 0.03182172882385155 -0.02786427718899918 -0.006427612891095824 -0.02072251816026128 -0.005493006364049868
 0.009043054227216652 -0.01273688037640519 -0.002747632044207534 0.03053361734468462 0.005650498513168204
 -0.02439185782272293 -0.006104997760366286 -0.01265414804510762 0.03080941951910737 0.01781065722441915
 0.005980787024981615 -0.01244893110156825 -0.02230501918935019 0.005154956351362738 -0.004403832417833772
 -0.007072075255286432 -0.0142729103277412 -0.01864395827601536 0.01972279543855547 -0.02877232790984629


# name: bias1
# type: matrix
# rows: 5
# columns: 1
 0.09533772859977374
 0.002706564251200527
 0.1356488465015739
 0.1647253547403314
 -0.1359767471717538


# name: weights2
# type: matrix
# rows: 1
# columns: 5
 0.129819207746412 0.1595515305856028 -0.05120849493090642 0.006096795855312457 0.132277456473572


# name: bias2
# type: scalar
0.007537138528933525


# name: nInputLines
# type: scalar
5


# name: nHiddenNeurons
# type: scalar
5


# name: nOutputNeurons
# type: scalar
1


# name: nWeights
# type: scalar
36


# name: outputFun
# type: sq_string
# elements: 1
# length: 6
tansig


# name: activation1
# type: matrix
# rows: 0
# columns: 0


# name: activationderivative1
# type: matrix
# rows: 0
# columns: 0


# name: activation2ndderivative1
# type: matrix
# rows: 0
# columns: 0


# name: activation2
# type: matrix
# rows: 0
# columns: 0


# name: activationderivative2
# type: matrix
# rows: 0
# columns: 0


# name: activation2ndderivative2
# type: matrix
# rows: 0
# columns: 0




# name: maxIndegree
# type: scalar
5


# name: stateSize
# type: scalar
5


# name: nodeLabelSize
# type: scalar
1


# name: edgeLabelSize
# type: scalar
1


# name: minStateDiff
# type: scalar
1e-08


# name: minErrorAccDiff
# type: scalar
1e-08


# name: contractionConstant
# type: scalar
0.9


# name: nWeights
# type: scalar
106




# name: trainStats
# type: matrix
# rows: 51
# columns: 10
 7.755710398364915 11 7 0 0 0 100 7 7 0
 7.791828765432728 19 13 0 50 75 100 7 7 0
 7.871115155307542 15 10 1 23 14 63 93 56 548
 7.827902725767935 23 17 1 31 72 94 54 49 6
 8.028805325200143 36 25 0 46 28 100 7 7 0
 7.724102146254394 28 21 1 23 39 71 93 64 2999
 7.676917098957432 130 99 1 30 39 63 97 60 5696
 7.683434316431142 88 69 1 29 39 56 93 49 424
 7.681263961417843 74 57 1 31 25 59 80 39 133
 7.682788112924112 201 201 1 10 19 76 79 54 1210
 7.705100576145933 75 58 1 16 50 86 66 51 151
 7.730902804178419 59 42 1 9 33 80 80 60 109
 7.674246428490732 39 29 0 17 14 100 7 7 0
 7.709769035153866 38 30 0 29 0 100 7 7 0
 7.682600243556371 201 116 1 23 14 87 74 61 99
 7.472388852423526 127 114 1 34 22 54 100 54 3856
 7.685244888081084 201 201 1 27 19 87 56 43 906
 7.814661254037973 201 201 1 10 17 84 53 37 818
 7.789705143203823 201 201 1 37 17 86 74 60 1037
 7.741132848390902 201 201 1 10 17 89 73 61 465
 7.664584643032791 201 201 1 34 8 81 76 57 1037
 7.512878164748158 201 201 1 20 44 69 84 53 6489
 7.595163665805273 201 201 1 23 6 77 73 50 92
 7.58746231359733 28 20 0 40 14 100 7 7 0
 7.556838005239162 19 11 0 11 19 100 7 7 0
 7.585226327584389 19 9 0 27 28 100 7 7 0
 7.544121422613431 22 13 0 10 6 100 7 7 0
 7.469301020420089 201 201 1 34 6 59 90 49 7501
 7.407702228813057 201 201 1 9 36 60 89 49 810
 7.450626379028358 201 201 1 43 19 89 64 53 121
 7.406726233454804 201 201 1 4 61 61 76 37 3295
 7.35211914973696 201 179 1 29 6 64 91 56 217
 7.348129950873519 201 118 1 13 6 74 86 60 3054
 7.227722527859659 201 97 1 24 47 64 79 43 4724
 7.181117554971053 201 30 1 24 3 69 89 57 72
 7.242255845627771 201 22 1 19 39 61 94 56 4482
 7.206206984529445 37 16 1 34 11 53 89 41 36415
 7.461729358434591 17 8 0 31 28 100 7 7 0
 7.331399015359271 19 9 0 29 25 100 7 7 0
 7.314404179206553 201 12 1 31 17 77 77 54 11475291
 7.470472235127824 16 8 0 23 22 100 7 7 0
 7.80068228212097 17 9 0 21 47 100 7 7 0
 7.529649975916188 201 201 1 44 3 83 64 47 9120
 7.364803515033222 31 8 0 31 61 100 7 7 0
 7.362121695198709 18 9 0 14 0 100 7 7 0
 7.63932766261257 15 8 0 46 72 100 7 7 0
 7.666663988750775 15 8 0 9 0 100 7 7 0
 7.36483848268352 201 10 0 51 53 100 7 7 0
 7.466014691569085 14 8 0 6 0 100 7 7 0
 7.516227958298237 201 10 0 26 11 100 7 7 0
 7.396353401751294 16 0 0 0 0 0 0 0 0


# name: nInitialIterations
# type: scalar
50


# name: time
# type: scalar
1772.52822804451


