# Created by Octave 3.6.2, Wed May 15 20:21:40 2013 CEST <alex@vostro-1520>
# name: gnns
# type: cell
# rows: 1
# columns: 9
# name: <cell-element>
# type: scalar struct
# ndims: 2
 1 1
# length: 4
# name: packedGnn
# type: scalar struct
# ndims: 2
 1 1
# length: 10
# name: transitionNet
# type: scalar struct
# ndims: 2
 1 1
# length: 15
# name: weights1
# type: matrix
# rows: 5
# columns: 7
 -0.02109607115287614 0.1123974760791794 -0.1011029136016639 -0.1172715493843313 0.04219135181812794 -0.06341223919662116 -0.05824620453335859
 -0.06285186348868683 0.05987383401987326 0.1152559302056891 0.07671276259370355 0.07719348682936511 0.05392210285489721 -0.03493110418188065
 0.06599516793430626 -0.009309177589726061 0.1099019005937682 0.08601025682917721 -0.05500747203536695 0.02841642997784902 -0.07778546787122205
 0.003015886671708157 0.0324102452580903 -0.05977095806908124 0.02896241687740195 -0.02159466473463829 0.03604082952185131 0.09621418101869972
 -0.06022130117229695 -0.03947382151727684 -0.1099011466108135 -0.06806283009231014 -0.06508146109265552 0.04599203025686371 0.06519171502367921


# name: bias1
# type: matrix
# rows: 5
# columns: 1
 0.01412348496344118
 -0.05135688133527451
 -0.05620333433780707
 -0.01589202478845385
 0.06103076648052946


# name: weights2
# type: matrix
# rows: 5
# columns: 5
 -0.0004878175337714175 -0.1332065646571805 0.008610378167055935 0.1443771499368551 -0.04776750332969457
 -0.04011390002835271 -0.07891988395474815 -0.1001554523824595 -0.08260040156860132 0.05262759566995293
 -0.06414820649519838 -0.1054618059677638 0.1579432460339238 0.0536702919930612 0.06004274009055144
 -0.06126695835856746 -0.00639053010563138 0.09410828752220117 -0.05145059876226312 0.03481891578847426
 -0.01348103857219661 -0.1441974705945116 0.1536893846864309 -0.05517810398998533 -0.1070957955751354


# name: bias2
# type: matrix
# rows: 5
# columns: 1
 0.1132233453044736
 0.008548186050208536
 0.1446824848190622
 -0.04231679372434144
 -0.1619158678235164


# name: nInputLines
# type: scalar
7


# name: nHiddenNeurons
# type: scalar
5


# name: nOutputNeurons
# type: scalar
5


# name: nWeights
# type: scalar
70


# name: outputFun
# type: sq_string
# elements: 1
# length: 6
tansig


# name: activation1
# type: matrix
# rows: 0
# columns: 0


# name: activationderivative1
# type: matrix
# rows: 0
# columns: 0


# name: activation2ndderivative1
# type: matrix
# rows: 0
# columns: 0


# name: activation2
# type: matrix
# rows: 0
# columns: 0


# name: activationderivative2
# type: matrix
# rows: 0
# columns: 0


# name: activation2ndderivative2
# type: matrix
# rows: 0
# columns: 0




# name: outputNet
# type: scalar struct
# ndims: 2
 1 1
# length: 15
# name: weights1
# type: matrix
# rows: 5
# columns: 5
 0.01153635165108425 0.01120204137150858 -0.01233038604623545 -0.03206673473466236 0.02697469049408156
 -0.01053347821591074 0.001544130355164549 -0.03185922104748434 0.0278732438169833 0.01491438981844174
 -0.008475073413376406 -0.02074439163092856 0.02044910872723484 -0.03087442083230294 -0.026250381668386
 0.02899049156138162 -0.02265646757604966 0.01954476550398656 0.02040443434748406 0.02899155904208807
 -0.001336519821593992 -0.01955639034655848 -0.009060181468453854 -0.03166709602455978 0.005181995108009266


# name: bias1
# type: matrix
# rows: 5
# columns: 1
 -0.1202736357924844
 0.1044638692129907
 0.008691690554905559
 0.08919461845653014
 0.06384618658201495


# name: weights2
# type: matrix
# rows: 1
# columns: 5
 0.08534580884605125 -0.03228738394737516 0.1503321473920458 0.04695704254688674 0.005982273780046121


# name: bias2
# type: scalar
0.06257024005725653


# name: nInputLines
# type: scalar
5


# name: nHiddenNeurons
# type: scalar
5


# name: nOutputNeurons
# type: scalar
1


# name: nWeights
# type: scalar
36


# name: outputFun
# type: sq_string
# elements: 1
# length: 6
tansig


# name: activation1
# type: matrix
# rows: 0
# columns: 0


# name: activationderivative1
# type: matrix
# rows: 0
# columns: 0


# name: activation2ndderivative1
# type: matrix
# rows: 0
# columns: 0


# name: activation2
# type: matrix
# rows: 0
# columns: 0


# name: activationderivative2
# type: matrix
# rows: 0
# columns: 0


# name: activation2ndderivative2
# type: matrix
# rows: 0
# columns: 0




# name: maxIndegree
# type: scalar
5


# name: stateSize
# type: scalar
5


# name: nodeLabelSize
# type: scalar
1


# name: edgeLabelSize
# type: scalar
1


# name: minStateDiff
# type: scalar
1e-08


# name: minErrorAccDiff
# type: scalar
1e-08


# name: contractionConstant
# type: scalar
0.9


# name: nWeights
# type: scalar
106




# name: trainStats
# type: matrix
# rows: 51
# columns: 10
 7.712457671946221 12 7 0 0 0 100 7 7 0
 7.866871491101316 13 10 0 39 58 100 7 7 0
 8.219716826131261 17 13 0 43 36 100 7 7 0
 7.698163615135623 12 9 0 21 36 100 7 7 0
 7.723882709453109 15 9 0 26 42 100 7 7 0
 7.796830545705073 12 9 0 17 28 100 7 7 0
 7.764349157012438 13 9 0 39 61 100 7 7 0
 7.735378786376209 11 6 0 20 36 100 7 7 0
 7.717754191347012 17 12 0 11 42 100 7 7 0
 7.69349948904009 33 23 0 20 14 100 7 7 0
 7.675444912522132 201 201 1 34 25 61 96 57 504
 7.636583725023097 201 132 1 27 6 56 93 49 8043
 7.63131298916184 134 89 1 27 47 60 97 57 1063
 7.607834252346083 144 108 1 29 14 51 99 50 107667
 7.581026615662778 55 46 1 16 19 57 97 54 14313
 7.556914159775975 16 12 0 46 22 100 7 7 0
 7.414339327951335 37 30 1 29 19 74 97 71 46758
 7.296519889616243 21 16 1 39 22 59 87 46 547
 7.243892582959901 16 11 1 7 19 86 64 50 681
 6.968897237621527 17 13 1 29 31 77 81 59 201
 7.063403629901445 15 11 1 6 42 70 77 47 129
 6.8196329171812 15 12 1 26 0 61 97 59 2776
 6.827741559141688 14 11 1 1 25 63 97 60 1449
 6.883556628054713 18 14 1 11 3 69 89 57 2098
 6.928497907808531 41 34 1 26 0 54 94 49 2197
 6.853009179047175 62 69 1 39 14 70 97 67 1492
 6.808150856816053 36 42 1 19 19 53 99 51 8591
 6.80878142434101 201 201 1 36 28 54 96 50 496
 7.318611561278493 201 179 1 27 47 73 89 61 70
 6.844509552589407 201 201 1 34 19 81 64 46 907
 6.77758296811027 201 201 1 17 11 87 73 60 480
 7.259085587661275 201 201 1 33 53 87 60 47 119
 7.700572744297285 74 98 1 23 11 50 86 36 89
 7.529387967547708 90 115 1 17 19 49 99 47 249
 7.721403379319636 201 201 1 36 25 84 69 53 24
 7.839487116370495 201 201 1 7 17 77 73 50 68
 7.765479301626055 201 32 1 46 36 63 77 40 2496
 7.823582449773975 201 201 1 6 19 84 76 60 1586
 7.827937075802703 201 41 1 19 14 61 87 49 3366
 7.888946549194753 201 13 1 7 56 59 87 46 1679
 7.759374139359239 201 13 1 7 14 63 74 37 61
 7.781632839954592 201 201 1 41 39 59 96 54 2027
 7.771143033349212 201 201 1 27 22 87 50 37 56
 7.752638746070366 201 18 1 41 0 74 81 56 1161
 7.765837598221938 201 201 1 21 3 91 59 50 119
 7.699896193730175 201 22 1 37 75 71 89 60 270
 7.671620400720117 201 24 1 0 0 57 89 46 1026
 7.668811993263064 201 11 1 4 50 74 91 66 3817
 7.706102021332624 201 170 1 4 6 73 90 63 2730
 7.705365100250054 201 135 1 9 0 71 90 61 45140
 7.675587336633524 201 0 0 0 0 0 0 0 0


# name: nInitialIterations
# type: scalar
50


# name: time
# type: scalar
1875.010443925858





# name: <cell-element>
# type: scalar struct
# ndims: 2
 1 1
# length: 4
# name: packedGnn
# type: scalar struct
# ndims: 2
 1 1
# length: 10
# name: transitionNet
# type: scalar struct
# ndims: 2
 1 1
# length: 15
