# Created by Octave 3.6.2, Wed May 15 17:17:10 2013 CEST <alex@vostro-1520>
# name: gnnstats
# type: cell
# rows: 1
# columns: 9
# name: <cell-element>
# type: matrix
# rows: 51
# columns: 10
 7.712457671946221 12 7 0 0 0 100 7 7 0
 7.866871491101316 13 10 0 39 58 100 7 7 0
 8.219716826131261 17 13 0 43 36 100 7 7 0
 7.698163615135623 12 9 0 21 36 100 7 7 0
 7.723882709453109 15 9 0 26 42 100 7 7 0
 7.796830545705073 12 9 0 17 28 100 7 7 0
 7.764349157012438 13 9 0 39 61 100 7 7 0
 7.735378786376209 11 6 0 20 36 100 7 7 0
 7.717754191347012 17 12 0 11 42 100 7 7 0
 7.69349948904009 33 23 0 20 14 100 7 7 0
 7.675444912522132 201 201 1 34 25 61 96 57 504
 7.636583725023097 201 132 1 27 6 56 93 49 8043
 7.63131298916184 134 89 1 27 47 60 97 57 1063
 7.607834252346083 144 108 1 29 14 51 99 50 107667
 7.581026615662778 55 46 1 16 19 57 97 54 14313
 7.556914159775975 16 12 0 46 22 100 7 7 0
 7.414339327951335 37 30 1 29 19 74 97 71 46758
 7.296519889616243 21 16 1 39 22 59 87 46 547
 7.243892582959901 16 11 1 7 19 86 64 50 681
 6.968897237621527 17 13 1 29 31 77 81 59 201
 7.063403629901445 15 11 1 6 42 70 77 47 129
 6.8196329171812 15 12 1 26 0 61 97 59 2776
 6.827741559141688 14 11 1 1 25 63 97 60 1449
 6.883556628054713 18 14 1 11 3 69 89 57 2098
 6.928497907808531 41 34 1 26 0 54 94 49 2197
 6.853009179047175 62 69 1 39 14 70 97 67 1492
 6.808150856816053 36 42 1 19 19 53 99 51 8591
 6.80878142434101 201 201 1 36 28 54 96 50 496
 7.318611561278493 201 179 1 27 47 73 89 61 70
 6.844509552589407 201 201 1 34 19 81 64 46 907
 6.77758296811027 201 201 1 17 11 87 73 60 480
 7.259085587661275 201 201 1 33 53 87 60 47 119
 7.700572744297285 74 98 1 23 11 50 86 36 89
 7.529387967547708 90 115 1 17 19 49 99 47 249
 7.721403379319636 201 201 1 36 25 84 69 53 24
 7.839487116370495 201 201 1 7 17 77 73 50 68
 7.765479301626055 201 32 1 46 36 63 77 40 2496
 7.823582449773975 201 201 1 6 19 84 76 60 1586
 7.827937075802703 201 41 1 19 14 61 87 49 3366
 7.888946549194753 201 13 1 7 56 59 87 46 1679
 7.759374139359239 201 13 1 7 14 63 74 37 61
 7.781632839954592 201 201 1 41 39 59 96 54 2027
 7.771143033349212 201 201 1 27 22 87 50 37 56
 7.752638746070366 201 18 1 41 0 74 81 56 1161
 7.765837598221938 201 201 1 21 3 91 59 50 119
 7.699896193730175 201 22 1 37 75 71 89 60 270
 7.671620400720117 201 24 1 0 0 57 89 46 1026
 7.668811993263064 201 11 1 4 50 74 91 66 3817
 7.706102021332624 201 170 1 4 6 73 90 63 2730
 7.705365100250054 201 135 1 9 0 71 90 61 45140
 7.675587336633524 201 0 0 0 0 0 0 0 0



# name: <cell-element>
# type: matrix
# rows: 51
# columns: 10
 7.746572382708276 12 8 0 0 0 100 7 7 0
 7.720518016605432 18 13 1 39 58 70 81 51 1329
 8.071527887418267 32 27 1 29 31 66 99 64 225
 7.728966782138918 16 10 0 30 31 100 7 7 0
 7.821180406683551 14 7 0 21 58 100 7 7 0
 7.763093705746807 76 38 1 31 17 43 100 43 2268
 7.725221089699279 25 16 0 24 44 100 7 7 0
 7.713645555111582 11 6 0 53 19 100 7 7 0
 7.690028483144941 10 5 0 14 39 100 7 7 0
 7.619658728820784 10 6 0 3 33 100 7 7 0
 7.532123846036021 12 8 0 40 17 100 7 7 0
 7.423310426040056 17 11 1 24 28 90 71 61 62
 7.335853103223271 20 14 0 37 6 100 7 7 0
 7.126650360010171 12 7 1 30 39 93 63 56 174
 7.355895951887701 21 13 1 36 50 99 49 47 4
 7.194342843395234 17 10 1 14 8 86 56 41 175
 7.050430549719132 13 7 1 34 19 83 51 34 693
 7.038837213785817 14 8 1 10 25 89 53 41 25
 7.16917924755679 15 10 1 44 50 97 59 56 20
 7.051167987034586 14 10 1 9 19 91 69 60 438
 7.017232774264611 16 12 1 11 0 76 71 47 522
 7.050349411375054 16 12 1 17 6 80 73 53 425
 6.97706154422187 17 14 1 19 8 86 67 53 263
 6.963932136114041 20 16 1 20 0 80 76 56 996
 6.958576644893592 17 12 1 16 33 91 57 49 39
 6.946358192666037 23 16 1 41 25 97 60 57 85
 6.913578138416303 26 18 1 11 50 89 61 50 938
 6.867646490379861 12 9 0 21 6 100 7 7 0
 7.017553985817351 16 14 0 26 19 100 7 7 0
 7.123758470030598 18 14 0 16 39 100 7 7 0
 7.368148557298062 17 13 0 16 36 100 7 7 0
 7.537791266897115 49 41 0 7 11 100 7 7 0
 7.113145925695187 21 19 1 36 58 89 64 53 47
 7.080156725776744 36 27 1 11 8 76 69 44 420
 7.041438032944715 23 15 0 16 14 100 7 7 0
 7.021183775438351 23 14 1 4 3 96 59 54 40
 7.005032145130886 31 29 1 10 25 89 67 56 336
 6.976715047367035 33 29 1 17 14 80 74 54 1090
 6.895336872747706 33 32 1 1 8 83 83 66 486
 6.836862262490675 45 44 1 11 3 81 74 56 255
 6.657473994436709 201 85 1 9 19 74 77 51 360
 6.536997338821592 35 36 1 44 36 99 66 64 39
 6.085614936636357 16 11 1 17 28 100 61 61 220
 6.313292332694899 104 102 1 26 25 81 69 50 1589
 6.663906372055544 201 45 1 19 19 91 50 41 146
 6.023276802907564 157 124 1 17 22 90 61 51 206
 6.109192760858078 201 201 1 14 3 81 71 53 1054
 6.076486744666104 201 63 1 13 11 84 69 53 276
 6.011273690103336 201 201 1 23 11 91 57 49 493
 6.215481059227834 201 107 1 24 31 83 70 53 659
 6.269398497611128 201 0 0 0 0 0 0 0 0



# name: <cell-element>
# type: matrix
# rows: 51
# columns: 10
 7.709989555462933 11 7 0 0 0 100 7 7 0
 7.829543559186511 69 56 0 36 81 100 7 7 0
 7.732279374474011 201 201 0 23 11 100 7 7 0
 7.713876989420633 201 7 1 54 53 93 73 66 15
 7.770024489695634 201 15 0 21 33 100 7 7 0
 7.711481470307834 201 11 0 34 61 100 7 7 0
 7.735652546230773 201 11 0 40 33 100 7 7 0
 7.662133836847333 201 9 1 34 0 93 73 66 125
 7.677919145116761 201 14 1 20 64 66 90 56 329
 7.692109645273789 201 17 1 13 22 70 87 57 2304
 7.673428370680551 201 201 1 21 28 69 87 56 808
 7.649264073846176 201 201 1 33 8 59 99 57 3147
 7.617932451372345 201 201 1 10 14 66 86 51 1416
 7.602945458916706 201 201 1 41 0 91 71 63 543
 7.546777808238478 79 53 1 10 28 63 81 44 508
 7.489950231239743 201 201 1 20 3 49 93 41 2018
 7.444042427081869 201 201 1 7 14 53 89 41 2757
 7.534219093093514 201 201 1 11 36 76 76 51 877
 7.529274208408299 201 201 1 36 36 90 66 56 1852
 7.384559900295162 201 201 1 23 50 56 91 47 5424
 7.332482416052963 201 201 1 17 0 73 77 50 191
 7.319843993369226 201 201 1 17 6 64 87 51 1878
 7.455604458902286 201 201 1 29 19 99 57 56 3
 7.813841574166645 19 16 1 46 8 94 59 53 845
 7.352578948367219 201 201 1 14 14 84 77 61 43
 7.284174523019264 201 201 1 16 11 86 64 50 28
 7.173447741601868 201 201 1 37 22 96 47 43 13
 7.084449237591076 201 170 1 31 8 73 71 44 1641
 7.051858238409163 201 201 1 29 6 83 53 36 1008
 6.946257900648557 160 161 1 16 39 66 83 49 593
 6.903610977354601 125 172 1 20 11 74 69 43 55
 6.82729739623906 44 38 1 9 6 77 73 50 41
 6.749427638557323 56 50 1 6 6 79 74 53 178
 6.652369076749414 100 95 1 21 22 81 67 49 55
 6.574398879865641 201 201 1 13 22 86 56 41 235
 6.51630924742028 42 36 1 13 22 76 71 47 3111
 6.479627981120887 45 44 1 17 28 66 84 50 8869
 6.400365420333213 36 33 1 13 36 67 76 43 6655
 6.294809052676731 201 201 1 34 14 81 64 46 49
 6.297646860500244 201 201 1 21 6 79 70 49 177
 6.28961708013822 201 201 1 24 17 60 89 49 10859
 6.322113474884411 188 121 1 10 14 60 90 50 16664
 6.342830862815311 201 87 1 10 3 54 86 40 20892
 6.182988890958301 201 201 1 36 25 79 61 40 375
 6.204740311941244 62 41 1 11 61 47 96 43 91347
 6.485149465652886 201 38 1 26 3 54 96 50 8288
 6.722747124310087 201 76 1 11 8 54 100 54 2758
 6.725639725310322 201 201 1 27 44 84 73 57 1071
 6.680706682492635 201 201 1 21 14 73 71 44 1570
 6.647742296973168 201 201 1 23 22 81 67 49 1381
 6.704670357018913 201 0 0 0 0 0 0 0 0



