# Created by Octave 3.6.4, Tue Apr 29 01:27:17 2014 CEST <alex@pasat>
# name: codes
# type: matrix
# rows: 15
# columns: 10
 0.22001644200314 -0.3398698810469983 -0.4439884232985321 0.07623437144385321 0.3073131210363949 -0.04141557510254414 0.3059336945260377 -0.1486573964886131 -0.7496241137360939 -0.06554294216776266
 -0.04906219832690665 -0.2186880662802615 -0.3101861082708894 -0.5135632423997832 0.4571805742795274 -0.0826868774219276 0.8972880109104066 0.04508912110639948 -0.2053522465404958 -0.4502600993455746
 0.1915375087298252 -0.1830524875493276 -0.2947391651877603 -0.3358407476349241 0.4880999085955544 0.06028031199104624 0.8210655664581845 0.3381771719536689 0.1055053164724213 -0.6961335038852962
 0.3534674134314309 0.07254413098956047 -0.2301128559069791 0.2370606596906586 0.6870341766897768 -0.2038937994739447 0.8251571301472883 -0.4893049469671187 -0.4737269012451698 0.4159095085445443
 0.3507093789273615 0.2199262134749296 -0.6605892271451403 -0.1755222029323601 0.7981926456510066 -0.03493353042289123 0.7936030806480175 -0.5687218200402466 -0.4515962118336507 0.5411074319576604
 -0.0572932642150082 0.4484330218438802 -0.4025460692817378 -0.8002654858305458 0.5941960510182929 0.23708135313362 0.4667628859389065 -0.3883345034711626 -0.6140832867263323 0.7531433349313201
 0.03648829303651371 0.4500908067278289 -0.3082027367879846 -0.7116203084715508 0.6433675949415978 0.08062436595760501 0.4367114073769964 -0.1220699509018726 -0.277656864087538 0.5167417172242668
 -0.2313579183674794 -0.06236375638907508 0.05890339289223184 -0.2195453187622308 0.2118858280975821 -0.5723551794056324 0.690088748460428 0.443388103489082 -0.3560464416922866 0.1772814228915599
 -0.3180573046444088 -0.06443240722679049 -0.04911415784075517 -0.4070494971727868 0.1345527755876852 -0.4543266097116962 0.7093571250811199 0.187055937606299 -0.6655212759217609 0.5280729600186358
 0.5625289211608897 0.1740588296318583 -0.1280347072868604 0.7260792460278428 0.3380922146515145 -0.5474924426237008 -0.3453175713016186 -0.5116900334725827 -0.8412288252500654 0.2759234275807311
 0.5418596697462025 0.3316272742862792 0.04466814816223857 0.4578635533790009 0.5138332431663982 -0.4722797938740275 0.4493681309973968 -0.06313240825518208 -0.1463087522231537 -0.4706133248899412
 0.3909402549187918 0.3092400650180704 -0.06434170655262396 0.292298062311808 0.5183441625395271 -0.4641166313277458 0.5244113051888364 -0.3248073378446121 -0.4821537632690617 -0.1295997031742306
 0.07117012481832019 0.1745710109977048 -0.1046110906118691 0.2582426991763836 0.1984591646725696 -0.2169244463578952 0.4198035799847209 -0.392570322653589 -0.6899460908291479 0.315270853567047
 -0.01864563197561739 0.3416968213397268 0.1600996732289975 -0.5839183408828298 0.1209912969780667 -0.047165883503839 0.8139996964036036 -0.6487001443689197 -0.07621914793980698 0.2505895825838173
 -0.1455261225102173 0.3838511831985981 0.1213541165252685 -0.6849843058959987 0.312766725116845 -0.07954051928420608 0.8685584490446985 -0.5072291762479877 0.07317209981110101 0.08602462619663641


